L 8,p 0.581700,Z 100000
/* Tamanio de cluster; Ocurrencias de cada tamaño de cluster */
1;206816
2;61904
3;41253
4;28336
5;20482
6;15917
7;12844
8;10654
9;8840
10;7714
11;6809
12;5984
13;5214
14;4661
15;4115
16;3819
17;3347
18;3187
19;2848
20;2588
21;2409
22;2110
23;1872
24;1730
25;1513
26;1353
27;1266
28;1094
29;934
30;816
31;628
32;544
33;385
34;276
35;237
36;153
37;100
38;55
39;32
40;17
41;9
42;7
43;2
44;0
45;0
46;0
47;0
48;0
49;0
50;0
51;0
52;0
53;0
54;0
55;0
56;0
57;0
58;0
59;0
60;0
61;0
62;0
63;0
64;0
