L 8,p 0.591100,Z 100000
/* Tamanio de cluster; Ocurrencias de cada tamaño de cluster */
1;195749
2;57767
3;38873
4;26680
5;19076
6;14868
7;11930
8;10053
9;8462
10;7416
11;6312
12;5573
13;4833
14;4480
15;4032
16;3508
17;3191
18;2937
19;2735
20;2460
21;2241
22;2117
23;1886
24;1738
25;1584
26;1446
27;1231
28;1127
29;959
30;820
31;714
32;552
33;439
34;356
35;230
36;156
37;125
38;80
39;41
40;26
41;10
42;7
43;2
44;1
45;0
46;0
47;0
48;0
49;0
50;0
51;0
52;0
53;0
54;0
55;0
56;0
57;0
58;0
59;0
60;0
61;0
62;0
63;0
64;0
