L 8,p 0.586300,Z 100000
/* Tamanio de cluster; Ocurrencias de cada tamaño de cluster */
1;201442
2;59518
3;39823
4;27567
5;20043
6;15540
7;12473
8;10211
9;8693
10;7566
11;6434
12;5751
13;5143
14;4619
15;4088
16;3736
17;3419
18;3000
19;2729
20;2552
21;2271
22;2166
23;1983
24;1764
25;1578
26;1375
27;1218
28;1094
29;902
30;784
31;611
32;509
33;414
34;308
35;230
36;155
37;105
38;70
39;39
40;19
41;11
42;6
43;0
44;1
45;0
46;0
47;0
48;0
49;0
50;0
51;0
52;0
53;0
54;0
55;0
56;0
57;0
58;0
59;0
60;0
61;0
62;0
63;0
64;0
