L 8,p 0.563900,Z 100000
/* Tamanio de cluster; Ocurrencias de cada tamaño de cluster */
1;227999
2;69408
3;46159
4;31808
5;23238
6;17895
7;14367
8;11950
9;9939
10;8680
11;7387
12;6546
13;5830
14;5210
15;4618
16;4118
17;3769
18;3300
19;2935
20;2745
21;2458
22;2185
23;1980
24;1706
25;1530
26;1395
27;1214
28;1019
29;847
30;675
31;520
32;400
33;354
34;236
35;181
36;90
37;77
38;44
39;18
40;15
41;4
42;2
43;3
44;0
45;0
46;0
47;0
48;0
49;0
50;0
51;0
52;0
53;0
54;0
55;0
56;0
57;0
58;0
59;0
60;0
61;0
62;0
63;0
64;0
