L 8,p 0.585200,Z 100000
/* Tamanio de cluster; Ocurrencias de cada tamaño de cluster */
1;202245
2;59980
3;40072
4;27635
5;19975
6;15675
7;12498
8;10570
9;8904
10;7494
11;6470
12;5720
13;5135
14;4505
15;4098
16;3776
17;3328
18;2982
19;2783
20;2567
21;2442
22;2094
23;1947
24;1782
25;1653
26;1425
27;1234
28;1057
29;960
30;790
31;615
32;553
33;451
34;292
35;222
36;155
37;117
38;68
39;45
40;27
41;5
42;2
43;1
44;1
45;0
46;1
47;0
48;0
49;0
50;0
51;0
52;0
53;0
54;0
55;0
56;0
57;0
58;0
59;0
60;0
61;0
62;0
63;0
64;0
