L 8,p 0.554500,Z 100000
/* Tamanio de cluster; Ocurrencias de cada tamaño de cluster */
1;240497
2;73117
3;48798
4;33453
5;24349
6;18879
7;15009
8;12541
9;10563
10;9029
11;7759
12;7008
13;6015
14;5249
15;4854
16;4128
17;3868
18;3392
19;3106
20;2755
21;2547
22;2210
23;1979
24;1728
25;1523
26;1361
27;1147
28;918
29;771
30;641
31;523
32;382
33;283
34;225
35;136
36;99
37;62
38;36
39;17
40;6
41;2
42;1
43;0
44;0
45;0
46;0
47;0
48;0
49;0
50;0
51;0
52;0
53;0
54;0
55;0
56;0
57;0
58;0
59;0
60;0
61;0
62;0
63;0
64;0
