L 8,p 0.588600,Z 100000
/* Tamanio de cluster; Ocurrencias de cada tamaño de cluster */
1;198294
2;59372
3;38898
4;26975
5;19572
6;15335
7;12178
8;10078
9;8447
10;7434
11;6268
12;5619
13;5162
14;4480
15;3932
16;3700
17;3236
18;3074
19;2814
20;2520
21;2341
22;2118
23;1854
24;1729
25;1504
26;1414
27;1253
28;1062
29;920
30;788
31;698
32;556
33;438
34;339
35;240
36;158
37;95
38;78
39;36
40;18
41;11
42;5
43;3
44;0
45;0
46;0
47;0
48;0
49;0
50;0
51;0
52;0
53;0
54;0
55;0
56;0
57;0
58;0
59;0
60;0
61;0
62;0
63;0
64;0
