L 8,p 0.591400,Z 100000
/* Tamanio de cluster; Ocurrencias de cada tamaño de cluster */
1;196086
2;57815
3;38393
4;26256
5;19266
6;14978
7;11921
8;9878
9;8490
10;7258
11;6370
12;5555
13;4905
14;4506
15;3940
16;3591
17;3222
18;3006
19;2684
20;2478
21;2292
22;2097
23;1909
24;1713
25;1550
26;1436
27;1253
28;1086
29;971
30;793
31;689
32;552
33;381
34;349
35;225
36;183
37;98
38;81
39;35
40;24
41;15
42;3
43;4
44;0
45;0
46;0
47;0
48;0
49;0
50;0
51;0
52;0
53;0
54;0
55;0
56;0
57;0
58;0
59;0
60;0
61;0
62;0
63;0
64;0
