L 8,p 0.582800,Z 100000
/* Tamanio de cluster; Ocurrencias de cada tamaño de cluster */
1;206302
2;61247
3;40826
4;27754
5;20310
6;16091
7;12743
8;10460
9;8952
10;7701
11;6830
12;5848
13;5269
14;4720
15;4167
16;3862
17;3448
18;3149
19;2791
20;2484
21;2339
22;2103
23;1962
24;1704
25;1581
26;1417
27;1300
28;1110
29;958
30;792
31;676
32;481
33;380
34;306
35;230
36;162
37;110
38;66
39;37
40;21
41;6
42;4
43;2
44;0
45;0
46;0
47;0
48;0
49;0
50;0
51;0
52;0
53;0
54;0
55;0
56;0
57;0
58;0
59;0
60;0
61;0
62;0
63;0
64;0
