L 8,p 0.571500,Z 100000
/* Tamanio de cluster; Ocurrencias de cada tamaño de cluster */
1;219312
2;65985
3;43811
4;30290
5;22242
6;17220
7;13782
8;11313
9;9491
10;8249
11;7184
12;6243
13;5593
14;4982
15;4567
16;4036
17;3584
18;3246
19;2938
20;2640
21;2398
22;2181
23;1957
24;1825
25;1574
26;1386
27;1205
28;1015
29;832
30;770
31;541
32;450
33;386
34;261
35;192
36;120
37;67
38;33
39;18
40;18
41;8
42;0
43;0
44;0
45;0
46;0
47;0
48;0
49;0
50;0
51;0
52;0
53;0
54;0
55;0
56;0
57;0
58;0
59;0
60;0
61;0
62;0
63;0
64;0
