L 8,p 0.578800,Z 100000
/* Tamanio de cluster; Ocurrencias de cada tamaño de cluster */
1;209859
2;62801
3;41666
4;28659
5;20905
6;16314
7;12806
8;10879
9;9150
10;7888
11;6826
12;6009
13;5304
14;4714
15;4112
16;3905
17;3554
18;3134
19;2914
20;2567
21;2348
22;2161
23;1939
24;1765
25;1599
26;1419
27;1242
28;1082
29;930
30;808
31;649
32;551
33;420
34;287
35;179
36;137
37;88
38;62
39;29
40;11
41;5
42;2
43;1
44;1
45;0
46;0
47;0
48;0
49;0
50;0
51;0
52;0
53;0
54;0
55;0
56;0
57;0
58;0
59;0
60;0
61;0
62;0
63;0
64;0
