L 8,p 0.590100,Z 100000
/* Tamanio de cluster; Ocurrencias de cada tamaño de cluster */
1;197277
2;57704
3;39019
4;26769
5;19570
6;15142
7;12085
8;9908
9;8677
10;7334
11;6568
12;5703
13;5090
14;4455
15;3961
16;3507
17;3274
18;2849
19;2666
20;2534
21;2270
22;2116
23;1905
24;1696
25;1571
26;1420
27;1268
28;1066
29;959
30;777
31;638
32;554
33;424
34;351
35;244
36;181
37;101
38;81
39;39
40;22
41;10
42;4
43;0
44;0
45;1
46;0
47;0
48;0
49;0
50;0
51;0
52;0
53;0
54;0
55;0
56;0
57;0
58;0
59;0
60;0
61;0
62;0
63;0
64;0
