L 8,p 0.587100,Z 100000
/* Tamanio de cluster; Ocurrencias de cada tamaño de cluster */
1;200397
2;60181
3;39408
4;27309
5;19535
6;15523
7;12430
8;10325
9;8821
10;7486
11;6505
12;5676
13;5034
14;4568
15;4258
16;3666
17;3305
18;3001
19;2831
20;2516
21;2284
22;2134
23;1917
24;1729
25;1562
26;1424
27;1306
28;1067
29;940
30;816
31;658
32;580
33;431
34;323
35;249
36;159
37;103
38;73
39;44
40;26
41;13
42;12
43;2
44;0
45;0
46;0
47;0
48;0
49;0
50;0
51;0
52;0
53;0
54;0
55;0
56;0
57;0
58;0
59;0
60;0
61;0
62;0
63;0
64;0
