L 8,p 0.587000,Z 100000
/* Tamanio de cluster; Ocurrencias de cada tamaño de cluster */
1;200464
2;59555
3;39324
4;27229
5;19845
6;15440
7;12510
8;10123
9;8582
10;7617
11;6606
12;5717
13;5115
14;4593
15;4143
16;3509
17;3312
18;2941
19;2765
20;2485
21;2304
22;2046
23;2012
24;1710
25;1509
26;1426
27;1248
28;1052
29;977
30;844
31;643
32;516
33;416
34;306
35;223
36;163
37;114
38;63
39;39
40;19
41;11
42;2
43;1
44;1
45;0
46;0
47;0
48;0
49;0
50;0
51;0
52;0
53;0
54;0
55;0
56;0
57;0
58;0
59;0
60;0
61;0
62;0
63;0
64;0
