L 8,p 0.556900,Z 100000
/* Tamanio de cluster; Ocurrencias de cada tamaño de cluster */
1;238000
2;72240
3;47986
4;33120
5;24045
6;18582
7;15198
8;12262
9;10324
10;8902
11;7750
12;6711
13;6005
14;5249
15;4665
16;4289
17;3842
18;3396
19;3088
20;2755
21;2489
22;2202
23;1940
24;1746
25;1501
26;1351
27;1101
28;932
29;798
30;665
31;537
32;401
33;326
34;211
35;149
36;98
37;57
38;37
39;16
40;6
41;2
42;3
43;0
44;0
45;0
46;1
47;0
48;0
49;0
50;0
51;0
52;0
53;0
54;0
55;0
56;0
57;0
58;0
59;0
60;0
61;0
62;0
63;0
64;0
