L 8,p 0.576400,Z 100000
/* Tamanio de cluster; Ocurrencias de cada tamaño de cluster */
1;213306
2;64059
3;42672
4;29564
5;21320
6;16395
7;13142
8;11030
9;9351
10;8092
11;6862
12;6136
13;5495
14;4956
15;4464
16;3843
17;3451
18;3220
19;2878
20;2591
21;2381
22;2101
23;1920
24;1788
25;1601
26;1354
27;1236
28;1060
29;858
30;814
31;607
32;508
33;385
34;302
35;192
36;120
37;104
38;59
39;34
40;16
41;5
42;5
43;0
44;1
45;0
46;0
47;0
48;0
49;0
50;0
51;0
52;0
53;0
54;0
55;0
56;0
57;0
58;0
59;0
60;0
61;0
62;0
63;0
64;0
