L 8,p 0.567300,Z 100000
/* Tamanio de cluster; Ocurrencias de cada tamaño de cluster */
1;225306
2;68108
3;45012
4;31299
5;22714
6;17675
7;13991
8;11689
9;9757
10;8356
11;7402
12;6401
13;5771
14;5019
15;4451
16;4089
17;3564
18;3246
19;2917
20;2705
21;2430
22;2247
23;1958
24;1784
25;1519
26;1475
27;1164
28;1020
29;887
30;695
31;545
32;455
33;330
34;260
35;157
36;127
37;81
38;42
39;24
40;13
41;2
42;3
43;0
44;0
45;0
46;0
47;0
48;0
49;0
50;0
51;0
52;0
53;0
54;0
55;0
56;0
57;0
58;0
59;0
60;0
61;0
62;0
63;0
64;0
