L 16,p 0.575800,Z 100000
/* Tamanio de cluster; Ocurrencias de cada tamaño de cluster */
1;653771
2;171825
3;109553
4;74074
5;53529
6;40563
7;32247
8;26253
9;22156
10;18870
11;16130
12;14164
13;12444
14;11221
15;10202
16;9147
17;8457
18;7668
19;7014
20;6690
21;6042
22;5580
23;5214
24;4922
25;4476
26;4268
27;4224
28;3826
29;3677
30;3495
31;3375
32;3250
33;3008
34;2797
35;2722
36;2552
37;2395
38;2381
39;2270
40;2214
41;2061
42;1969
43;1805
44;1879
45;1773
46;1765
47;1739
48;1586
49;1518
50;1472
51;1444
52;1427
53;1351
54;1283
55;1317
56;1226
57;1217
58;1208
59;1176
60;1061
61;1060
62;1045
63;1081
64;969
65;934
66;905
67;920
68;839
69;856
70;841
71;780
72;749
73;786
74;712
75;707
76;673
77;694
78;640
79;603
80;626
81;593
82;545
83;541
84;574
85;562
86;502
87;516
88;432
89;442
90;418
91;413
92;420
93;421
94;372
95;393
96;347
97;333
98;291
99;310
100;277
101;293
102;283
103;246
104;243
105;202
106;192
107;202
108;184
109;191
110;155
111;146
112;146
113;118
114;107
115;107
116;112
117;104
118;85
119;61
120;58
121;80
122;57
123;58
124;50
125;56
126;39
127;26
128;30
129;26
130;23
131;23
132;16
133;18
134;13
135;7
136;7
137;6
138;5
139;2
140;3
141;6
142;3
143;1
144;1
145;2
146;2
147;0
148;0
149;1
150;0
151;0
152;1
153;0
154;0
155;0
156;0
157;0
158;0
159;0
160;0
161;0
162;0
163;0
164;0
165;0
166;0
167;0
168;0
169;0
170;0
171;0
172;0
173;0
174;0
175;0
176;0
177;0
178;0
179;0
180;0
181;0
182;0
183;0
184;0
185;0
186;0
187;0
188;0
189;0
190;0
191;0
192;0
193;0
194;0
195;0
196;0
197;0
198;0
199;0
200;0
201;0
202;0
203;0
204;0
205;0
206;0
207;0
208;0
209;0
210;0
211;0
212;0
213;0
214;0
215;0
216;0
217;0
218;0
219;0
220;0
221;0
222;0
223;0
224;0
225;0
226;0
227;0
228;0
229;0
230;0
231;0
232;0
233;0
234;0
235;0
236;0
237;0
238;0
239;0
240;0
241;0
242;0
243;0
244;0
245;0
246;0
247;0
248;0
249;0
250;0
251;0
252;0
253;0
254;0
255;0
256;0
