L 32,p 0.589300,Z 100000
/* Tamanio de cluster; Ocurrencias de cada tamaño de cluster */
1;2038648
2;472857
3;288917
4;193992
5;136881
6;102319
7;79821
8;64522
9;53490
10;45314
11;38539
12;33548
13;29066
14;25835
15;23058
16;20794
17;18744
18;16850
19;15411
20;14191
21;13129
22;12128
23;11238
24;10590
25;9814
26;9215
27;8603
28;8058
29;7658
30;7107
31;6837
32;6531
33;6191
34;5925
35;5770
36;5419
37;5060
38;4891
39;4783
40;4461
41;4518
42;4321
43;3993
44;3898
45;3675
46;3577
47;3542
48;3400
49;3224
50;3155
51;3041
52;2799
53;2855
54;2829
55;2665
56;2626
57;2494
58;2547
59;2401
60;2374
61;2280
62;2197
63;2113
64;2063
65;2032
66;2002
67;1912
68;1945
69;1828
70;1772
71;1722
72;1723
73;1657
74;1702
75;1548
76;1574
77;1554
78;1548
79;1557
80;1482
81;1495
82;1397
83;1409
84;1395
85;1282
86;1352
87;1301
88;1268
89;1197
90;1193
91;1255
92;1166
93;1197
94;1114
95;1120
96;1135
97;1141
98;1014
99;1026
100;984
101;1044
102;988
103;1054
104;961
105;936
106;949
107;923
108;881
109;898
110;860
111;830
112;807
113;837
114;854
115;822
116;794
117;746
118;767
119;803
120;739
121;788
122;724
123;784
124;719
125;732
126;719
127;669
128;698
129;649
130;648
131;664
132;675
133;654
134;672
135;666
136;593
137;653
138;658
139;589
140;556
141;600
142;611
143;562
144;575
145;575
146;547
147;554
148;540
149;508
150;536
151;544
152;565
153;539
154;505
155;511
156;478
157;528
158;452
159;464
160;504
161;494
162;489
163;490
164;462
165;496
166;455
167;492
168;486
169;425
170;437
171;432
172;424
173;415
174;424
175;433
176;434
177;418
178;409
179;411
180;403
181;388
182;385
183;408
184;401
185;412
186;391
187;411
188;344
189;375
190;376
191;393
192;389
193;389
194;355
195;323
196;369
197;322
198;336
199;359
200;327
201;337
202;339
203;320
204;322
205;307
206;324
207;335
208;309
209;319
210;348
211;330
212;312
213;296
214;299
215;304
216;307
217;283
218;287
219;293
220;290
221;326
222;283
223;311
224;263
225;286
226;283
227;291
228;260
229;253
230;260
231;269
232;224
233;259
234;262
235;262
236;285
237;264
238;266
239;270
240;234
241;245
242;251
243;214
244;246
245;263
246;202
247;229
248;208
249;254
250;243
251;230
252;247
253;271
254;232
255;222
256;187
257;200
258;222
259;216
260;226
261;191
262;230
263;208
264;191
265;234
266;205
267;213
268;212
269;209
270;199
271;215
272;237
273;232
274;185
275;176
276;186
277;186
278;187
279;192
280;194
281;179
282;188
283;170
284;188
285;189
286;181
287;180
288;185
289;194
290;170
291;204
292;173
293;174
294;172
295;180
296;178
297;194
298;167
299;153
300;185
301;181
302;171
303;180
304;144
305;174
306;136
307;156
308;160
309;142
310;164
311;128
312;176
313;163
314;134
315;135
316;140
317;147
318;142
319;144
320;147
321;141
322;147
323;128
324;121
325;130
326;123
327;138
328;145
329;131
330;122
331;136
332;116
333;121
334;112
335;116
336;108
337;126
338;103
339;108
340;127
341;102
342;122
343;118
344;121
345;97
346;107
347;103
348;103
349;94
350;108
351;95
352;88
353;95
354;113
355;87
356;81
357;102
358;86
359;70
360;95
361;104
362;90
363;96
364;103
365;88
366;80
367;96
368;70
369;67
370;75
371;86
372;78
373;68
374;87
375;64
376;59
377;71
378;81
379;62
380;64
381;64
382;73
383;76
384;65
385;53
386;53
387;62
388;66
389;72
390;65
391;52
392;46
393;60
394;44
395;53
396;50
397;57
398;56
399;55
400;49
401;57
402;55
403;64
404;47
405;52
406;46
407;51
408;48
409;34
410;47
411;38
412;45
413;41
414;43
415;39
416;36
417;36
418;46
419;38
420;37
421;30
422;38
423;24
424;21
425;32
426;29
427;38
428;26
429;29
430;29
431;32
432;31
433;32
434;31
435;28
436;28
437;28
438;20
439;23
440;19
441;20
442;25
443;20
444;27
445;26
446;13
447;19
448;18
449;24
450;24
451;16
452;21
453;15
454;15
455;19
456;17
457;13
458;10
459;13
460;14
461;12
462;18
463;11
464;12
465;11
466;8
467;13
468;5
469;9
470;7
471;10
472;10
473;6
474;11
475;9
476;10
477;4
478;6
479;11
480;13
481;8
482;6
483;9
484;3
485;6
486;5
487;10
488;1
489;3
490;5
491;5
492;4
493;5
494;2
495;1
496;3
497;7
498;4
499;2
500;2
501;3
502;2
503;6
504;3
505;1
506;6
507;5
508;2
509;1
510;4
511;2
512;1
513;1
514;0
515;2
516;1
517;3
518;0
519;0
520;1
521;1
522;0
523;0
524;0
525;2
526;2
527;0
528;0
529;2
530;2
531;1
532;0
533;0
534;2
535;0
536;1
537;0
538;0
539;0
540;0
541;0
542;0
543;0
544;0
545;0
546;0
547;1
548;0
549;0
550;0
551;0
552;0
553;0
554;0
555;0
556;0
557;0
558;1
559;0
560;1
561;0
562;0
563;0
564;0
565;0
566;0
567;0
568;0
569;0
570;0
571;0
572;0
573;0
574;0
575;0
576;0
577;0
578;0
579;0
580;0
581;0
582;0
583;0
584;0
585;0
586;0
587;0
588;0
589;0
590;0
591;0
592;0
593;0
594;0
595;0
596;0
597;0
598;0
599;0
600;0
601;0
602;0
603;0
604;0
605;0
606;0
607;0
608;0
609;0
610;0
611;0
612;0
613;0
614;0
615;0
616;0
617;0
618;0
619;0
620;0
621;0
622;0
623;0
624;0
625;0
626;0
627;0
628;0
629;0
630;0
631;0
632;0
633;0
634;0
635;0
636;0
637;0
638;0
639;0
640;0
641;0
642;0
643;0
644;0
645;0
646;0
647;0
648;0
649;0
650;0
651;0
652;0
653;0
654;0
655;0
656;0
657;0
658;0
659;0
660;0
661;0
662;0
663;0
664;0
665;0
666;0
667;0
668;0
669;0
670;0
671;0
672;0
673;0
674;0
675;0
676;0
677;0
678;0
679;0
680;0
681;0
682;0
683;0
684;0
685;0
686;0
687;0
688;0
689;0
690;0
691;0
692;0
693;0
694;0
695;0
696;0
697;0
698;0
699;0
700;0
701;0
702;0
703;0
704;0
705;0
706;0
707;0
708;0
709;0
710;0
711;0
712;0
713;0
714;0
715;0
716;0
717;0
718;0
719;0
720;0
721;0
722;0
723;0
724;0
725;0
726;0
727;0
728;0
729;0
730;0
731;0
732;0
733;0
734;0
735;0
736;0
737;0
738;0
739;0
740;0
741;0
742;0
743;0
744;0
745;0
746;0
747;0
748;0
749;0
750;0
751;0
752;0
753;0
754;0
755;0
756;0
757;0
758;0
759;0
760;0
761;0
762;0
763;0
764;0
765;0
766;0
767;0
768;0
769;0
770;0
771;0
772;0
773;0
774;0
775;0
776;0
777;0
778;0
779;0
780;0
781;0
782;0
783;0
784;0
785;0
786;0
787;0
788;0
789;0
790;0
791;0
792;0
793;0
794;0
795;0
796;0
797;0
798;0
799;0
800;0
801;0
802;0
803;0
804;0
805;0
806;0
807;0
808;0
809;0
810;0
811;0
812;0
813;0
814;0
815;0
816;0
817;0
818;0
819;0
820;0
821;0
822;0
823;0
824;0
825;0
826;0
827;0
828;0
829;0
830;0
831;0
832;0
833;0
834;0
835;0
836;0
837;0
838;0
839;0
840;0
841;0
842;0
843;0
844;0
845;0
846;0
847;0
848;0
849;0
850;0
851;0
852;0
853;0
854;0
855;0
856;0
857;0
858;0
859;0
860;0
861;0
862;0
863;0
864;0
865;0
866;0
867;0
868;0
869;0
870;0
871;0
872;0
873;0
874;0
875;0
876;0
877;0
878;0
879;0
880;0
881;0
882;0
883;0
884;0
885;0
886;0
887;0
888;0
889;0
890;0
891;0
892;0
893;0
894;0
895;0
896;0
897;0
898;0
899;0
900;0
901;0
902;0
903;0
904;0
905;0
906;0
907;0
908;0
909;0
910;0
911;0
912;0
913;0
914;0
915;0
916;0
917;0
918;0
919;0
920;0
921;0
922;0
923;0
924;0
925;0
926;0
927;0
928;0
929;0
930;0
931;0
932;0
933;0
934;0
935;0
936;0
937;0
938;0
939;0
940;0
941;0
942;0
943;0
944;0
945;0
946;0
947;0
948;0
949;0
950;0
951;0
952;0
953;0
954;0
955;0
956;0
957;0
958;0
959;0
960;0
961;0
962;0
963;0
964;0
965;0
966;0
967;0
968;0
969;0
970;0
971;0
972;0
973;0
974;0
975;0
976;0
977;0
978;0
979;0
980;0
981;0
982;0
983;0
984;0
985;0
986;0
987;0
988;0
989;0
990;0
991;0
992;0
993;0
994;0
995;0
996;0
997;0
998;0
999;0
1000;0
1001;0
1002;0
1003;0
1004;0
1005;0
1006;0
1007;0
1008;0
1009;0
1010;0
1011;0
1012;0
1013;0
1014;0
1015;0
1016;0
1017;0
1018;0
1019;0
1020;0
1021;0
1022;0
1023;0
1024;0
