L 32,p 0.583000,Z 100000
/* Tamanio de cluster; Ocurrencias de cada tamaño de cluster */
1;2134090
2;501531
3;308170
4;208118
5;146081
6;109322
7;85724
8;69634
9;57957
10;49143
11;41672
12;36102
13;31570
14;27836
15;25011
16;22472
17;20306
18;18518
19;17122
20;15449
21;14365
22;13389
23;12418
24;11384
25;10587
26;9889
27;9536
28;9040
29;8479
30;7872
31;7539
32;7258
33;6759
34;6577
35;6237
36;5968
37;5649
38;5445
39;5182
40;5003
41;4682
42;4600
43;4462
44;4245
45;4162
46;4014
47;3857
48;3660
49;3651
50;3536
51;3265
52;3279
53;3152
54;2961
55;3050
56;2939
57;2889
58;2797
59;2683
60;2571
61;2483
62;2444
63;2372
64;2421
65;2242
66;2255
67;2225
68;2059
69;2018
70;2014
71;1956
72;1971
73;1918
74;1814
75;1763
76;1763
77;1721
78;1701
79;1696
80;1609
81;1643
82;1551
83;1540
84;1485
85;1445
86;1409
87;1369
88;1392
89;1358
90;1325
91;1286
92;1267
93;1224
94;1217
95;1177
96;1225
97;1144
98;1196
99;1158
100;1132
101;1109
102;1107
103;1055
104;1075
105;1032
106;1011
107;1013
108;1033
109;938
110;969
111;965
112;942
113;945
114;895
115;862
116;898
117;861
118;859
119;867
120;827
121;848
122;802
123;828
124;776
125;761
126;762
127;678
128;721
129;780
130;710
131;714
132;720
133;715
134;729
135;641
136;722
137;670
138;711
139;699
140;691
141;635
142;613
143;676
144;603
145;617
146;619
147;625
148;577
149;631
150;568
151;593
152;554
153;591
154;528
155;618
156;539
157;525
158;583
159;530
160;524
161;549
162;520
163;501
164;548
165;512
166;450
167;524
168;494
169;532
170;478
171;460
172;435
173;494
174;434
175;430
176;423
177;432
178;455
179;463
180;423
181;415
182;436
183;430
184;406
185;427
186;441
187;451
188;393
189;370
190;390
191;416
192;422
193;366
194;383
195;397
196;367
197;351
198;345
199;376
200;371
201;377
202;386
203;365
204;367
205;353
206;364
207;327
208;363
209;355
210;365
211;310
212;315
213;354
214;294
215;305
216;352
217;304
218;312
219;338
220;323
221;343
222;293
223;320
224;294
225;315
226;279
227;283
228;290
229;283
230;259
231;302
232;276
233;301
234;279
235;284
236;266
237;282
238;256
239;265
240;247
241;291
242;250
243;228
244;260
245;274
246;244
247;238
248;251
249;225
250;250
251;255
252;243
253;225
254;232
255;238
256;238
257;258
258;238
259;202
260;241
261;201
262;235
263;231
264;228
265;211
266;211
267;213
268;174
269;227
270;202
271;218
272;202
273;192
274;208
275;203
276;181
277;168
278;185
279;195
280;191
281;202
282;190
283;180
284;175
285;178
286;184
287;174
288;196
289;176
290;172
291;167
292;168
293;186
294;190
295;193
296;160
297;160
298;162
299;143
300;144
301;171
302;162
303;150
304;130
305;154
306;138
307;123
308;155
309;155
310;138
311;156
312;157
313;135
314;131
315;140
316;177
317;147
318;142
319;139
320;139
321;138
322;126
323;127
324;120
325;137
326;112
327;120
328;112
329;111
330;119
331;118
332;102
333;130
334;124
335;108
336;100
337;109
338;127
339;105
340;115
341;94
342;96
343;109
344;78
345;88
346;88
347;81
348;95
349;106
350;82
351;89
352;85
353;92
354;100
355;82
356;88
357;93
358;89
359;69
360;89
361;65
362;77
363;83
364;74
365;73
366;67
367;78
368;70
369;63
370;69
371;69
372;65
373;70
374;51
375;56
376;54
377;62
378;57
379;72
380;67
381;60
382;61
383;59
384;63
385;56
386;58
387;56
388;49
389;53
390;49
391;55
392;52
393;61
394;50
395;51
396;51
397;61
398;39
399;35
400;48
401;49
402;39
403;30
404;39
405;34
406;38
407;28
408;35
409;31
410;28
411;38
412;40
413;39
414;41
415;30
416;37
417;41
418;32
419;23
420;37
421;24
422;18
423;24
424;22
425;23
426;25
427;22
428;29
429;12
430;23
431;26
432;27
433;22
434;23
435;21
436;18
437;19
438;16
439;23
440;15
441;27
442;14
443;15
444;18
445;15
446;20
447;19
448;17
449;8
450;14
451;2
452;13
453;10
454;11
455;12
456;9
457;15
458;13
459;11
460;8
461;16
462;19
463;8
464;13
465;8
466;12
467;8
468;9
469;5
470;7
471;11
472;9
473;1
474;5
475;2
476;5
477;9
478;6
479;6
480;6
481;2
482;2
483;2
484;4
485;7
486;7
487;4
488;6
489;3
490;3
491;3
492;1
493;2
494;4
495;4
496;2
497;4
498;3
499;2
500;1
501;2
502;2
503;0
504;2
505;2
506;2
507;2
508;0
509;0
510;2
511;0
512;2
513;1
514;1
515;2
516;3
517;1
518;2
519;0
520;0
521;0
522;0
523;0
524;1
525;1
526;0
527;0
528;0
529;0
530;1
531;0
532;0
533;0
534;0
535;0
536;0
537;0
538;1
539;0
540;0
541;0
542;0
543;0
544;0
545;0
546;0
547;0
548;0
549;0
550;0
551;0
552;0
553;0
554;1
555;0
556;0
557;0
558;0
559;0
560;0
561;0
562;0
563;0
564;0
565;0
566;0
567;0
568;0
569;0
570;0
571;0
572;0
573;0
574;0
575;0
576;0
577;0
578;0
579;0
580;0
581;0
582;0
583;0
584;0
585;0
586;0
587;0
588;0
589;0
590;0
591;0
592;0
593;0
594;0
595;0
596;0
597;0
598;0
599;0
600;0
601;0
602;0
603;0
604;0
605;0
606;0
607;0
608;0
609;0
610;0
611;0
612;0
613;0
614;0
615;0
616;0
617;0
618;0
619;0
620;0
621;0
622;0
623;0
624;0
625;0
626;0
627;0
628;0
629;0
630;0
631;0
632;0
633;0
634;0
635;0
636;0
637;0
638;0
639;0
640;0
641;0
642;0
643;0
644;0
645;0
646;0
647;0
648;0
649;0
650;0
651;0
652;0
653;0
654;0
655;0
656;0
657;0
658;0
659;0
660;0
661;0
662;0
663;0
664;0
665;0
666;0
667;0
668;0
669;0
670;0
671;0
672;0
673;0
674;0
675;0
676;0
677;0
678;0
679;0
680;0
681;0
682;0
683;0
684;0
685;0
686;0
687;0
688;0
689;0
690;0
691;0
692;0
693;0
694;0
695;0
696;0
697;0
698;0
699;0
700;0
701;0
702;0
703;0
704;0
705;0
706;0
707;0
708;0
709;0
710;0
711;0
712;0
713;0
714;0
715;0
716;0
717;0
718;0
719;0
720;0
721;0
722;0
723;0
724;0
725;0
726;0
727;0
728;0
729;0
730;0
731;0
732;0
733;0
734;0
735;0
736;0
737;0
738;0
739;0
740;0
741;0
742;0
743;0
744;0
745;0
746;0
747;0
748;0
749;0
750;0
751;0
752;0
753;0
754;0
755;0
756;0
757;0
758;0
759;0
760;0
761;0
762;0
763;0
764;0
765;0
766;0
767;0
768;0
769;0
770;0
771;0
772;0
773;0
774;0
775;0
776;0
777;0
778;0
779;0
780;0
781;0
782;0
783;0
784;0
785;0
786;0
787;0
788;0
789;0
790;0
791;0
792;0
793;0
794;0
795;0
796;0
797;0
798;0
799;0
800;0
801;0
802;0
803;0
804;0
805;0
806;0
807;0
808;0
809;0
810;0
811;0
812;0
813;0
814;0
815;0
816;0
817;0
818;0
819;0
820;0
821;0
822;0
823;0
824;0
825;0
826;0
827;0
828;0
829;0
830;0
831;0
832;0
833;0
834;0
835;0
836;0
837;0
838;0
839;0
840;0
841;0
842;0
843;0
844;0
845;0
846;0
847;0
848;0
849;0
850;0
851;0
852;0
853;0
854;0
855;0
856;0
857;0
858;0
859;0
860;0
861;0
862;0
863;0
864;0
865;0
866;0
867;0
868;0
869;0
870;0
871;0
872;0
873;0
874;0
875;0
876;0
877;0
878;0
879;0
880;0
881;0
882;0
883;0
884;0
885;0
886;0
887;0
888;0
889;0
890;0
891;0
892;0
893;0
894;0
895;0
896;0
897;0
898;0
899;0
900;0
901;0
902;0
903;0
904;0
905;0
906;0
907;0
908;0
909;0
910;0
911;0
912;0
913;0
914;0
915;0
916;0
917;0
918;0
919;0
920;0
921;0
922;0
923;0
924;0
925;0
926;0
927;0
928;0
929;0
930;0
931;0
932;0
933;0
934;0
935;0
936;0
937;0
938;0
939;0
940;0
941;0
942;0
943;0
944;0
945;0
946;0
947;0
948;0
949;0
950;0
951;0
952;0
953;0
954;0
955;0
956;0
957;0
958;0
959;0
960;0
961;0
962;0
963;0
964;0
965;0
966;0
967;0
968;0
969;0
970;0
971;0
972;0
973;0
974;0
975;0
976;0
977;0
978;0
979;0
980;0
981;0
982;0
983;0
984;0
985;0
986;0
987;0
988;0
989;0
990;0
991;0
992;0
993;0
994;0
995;0
996;0
997;0
998;0
999;0
1000;0
1001;0
1002;0
1003;0
1004;0
1005;0
1006;0
1007;0
1008;0
1009;0
1010;0
1011;0
1012;0
1013;0
1014;0
1015;0
1016;0
1017;0
1018;0
1019;0
1020;0
1021;0
1022;0
1023;0
1024;0
