L 32,p 0.582900,Z 100000
/* Tamanio de cluster; Ocurrencias de cada tamaño de cluster */
1;2135244
2;501136
3;308792
4;207725
5;147005
6;109471
7;85847
8;70011
9;57846
10;48659
11;41802
12;36207
13;31737
14;28310
15;25250
16;22604
17;20466
18;18753
19;16906
20;15678
21;14559
22;13402
23;12371
24;11600
25;10627
26;10354
27;9624
28;8941
29;8437
30;8012
31;7635
32;7181
33;6886
34;6527
35;6198
36;5914
37;5790
38;5398
39;5256
40;5121
41;4764
42;4659
43;4384
44;4238
45;4050
46;3978
47;3789
48;3669
49;3560
50;3509
51;3440
52;3232
53;3165
54;3088
55;2980
56;2996
57;2671
58;2749
59;2694
60;2569
61;2498
62;2463
63;2355
64;2237
65;2302
66;2198
67;2121
68;2121
69;2094
70;2128
71;1977
72;1915
73;1888
74;1809
75;1749
76;1805
77;1713
78;1728
79;1651
80;1601
81;1537
82;1558
83;1541
84;1449
85;1463
86;1469
87;1391
88;1392
89;1461
90;1314
91;1352
92;1310
93;1188
94;1247
95;1207
96;1237
97;1205
98;1163
99;1107
100;1120
101;1093
102;1081
103;1055
104;1083
105;1045
106;1051
107;997
108;997
109;1000
110;978
111;980
112;924
113;968
114;931
115;879
116;865
117;892
118;864
119;857
120;826
121;881
122;861
123;813
124;786
125;812
126;777
127;743
128;778
129;736
130;723
131;733
132;740
133;694
134;696
135;720
136;734
137;668
138;682
139;623
140;704
141;666
142;646
143;613
144;659
145;601
146;637
147;653
148;555
149;605
150;578
151;614
152;590
153;580
154;569
155;552
156;536
157;515
158;537
159;527
160;532
161;538
162;518
163;490
164;521
165;512
166;514
167;483
168;493
169;471
170;521
171;483
172;489
173;485
174;470
175;490
176;436
177;470
178;445
179;453
180;420
181;435
182;405
183;433
184;418
185;385
186;441
187;415
188;395
189;393
190;384
191;398
192;408
193;399
194;401
195;389
196;377
197;374
198;375
199;403
200;330
201;365
202;384
203;353
204;348
205;335
206;348
207;337
208;358
209;341
210;364
211;288
212;298
213;299
214;346
215;341
216;334
217;326
218;326
219;301
220;305
221;272
222;344
223;309
224;313
225;296
226;269
227;300
228;275
229;292
230;298
231;271
232;269
233;287
234;274
235;278
236;280
237;278
238;281
239;285
240;258
241;241
242;254
243;252
244;247
245;276
246;227
247;264
248;244
249;261
250;241
251;245
252;253
253;238
254;225
255;242
256;229
257;234
258;233
259;213
260;239
261;247
262;237
263;222
264;215
265;248
266;215
267;222
268;215
269;206
270;207
271;181
272;197
273;211
274;169
275;184
276;194
277;193
278;179
279;220
280;211
281;185
282;209
283;209
284;168
285;198
286;185
287;159
288;169
289;181
290;186
291;188
292;179
293;188
294;169
295;202
296;164
297;160
298;164
299;165
300;160
301;162
302;169
303;151
304;150
305;156
306;151
307;167
308;154
309;147
310;126
311;149
312;155
313;115
314;131
315;146
316;110
317;130
318;133
319;127
320;125
321;107
322;139
323;110
324;130
325;138
326;131
327;115
328;119
329;115
330;115
331;122
332;125
333;117
334;121
335;132
336;110
337;122
338;111
339;116
340;128
341;125
342;100
343;106
344;100
345;114
346;95
347;105
348;119
349;97
350;79
351;93
352;84
353;81
354;103
355;107
356;98
357;92
358;81
359;78
360;75
361;67
362;75
363;89
364;58
365;80
366;99
367;73
368;57
369;83
370;77
371;64
372;74
373;64
374;71
375;81
376;74
377;74
378;49
379;48
380;60
381;69
382;72
383;62
384;48
385;58
386;57
387;51
388;62
389;48
390;49
391;48
392;64
393;41
394;54
395;63
396;43
397;64
398;37
399;36
400;42
401;37
402;33
403;46
404;42
405;50
406;41
407;34
408;41
409;34
410;42
411;26
412;34
413;35
414;41
415;33
416;33
417;30
418;34
419;22
420;20
421;19
422;34
423;33
424;28
425;24
426;21
427;21
428;29
429;26
430;21
431;17
432;19
433;18
434;9
435;18
436;10
437;21
438;17
439;19
440;9
441;23
442;18
443;11
444;18
445;24
446;15
447;14
448;17
449;14
450;14
451;13
452;10
453;11
454;10
455;17
456;10
457;13
458;7
459;7
460;13
461;8
462;12
463;1
464;9
465;8
466;6
467;10
468;9
469;6
470;6
471;10
472;8
473;6
474;8
475;9
476;6
477;5
478;5
479;9
480;4
481;2
482;5
483;8
484;3
485;1
486;6
487;4
488;2
489;2
490;1
491;2
492;3
493;4
494;4
495;5
496;1
497;1
498;2
499;3
500;1
501;2
502;4
503;0
504;2
505;0
506;2
507;1
508;1
509;1
510;0
511;1
512;2
513;0
514;0
515;2
516;2
517;2
518;2
519;0
520;1
521;1
522;0
523;0
524;1
525;2
526;1
527;1
528;0
529;0
530;0
531;0
532;0
533;0
534;1
535;0
536;0
537;0
538;1
539;0
540;0
541;0
542;0
543;0
544;0
545;0
546;0
547;0
548;0
549;0
550;0
551;0
552;0
553;0
554;0
555;0
556;0
557;0
558;0
559;0
560;0
561;0
562;0
563;0
564;0
565;0
566;0
567;0
568;0
569;0
570;0
571;0
572;0
573;0
574;0
575;0
576;0
577;0
578;0
579;0
580;0
581;0
582;0
583;0
584;0
585;0
586;0
587;0
588;0
589;0
590;0
591;0
592;0
593;0
594;0
595;0
596;0
597;0
598;0
599;0
600;0
601;0
602;0
603;0
604;0
605;0
606;0
607;0
608;0
609;0
610;0
611;0
612;0
613;0
614;0
615;0
616;0
617;0
618;0
619;0
620;0
621;0
622;0
623;0
624;0
625;0
626;0
627;0
628;0
629;0
630;0
631;0
632;0
633;0
634;0
635;0
636;0
637;0
638;0
639;0
640;0
641;0
642;0
643;0
644;0
645;0
646;0
647;0
648;0
649;0
650;0
651;0
652;0
653;0
654;0
655;0
656;0
657;0
658;0
659;0
660;0
661;0
662;0
663;0
664;0
665;0
666;0
667;0
668;0
669;0
670;0
671;0
672;0
673;0
674;0
675;0
676;0
677;0
678;0
679;0
680;0
681;0
682;0
683;0
684;0
685;0
686;0
687;0
688;0
689;0
690;0
691;0
692;0
693;0
694;0
695;0
696;0
697;0
698;0
699;0
700;0
701;0
702;0
703;0
704;0
705;0
706;0
707;0
708;0
709;0
710;0
711;0
712;0
713;0
714;0
715;0
716;0
717;0
718;0
719;0
720;0
721;0
722;0
723;0
724;0
725;0
726;0
727;0
728;0
729;0
730;0
731;0
732;0
733;0
734;0
735;0
736;0
737;0
738;0
739;0
740;0
741;0
742;0
743;0
744;0
745;0
746;0
747;0
748;0
749;0
750;0
751;0
752;0
753;0
754;0
755;0
756;0
757;0
758;0
759;0
760;0
761;0
762;0
763;0
764;0
765;0
766;0
767;0
768;0
769;0
770;0
771;0
772;0
773;0
774;0
775;0
776;0
777;0
778;0
779;0
780;0
781;0
782;0
783;0
784;0
785;0
786;0
787;0
788;0
789;0
790;0
791;0
792;0
793;0
794;0
795;0
796;0
797;0
798;0
799;0
800;0
801;0
802;0
803;0
804;0
805;0
806;0
807;0
808;0
809;0
810;0
811;0
812;0
813;0
814;0
815;0
816;0
817;0
818;0
819;0
820;0
821;0
822;0
823;0
824;0
825;0
826;0
827;0
828;0
829;0
830;0
831;0
832;0
833;0
834;0
835;0
836;0
837;0
838;0
839;0
840;0
841;0
842;0
843;0
844;0
845;0
846;0
847;0
848;0
849;0
850;0
851;0
852;0
853;0
854;0
855;0
856;0
857;0
858;0
859;0
860;0
861;0
862;0
863;0
864;0
865;0
866;0
867;0
868;0
869;0
870;0
871;0
872;0
873;0
874;0
875;0
876;0
877;0
878;0
879;0
880;0
881;0
882;0
883;0
884;0
885;0
886;0
887;0
888;0
889;0
890;0
891;0
892;0
893;0
894;0
895;0
896;0
897;0
898;0
899;0
900;0
901;0
902;0
903;0
904;0
905;0
906;0
907;0
908;0
909;0
910;0
911;0
912;0
913;0
914;0
915;0
916;0
917;0
918;0
919;0
920;0
921;0
922;0
923;0
924;0
925;0
926;0
927;0
928;0
929;0
930;0
931;0
932;0
933;0
934;0
935;0
936;0
937;0
938;0
939;0
940;0
941;0
942;0
943;0
944;0
945;0
946;0
947;0
948;0
949;0
950;0
951;0
952;0
953;0
954;0
955;0
956;0
957;0
958;0
959;0
960;0
961;0
962;0
963;0
964;0
965;0
966;0
967;0
968;0
969;0
970;0
971;0
972;0
973;0
974;0
975;0
976;0
977;0
978;0
979;0
980;0
981;0
982;0
983;0
984;0
985;0
986;0
987;0
988;0
989;0
990;0
991;0
992;0
993;0
994;0
995;0
996;0
997;0
998;0
999;0
1000;0
1001;0
1002;0
1003;0
1004;0
1005;0
1006;0
1007;0
1008;0
1009;0
1010;0
1011;0
1012;0
1013;0
1014;0
1015;0
1016;0
1017;0
1018;0
1019;0
1020;0
1021;0
1022;0
1023;0
1024;0
