L 32,p 0.590900,Z 100000
/* Tamanio de cluster; Ocurrencias de cada tamaño de cluster */
1;2012797
2;465042
3;284547
4;190738
5;134330
6;100238
7;78064
8;63617
9;52408
10;43833
11;37616
12;33091
13;28701
14;25280
15;22409
16;20231
17;18476
18;16658
19;15063
20;14004
21;12894
22;11902
23;10946
24;10226
25;9544
26;8990
27;8286
28;7850
29;7571
30;7127
31;6752
32;6453
33;5898
34;5770
35;5527
36;5155
37;4842
38;4781
39;4518
40;4517
41;4249
42;4042
43;3977
44;3601
45;3588
46;3566
47;3438
48;3202
49;3144
50;3030
51;2879
52;2842
53;2834
54;2689
55;2612
56;2563
57;2508
58;2411
59;2433
60;2232
61;2190
62;2180
63;2077
64;1982
65;2014
66;1950
67;1925
68;1941
69;1820
70;1758
71;1830
72;1692
73;1617
74;1579
75;1622
76;1574
77;1564
78;1479
79;1439
80;1386
81;1465
82;1425
83;1391
84;1340
85;1309
86;1227
87;1246
88;1158
89;1162
90;1231
91;1142
92;1148
93;1163
94;1130
95;1107
96;1103
97;1011
98;984
99;997
100;957
101;950
102;982
103;982
104;995
105;911
106;923
107;884
108;860
109;864
110;852
111;877
112;814
113;854
114;815
115;819
116;767
117;789
118;829
119;801
120;742
121;702
122;675
123;652
124;722
125;647
126;744
127;687
128;685
129;683
130;663
131;683
132;672
133;653
134;635
135;622
136;606
137;607
138;569
139;589
140;610
141;602
142;601
143;585
144;536
145;509
146;546
147;549
148;553
149;530
150;519
151;507
152;509
153;510
154;486
155;498
156;500
157;492
158;478
159;460
160;483
161;439
162;500
163;469
164;448
165;484
166;424
167;459
168;445
169;464
170;433
171;432
172;402
173;422
174;417
175;449
176;415
177;437
178;410
179;404
180;397
181;371
182;382
183;386
184;363
185;365
186;361
187;378
188;381
189;398
190;373
191;346
192;357
193;382
194;363
195;352
196;336
197;345
198;320
199;346
200;336
201;341
202;338
203;325
204;303
205;333
206;343
207;288
208;291
209;286
210;320
211;297
212;314
213;291
214;313
215;291
216;283
217;319
218;293
219;302
220;260
221;290
222;300
223;277
224;280
225;287
226;256
227;260
228;259
229;242
230;267
231;261
232;293
233;249
234;252
235;263
236;253
237;252
238;259
239;258
240;252
241;228
242;265
243;238
244;260
245;237
246;232
247;247
248;257
249;247
250;243
251;216
252;221
253;239
254;216
255;211
256;215
257;189
258;205
259;239
260;205
261;207
262;212
263;215
264;206
265;204
266;231
267;208
268;201
269;195
270;201
271;196
272;181
273;201
274;176
275;197
276;195
277;183
278;192
279;210
280;198
281;195
282;192
283;190
284;184
285;187
286;196
287;175
288;189
289;190
290;185
291;174
292;180
293;135
294;176
295;141
296;160
297;154
298;183
299;178
300;169
301;128
302;162
303;155
304;148
305;185
306;157
307;150
308;140
309;123
310;147
311;135
312;158
313;139
314;140
315;146
316;132
317;143
318;139
319;162
320;136
321;145
322;138
323;124
324;133
325;133
326;126
327;150
328;117
329;130
330;111
331;124
332;105
333;134
334;103
335;127
336;114
337;142
338;146
339;109
340;97
341;116
342;111
343;115
344;116
345;95
346;107
347;111
348;97
349;82
350;116
351;92
352;105
353;109
354;112
355;106
356;99
357;104
358;97
359;82
360;106
361;91
362;85
363;69
364;99
365;93
366;83
367;81
368;82
369;102
370;78
371;98
372;79
373;87
374;81
375;72
376;71
377;66
378;75
379;84
380;76
381;76
382;83
383;63
384;65
385;71
386;72
387;72
388;58
389;47
390;58
391;62
392;66
393;67
394;61
395;52
396;60
397;52
398;58
399;62
400;40
401;51
402;50
403;69
404;56
405;47
406;51
407;33
408;38
409;42
410;47
411;48
412;56
413;32
414;47
415;45
416;34
417;45
418;45
419;34
420;49
421;40
422;42
423;39
424;32
425;34
426;33
427;32
428;32
429;22
430;32
431;29
432;33
433;28
434;40
435;26
436;31
437;32
438;31
439;33
440;27
441;28
442;21
443;21
444;26
445;21
446;24
447;15
448;17
449;20
450;18
451;19
452;19
453;18
454;13
455;20
456;14
457;17
458;12
459;11
460;17
461;10
462;11
463;11
464;17
465;9
466;10
467;13
468;15
469;11
470;13
471;15
472;11
473;7
474;5
475;6
476;8
477;7
478;10
479;3
480;6
481;4
482;2
483;5
484;6
485;6
486;4
487;4
488;5
489;1
490;3
491;5
492;6
493;2
494;2
495;0
496;5
497;6
498;6
499;0
500;4
501;2
502;0
503;1
504;3
505;3
506;1
507;0
508;2
509;1
510;2
511;3
512;0
513;1
514;1
515;0
516;1
517;1
518;1
519;0
520;0
521;0
522;2
523;0
524;2
525;1
526;1
527;0
528;0
529;1
530;1
531;1
532;0
533;0
534;0
535;1
536;0
537;0
538;0
539;0
540;0
541;0
542;0
543;0
544;0
545;1
546;0
547;0
548;0
549;0
550;0
551;0
552;0
553;0
554;0
555;0
556;0
557;0
558;0
559;0
560;0
561;0
562;0
563;0
564;0
565;0
566;0
567;0
568;0
569;0
570;0
571;0
572;0
573;1
574;0
575;0
576;0
577;0
578;0
579;0
580;0
581;0
582;0
583;0
584;0
585;0
586;0
587;0
588;0
589;0
590;0
591;0
592;0
593;0
594;0
595;0
596;0
597;0
598;0
599;0
600;0
601;0
602;0
603;0
604;0
605;0
606;0
607;0
608;0
609;0
610;0
611;0
612;0
613;0
614;0
615;0
616;0
617;0
618;0
619;0
620;0
621;0
622;0
623;0
624;0
625;0
626;0
627;0
628;0
629;0
630;0
631;0
632;0
633;0
634;0
635;0
636;0
637;0
638;0
639;0
640;0
641;0
642;0
643;0
644;0
645;0
646;0
647;0
648;0
649;0
650;0
651;0
652;0
653;0
654;0
655;0
656;0
657;0
658;0
659;0
660;0
661;0
662;0
663;0
664;0
665;0
666;0
667;0
668;0
669;0
670;0
671;0
672;0
673;0
674;0
675;0
676;0
677;0
678;0
679;0
680;0
681;0
682;0
683;0
684;0
685;0
686;0
687;0
688;0
689;0
690;0
691;0
692;0
693;0
694;0
695;0
696;0
697;0
698;0
699;0
700;0
701;0
702;0
703;0
704;0
705;0
706;0
707;0
708;0
709;0
710;0
711;0
712;0
713;0
714;0
715;0
716;0
717;0
718;0
719;0
720;0
721;0
722;0
723;0
724;0
725;0
726;0
727;0
728;0
729;0
730;0
731;0
732;0
733;0
734;0
735;0
736;0
737;0
738;0
739;0
740;0
741;0
742;0
743;0
744;0
745;0
746;0
747;0
748;0
749;0
750;0
751;0
752;0
753;0
754;0
755;0
756;0
757;0
758;0
759;0
760;0
761;0
762;0
763;0
764;0
765;0
766;0
767;0
768;0
769;0
770;0
771;0
772;0
773;0
774;0
775;0
776;0
777;0
778;0
779;0
780;0
781;0
782;0
783;0
784;0
785;0
786;0
787;0
788;0
789;0
790;0
791;0
792;0
793;0
794;0
795;0
796;0
797;0
798;0
799;0
800;0
801;0
802;0
803;0
804;0
805;0
806;0
807;0
808;0
809;0
810;0
811;0
812;0
813;0
814;0
815;0
816;0
817;0
818;0
819;0
820;0
821;0
822;0
823;0
824;0
825;0
826;0
827;0
828;0
829;0
830;0
831;0
832;0
833;0
834;0
835;0
836;0
837;0
838;0
839;0
840;0
841;0
842;0
843;0
844;0
845;0
846;0
847;0
848;0
849;0
850;0
851;0
852;0
853;0
854;0
855;0
856;0
857;0
858;0
859;0
860;0
861;0
862;0
863;0
864;0
865;0
866;0
867;0
868;0
869;0
870;0
871;0
872;0
873;0
874;0
875;0
876;0
877;0
878;0
879;0
880;0
881;0
882;0
883;0
884;0
885;0
886;0
887;0
888;0
889;0
890;0
891;0
892;0
893;0
894;0
895;0
896;0
897;0
898;0
899;0
900;0
901;0
902;0
903;0
904;0
905;0
906;0
907;0
908;0
909;0
910;0
911;0
912;0
913;0
914;0
915;0
916;0
917;0
918;0
919;0
920;0
921;0
922;0
923;0
924;0
925;0
926;0
927;0
928;0
929;0
930;0
931;0
932;0
933;0
934;0
935;0
936;0
937;0
938;0
939;0
940;0
941;0
942;0
943;0
944;0
945;0
946;0
947;0
948;0
949;0
950;0
951;0
952;0
953;0
954;0
955;0
956;0
957;0
958;0
959;0
960;0
961;0
962;0
963;0
964;0
965;0
966;0
967;0
968;0
969;0
970;0
971;0
972;0
973;0
974;0
975;0
976;0
977;0
978;0
979;0
980;0
981;0
982;0
983;0
984;0
985;0
986;0
987;0
988;0
989;0
990;0
991;0
992;0
993;0
994;0
995;0
996;0
997;0
998;0
999;0
1000;0
1001;0
1002;0
1003;0
1004;0
1005;0
1006;0
1007;0
1008;0
1009;0
1010;0
1011;0
1012;0
1013;0
1014;0
1015;0
1016;0
1017;0
1018;0
1019;0
1020;0
1021;0
1022;0
1023;0
1024;0
