L 32,p 0.594000,Z 100000
/* Tamanio de cluster; Ocurrencias de cada tamaño de cluster */
1;1970081
2;451306
3;275859
4;185422
5;130011
6;96407
7;75401
8;60891
9;50303
10;42122
11;36345
12;31450
13;27445
14;23977
15;21421
16;19360
17;17616
18;15861
19;14490
20;13303
21;12268
22;11385
23;10548
24;9915
25;9052
26;8497
27;8101
28;7580
29;7063
30;6750
31;6373
32;6156
33;5701
34;5515
35;5219
36;4973
37;4718
38;4511
39;4341
40;4043
41;4147
42;3722
43;3639
44;3527
45;3528
46;3274
47;3238
48;3100
49;2949
50;2831
51;2873
52;2800
53;2591
54;2504
55;2564
56;2468
57;2351
58;2268
59;2181
60;2230
61;2088
62;2106
63;1980
64;1965
65;1866
66;1862
67;1885
68;1828
69;1712
70;1662
71;1616
72;1614
73;1543
74;1521
75;1443
76;1443
77;1454
78;1426
79;1321
80;1355
81;1326
82;1354
83;1255
84;1252
85;1206
86;1222
87;1186
88;1176
89;1152
90;1140
91;1113
92;1097
93;1075
94;1019
95;1024
96;1061
97;1014
98;1040
99;925
100;959
101;976
102;935
103;949
104;858
105;857
106;856
107;845
108;852
109;837
110;801
111;816
112;818
113;772
114;842
115;729
116;779
117;747
118;696
119;718
120;722
121;703
122;696
123;678
124;705
125;649
126;680
127;598
128;658
129;657
130;612
131;614
132;602
133;648
134;609
135;581
136;600
137;593
138;534
139;539
140;556
141;519
142;534
143;537
144;538
145;543
146;524
147;524
148;545
149;495
150;521
151;506
152;515
153;525
154;452
155;481
156;485
157;516
158;444
159;444
160;473
161;444
162;445
163;425
164;436
165;431
166;429
167;432
168;370
169;445
170;385
171;407
172;399
173;397
174;391
175;406
176;392
177;386
178;393
179;390
180;386
181;360
182;372
183;342
184;357
185;364
186;328
187;369
188;348
189;350
190;323
191;339
192;349
193;324
194;322
195;332
196;367
197;355
198;346
199;335
200;328
201;310
202;286
203;308
204;297
205;304
206;278
207;313
208;317
209;297
210;301
211;317
212;270
213;309
214;280
215;305
216;269
217;263
218;300
219;296
220;269
221;256
222;286
223;239
224;272
225;286
226;243
227;283
228;241
229;276
230;228
231;268
232;259
233;219
234;211
235;268
236;228
237;255
238;263
239;242
240;252
241;220
242;222
243;217
244;233
245;223
246;230
247;238
248;252
249;253
250;228
251;236
252;231
253;223
254;202
255;225
256;224
257;205
258;191
259;202
260;213
261;183
262;195
263;207
264;207
265;219
266;191
267;183
268;221
269;184
270;195
271;182
272;205
273;216
274;209
275;194
276;202
277;198
278;172
279;175
280;192
281;196
282;183
283;189
284;178
285;209
286;181
287;152
288;173
289;189
290;152
291;158
292;180
293;177
294;178
295;159
296;161
297;152
298;192
299;176
300;168
301;195
302;151
303;158
304;137
305;135
306;157
307;166
308;159
309;157
310;135
311;166
312;155
313;147
314;145
315;136
316;137
317;124
318;139
319;131
320;133
321;154
322;138
323;127
324;132
325;110
326;128
327;129
328;128
329;140
330;136
331;123
332;133
333;129
334;124
335;117
336;120
337;117
338;112
339;115
340;97
341;108
342;98
343;115
344;86
345;118
346;123
347;106
348;102
349;97
350;93
351;101
352;94
353;112
354;106
355;85
356;104
357;92
358;92
359;100
360;98
361;101
362;93
363;94
364;95
365;97
366;95
367;95
368;73
369;80
370;81
371;91
372;94
373;81
374;85
375;79
376;71
377;66
378;72
379;87
380;90
381;78
382;62
383;75
384;74
385;66
386;66
387;66
388;59
389;71
390;68
391;71
392;68
393;63
394;70
395;63
396;63
397;54
398;51
399;61
400;53
401;51
402;57
403;61
404;54
405;52
406;42
407;54
408;51
409;58
410;56
411;34
412;45
413;52
414;58
415;33
416;32
417;35
418;43
419;47
420;38
421;37
422;43
423;36
424;29
425;36
426;35
427;34
428;38
429;45
430;29
431;33
432;36
433;32
434;39
435;29
436;30
437;18
438;21
439;20
440;33
441;25
442;22
443;11
444;14
445;20
446;25
447;10
448;26
449;18
450;22
451;14
452;32
453;15
454;18
455;15
456;12
457;18
458;16
459;15
460;20
461;13
462;15
463;14
464;10
465;9
466;20
467;16
468;16
469;6
470;14
471;15
472;9
473;16
474;7
475;9
476;6
477;10
478;9
479;6
480;8
481;10
482;15
483;3
484;6
485;7
486;17
487;6
488;5
489;4
490;10
491;7
492;6
493;5
494;3
495;4
496;3
497;6
498;5
499;1
500;6
501;4
502;2
503;5
504;1
505;5
506;5
507;4
508;2
509;1
510;4
511;2
512;2
513;4
514;1
515;1
516;5
517;2
518;3
519;2
520;2
521;2
522;0
523;3
524;2
525;1
526;2
527;2
528;0
529;0
530;1
531;3
532;1
533;1
534;2
535;1
536;0
537;0
538;1
539;0
540;0
541;1
542;0
543;1
544;0
545;0
546;0
547;0
548;0
549;0
550;0
551;0
552;0
553;0
554;0
555;1
556;0
557;0
558;0
559;0
560;0
561;0
562;0
563;0
564;1
565;0
566;0
567;0
568;0
569;0
570;0
571;0
572;0
573;0
574;0
575;0
576;0
577;0
578;0
579;0
580;0
581;0
582;0
583;0
584;1
585;0
586;0
587;0
588;0
589;0
590;0
591;0
592;0
593;0
594;0
595;0
596;0
597;0
598;0
599;0
600;0
601;0
602;0
603;0
604;0
605;0
606;0
607;0
608;0
609;0
610;0
611;0
612;0
613;0
614;0
615;0
616;0
617;0
618;0
619;0
620;0
621;0
622;0
623;0
624;0
625;0
626;0
627;0
628;0
629;0
630;0
631;0
632;0
633;0
634;0
635;0
636;0
637;0
638;0
639;0
640;0
641;0
642;0
643;0
644;0
645;0
646;0
647;0
648;0
649;0
650;0
651;0
652;0
653;0
654;0
655;0
656;0
657;0
658;0
659;0
660;0
661;0
662;0
663;0
664;0
665;0
666;0
667;0
668;0
669;0
670;0
671;0
672;0
673;0
674;0
675;0
676;0
677;0
678;0
679;0
680;0
681;0
682;0
683;0
684;0
685;0
686;0
687;0
688;0
689;0
690;0
691;0
692;0
693;0
694;0
695;0
696;0
697;0
698;0
699;0
700;0
701;0
702;0
703;0
704;0
705;0
706;0
707;0
708;0
709;0
710;0
711;0
712;0
713;0
714;0
715;0
716;0
717;0
718;0
719;0
720;0
721;0
722;0
723;0
724;0
725;0
726;0
727;0
728;0
729;0
730;0
731;0
732;0
733;0
734;0
735;0
736;0
737;0
738;0
739;0
740;0
741;0
742;0
743;0
744;0
745;0
746;0
747;0
748;0
749;0
750;0
751;0
752;0
753;0
754;0
755;0
756;0
757;0
758;0
759;0
760;0
761;0
762;0
763;0
764;0
765;0
766;0
767;0
768;0
769;0
770;0
771;0
772;0
773;0
774;0
775;0
776;0
777;0
778;0
779;0
780;0
781;0
782;0
783;0
784;0
785;0
786;0
787;0
788;0
789;0
790;0
791;0
792;0
793;0
794;0
795;0
796;0
797;0
798;0
799;0
800;0
801;0
802;0
803;0
804;0
805;0
806;0
807;0
808;0
809;0
810;0
811;0
812;0
813;0
814;0
815;0
816;0
817;0
818;0
819;0
820;0
821;0
822;0
823;0
824;0
825;0
826;0
827;0
828;0
829;0
830;0
831;0
832;0
833;0
834;0
835;0
836;0
837;0
838;0
839;0
840;0
841;0
842;0
843;0
844;0
845;0
846;0
847;0
848;0
849;0
850;0
851;0
852;0
853;0
854;0
855;0
856;0
857;0
858;0
859;0
860;0
861;0
862;0
863;0
864;0
865;0
866;0
867;0
868;0
869;0
870;0
871;0
872;0
873;0
874;0
875;0
876;0
877;0
878;0
879;0
880;0
881;0
882;0
883;0
884;0
885;0
886;0
887;0
888;0
889;0
890;0
891;0
892;0
893;0
894;0
895;0
896;0
897;0
898;0
899;0
900;0
901;0
902;0
903;0
904;0
905;0
906;0
907;0
908;0
909;0
910;0
911;0
912;0
913;0
914;0
915;0
916;0
917;0
918;0
919;0
920;0
921;0
922;0
923;0
924;0
925;0
926;0
927;0
928;0
929;0
930;0
931;0
932;0
933;0
934;0
935;0
936;0
937;0
938;0
939;0
940;0
941;0
942;0
943;0
944;0
945;0
946;0
947;0
948;0
949;0
950;0
951;0
952;0
953;0
954;0
955;0
956;0
957;0
958;0
959;0
960;0
961;0
962;0
963;0
964;0
965;0
966;0
967;0
968;0
969;0
970;0
971;0
972;0
973;0
974;0
975;0
976;0
977;0
978;0
979;0
980;0
981;0
982;0
983;0
984;0
985;0
986;0
987;0
988;0
989;0
990;0
991;0
992;0
993;0
994;0
995;0
996;0
997;0
998;0
999;0
1000;0
1001;0
1002;0
1003;0
1004;0
1005;0
1006;0
1007;0
1008;0
1009;0
1010;0
1011;0
1012;0
1013;0
1014;0
1015;0
1016;0
1017;0
1018;0
1019;0
1020;0
1021;0
1022;0
1023;0
1024;0
