L 32,p 0.593700,Z 100000
/* Tamanio de cluster; Ocurrencias de cada tamaño de cluster */
1;1972629
2;451583
3;276484
4;185867
5;130118
6;97151
7;75753
8;60798
9;50654
10;42410
11;36407
12;31049
13;27461
14;24360
15;22104
16;19574
17;17545
18;16062
19;14577
20;13391
21;12379
22;11178
23;10426
24;9791
25;9196
26;8575
27;8141
28;7580
29;7219
30;6815
31;6321
32;6172
33;5876
34;5454
35;5274
36;5055
37;4766
38;4632
39;4461
40;4268
41;4132
42;3827
43;3764
44;3600
45;3391
46;3388
47;3207
48;3255
49;2928
50;2878
51;2849
52;2744
53;2666
54;2552
55;2476
56;2451
57;2375
58;2322
59;2169
60;2179
61;2090
62;2015
63;2004
64;1968
65;1902
66;1912
67;1797
68;1755
69;1614
70;1655
71;1674
72;1496
73;1567
74;1588
75;1450
76;1417
77;1474
78;1380
79;1310
80;1331
81;1302
82;1302
83;1275
84;1257
85;1237
86;1164
87;1189
88;1210
89;1217
90;1149
91;1093
92;1041
93;1075
94;1090
95;1063
96;954
97;983
98;974
99;1003
100;957
101;966
102;960
103;925
104;912
105;896
106;828
107;833
108;862
109;811
110;786
111;821
112;785
113;754
114;731
115;740
116;718
117;797
118;729
119;717
120;681
121;685
122;688
123;683
124;731
125;677
126;681
127;662
128;616
129;651
130;605
131;600
132;635
133;605
134;616
135;594
136;610
137;614
138;597
139;565
140;544
141;553
142;535
143;508
144;585
145;558
146;549
147;527
148;493
149;477
150;508
151;514
152;479
153;465
154;523
155;470
156;476
157;442
158;471
159;438
160;422
161;468
162;437
163;414
164;486
165;449
166;436
167;469
168;410
169;433
170;406
171;393
172;417
173;408
174;400
175;407
176;412
177;370
178;407
179;406
180;381
181;374
182;336
183;369
184;359
185;312
186;373
187;377
188;353
189;318
190;368
191;343
192;359
193;329
194;345
195;333
196;325
197;286
198;342
199;324
200;350
201;312
202;301
203;338
204;309
205;313
206;325
207;345
208;276
209;302
210;329
211;304
212;273
213;296
214;290
215;281
216;321
217;305
218;290
219;299
220;271
221;260
222;254
223;269
224;313
225;281
226;274
227;266
228;281
229;255
230;250
231;269
232;252
233;236
234;247
235;275
236;247
237;269
238;263
239;255
240;221
241;246
242;233
243;251
244;234
245;232
246;237
247;237
248;217
249;243
250;215
251;193
252;227
253;210
254;227
255;188
256;224
257;206
258;233
259;166
260;209
261;231
262;201
263;204
264;227
265;175
266;185
267;183
268;224
269;187
270;185
271;195
272;205
273;203
274;181
275;220
276;181
277;205
278;208
279;184
280;206
281;172
282;160
283;193
284;172
285;167
286;176
287;198
288;173
289;189
290;156
291;160
292;191
293;158
294;179
295;158
296;161
297;169
298;148
299;174
300;157
301;145
302;188
303;167
304;162
305;149
306;167
307;154
308;174
309;140
310;141
311;151
312;140
313;152
314;123
315;136
316;141
317;128
318;149
319;146
320;135
321;130
322;143
323;132
324;118
325;137
326;142
327;132
328;121
329;108
330;131
331;129
332;125
333;103
334;123
335;139
336;114
337;126
338;101
339;123
340;118
341;119
342;123
343;125
344;110
345;113
346;123
347;102
348;112
349;81
350;99
351;103
352;114
353;104
354;102
355;103
356;102
357;96
358;93
359;88
360;90
361;99
362;87
363;110
364;95
365;107
366;71
367;113
368;94
369;88
370;76
371;69
372;96
373;80
374;83
375;78
376;91
377;85
378;66
379;66
380;98
381;58
382;72
383;81
384;78
385;76
386;74
387;50
388;60
389;74
390;92
391;43
392;69
393;59
394;59
395;78
396;55
397;47
398;60
399;63
400;73
401;59
402;53
403;43
404;69
405;68
406;42
407;53
408;63
409;52
410;63
411;49
412;45
413;42
414;34
415;36
416;29
417;38
418;29
419;32
420;40
421;34
422;42
423;42
424;37
425;40
426;44
427;42
428;39
429;34
430;28
431;44
432;33
433;28
434;26
435;27
436;33
437;23
438;32
439;21
440;26
441;30
442;26
443;28
444;28
445;29
446;30
447;24
448;27
449;23
450;32
451;18
452;16
453;22
454;22
455;23
456;24
457;16
458;17
459;6
460;14
461;11
462;20
463;17
464;14
465;13
466;15
467;12
468;13
469;18
470;11
471;9
472;6
473;8
474;13
475;11
476;6
477;20
478;5
479;11
480;5
481;9
482;11
483;7
484;10
485;7
486;7
487;8
488;8
489;8
490;8
491;9
492;3
493;9
494;7
495;3
496;7
497;3
498;6
499;3
500;5
501;3
502;4
503;2
504;7
505;3
506;3
507;4
508;1
509;2
510;2
511;1
512;1
513;1
514;1
515;2
516;0
517;3
518;1
519;2
520;3
521;0
522;0
523;1
524;2
525;2
526;2
527;2
528;0
529;2
530;0
531;0
532;0
533;1
534;1
535;1
536;0
537;0
538;0
539;1
540;0
541;0
542;1
543;0
544;1
545;0
546;0
547;0
548;1
549;0
550;0
551;0
552;1
553;0
554;0
555;0
556;0
557;0
558;0
559;0
560;0
561;0
562;0
563;0
564;0
565;0
566;0
567;0
568;0
569;0
570;0
571;0
572;0
573;0
574;0
575;0
576;0
577;0
578;0
579;0
580;0
581;0
582;0
583;0
584;0
585;0
586;0
587;0
588;0
589;0
590;0
591;0
592;0
593;0
594;0
595;0
596;0
597;0
598;0
599;0
600;0
601;0
602;0
603;0
604;0
605;0
606;0
607;0
608;0
609;0
610;0
611;0
612;0
613;0
614;0
615;0
616;0
617;0
618;0
619;0
620;0
621;0
622;0
623;0
624;0
625;0
626;0
627;0
628;0
629;0
630;0
631;0
632;0
633;0
634;0
635;0
636;0
637;0
638;0
639;0
640;0
641;0
642;0
643;0
644;0
645;0
646;0
647;0
648;0
649;0
650;0
651;0
652;0
653;0
654;0
655;0
656;0
657;0
658;0
659;0
660;0
661;0
662;0
663;0
664;0
665;0
666;0
667;0
668;0
669;0
670;0
671;0
672;0
673;0
674;0
675;0
676;0
677;0
678;0
679;0
680;0
681;0
682;0
683;0
684;0
685;0
686;0
687;0
688;0
689;0
690;0
691;0
692;0
693;0
694;0
695;0
696;0
697;0
698;0
699;0
700;0
701;0
702;0
703;0
704;0
705;0
706;0
707;0
708;0
709;0
710;0
711;0
712;0
713;0
714;0
715;0
716;0
717;0
718;0
719;0
720;0
721;0
722;0
723;0
724;0
725;0
726;0
727;0
728;0
729;0
730;0
731;0
732;0
733;0
734;0
735;0
736;0
737;0
738;0
739;0
740;0
741;0
742;0
743;0
744;0
745;0
746;0
747;0
748;0
749;0
750;0
751;0
752;0
753;0
754;0
755;0
756;0
757;0
758;0
759;0
760;0
761;0
762;0
763;0
764;0
765;0
766;0
767;0
768;0
769;0
770;0
771;0
772;0
773;0
774;0
775;0
776;0
777;0
778;0
779;0
780;0
781;0
782;0
783;0
784;0
785;0
786;0
787;0
788;0
789;0
790;0
791;0
792;0
793;0
794;0
795;0
796;0
797;0
798;0
799;0
800;0
801;0
802;0
803;0
804;0
805;0
806;0
807;0
808;0
809;0
810;0
811;0
812;0
813;0
814;0
815;0
816;0
817;0
818;0
819;0
820;0
821;0
822;0
823;0
824;0
825;0
826;0
827;0
828;0
829;0
830;0
831;0
832;0
833;0
834;0
835;0
836;0
837;0
838;0
839;0
840;0
841;0
842;0
843;0
844;0
845;0
846;0
847;0
848;0
849;0
850;0
851;0
852;0
853;0
854;0
855;0
856;0
857;0
858;0
859;0
860;0
861;0
862;0
863;0
864;0
865;0
866;0
867;0
868;0
869;0
870;0
871;0
872;0
873;0
874;0
875;0
876;0
877;0
878;0
879;0
880;0
881;0
882;0
883;0
884;0
885;0
886;0
887;0
888;0
889;0
890;0
891;0
892;0
893;0
894;0
895;0
896;0
897;0
898;0
899;0
900;0
901;0
902;0
903;0
904;0
905;0
906;0
907;0
908;0
909;0
910;0
911;0
912;0
913;0
914;0
915;0
916;0
917;0
918;0
919;0
920;0
921;0
922;0
923;0
924;0
925;0
926;0
927;0
928;0
929;0
930;0
931;0
932;0
933;0
934;0
935;0
936;0
937;0
938;0
939;0
940;0
941;0
942;0
943;0
944;0
945;0
946;0
947;0
948;0
949;0
950;0
951;0
952;0
953;0
954;0
955;0
956;0
957;0
958;0
959;0
960;0
961;0
962;0
963;0
964;0
965;0
966;0
967;0
968;0
969;0
970;0
971;0
972;0
973;0
974;0
975;0
976;0
977;0
978;0
979;0
980;0
981;0
982;0
983;0
984;0
985;0
986;0
987;0
988;0
989;0
990;0
991;0
992;0
993;0
994;0
995;0
996;0
997;0
998;0
999;0
1000;0
1001;0
1002;0
1003;0
1004;0
1005;0
1006;0
1007;0
1008;0
1009;0
1010;0
1011;0
1012;0
1013;0
1014;0
1015;0
1016;0
1017;0
1018;0
1019;0
1020;0
1021;0
1022;0
1023;0
1024;0
