L 32,p 0.586600,Z 100000
/* Tamanio de cluster; Ocurrencias de cada tamaño de cluster */
1;2080456
2;485417
3;296334
4;200562
5;140809
6;104890
7;82371
8;66297
9;55117
10;46132
11;40013
12;35105
13;30017
14;26610
15;24129
16;21631
17;19530
18;17715
19;16189
20;14993
21;13772
22;12576
23;11704
24;11135
25;10199
26;9419
27;8980
28;8495
29;8141
30;7409
31;7221
32;6738
33;6665
34;6301
35;5814
36;5684
37;5274
38;5132
39;4868
40;4637
41;4649
42;4333
43;4178
44;4081
45;3777
46;3745
47;3578
48;3627
49;3415
50;3266
51;3169
52;3063
53;2970
54;2851
55;2787
56;2717
57;2749
58;2581
59;2531
60;2387
61;2401
62;2339
63;2248
64;2212
65;2140
66;2117
67;2005
68;2100
69;1931
70;1928
71;1832
72;1846
73;1762
74;1677
75;1724
76;1671
77;1705
78;1603
79;1619
80;1530
81;1619
82;1371
83;1427
84;1392
85;1426
86;1403
87;1289
88;1296
89;1300
90;1242
91;1233
92;1291
93;1207
94;1229
95;1140
96;1137
97;1107
98;1053
99;1109
100;1064
101;1121
102;1000
103;1026
104;1063
105;980
106;936
107;961
108;956
109;931
110;927
111;880
112;956
113;891
114;844
115;868
116;896
117;834
118;827
119;832
120;769
121;759
122;782
123;726
124;767
125;802
126;738
127;761
128;696
129;655
130;672
131;693
132;658
133;647
134;727
135;621
136;633
137;678
138;648
139;633
140;647
141;581
142;615
143;585
144;585
145;591
146;580
147;577
148;552
149;607
150;565
151;568
152;542
153;525
154;532
155;524
156;522
157;531
158;544
159;535
160;497
161;518
162;491
163;483
164;485
165;503
166;479
167;481
168;474
169;449
170;475
171;447
172;483
173;442
174;428
175;420
176;409
177;455
178;447
179;443
180;383
181;415
182;385
183;378
184;435
185;414
186;400
187;430
188;374
189;393
190;393
191;363
192;431
193;385
194;415
195;368
196;365
197;359
198;359
199;326
200;371
201;338
202;362
203;348
204;332
205;335
206;311
207;318
208;324
209;320
210;308
211;331
212;318
213;339
214;301
215;335
216;319
217;305
218;298
219;316
220;267
221;299
222;297
223;291
224;312
225;298
226;300
227;303
228;248
229;277
230;275
231;272
232;278
233;248
234;281
235;259
236;275
237;266
238;255
239;262
240;249
241;292
242;242
243;250
244;248
245;248
246;252
247;235
248;237
249;217
250;223
251;228
252;267
253;247
254;243
255;209
256;221
257;232
258;200
259;234
260;215
261;223
262;227
263;206
264;208
265;229
266;212
267;188
268;210
269;217
270;193
271;217
272;222
273;215
274;206
275;198
276;201
277;177
278;214
279;220
280;191
281;166
282;187
283;186
284;195
285;182
286;166
287;191
288;191
289;175
290;152
291;165
292;167
293;155
294;154
295;163
296;179
297;168
298;163
299;162
300;168
301;171
302;144
303;148
304;165
305;195
306;165
307;172
308;155
309;157
310;151
311;148
312;144
313;157
314;143
315;134
316;119
317;142
318;134
319;143
320;120
321;138
322;152
323;145
324;155
325;119
326;135
327;137
328;128
329;121
330;131
331;133
332;122
333;112
334;129
335;113
336;119
337;112
338;113
339;138
340;119
341;100
342;91
343;102
344;108
345;116
346;103
347;95
348;127
349;106
350;105
351;104
352;109
353;95
354;115
355;96
356;83
357;87
358;102
359;93
360;78
361;99
362;83
363;78
364;86
365;69
366;79
367;103
368;98
369;71
370;76
371;70
372;71
373;64
374;79
375;84
376;86
377;80
378;67
379;53
380;80
381;74
382;75
383;66
384;56
385;76
386;72
387;60
388;58
389;62
390;57
391;46
392;57
393;58
394;56
395;58
396;55
397;43
398;43
399;51
400;60
401;48
402;48
403;45
404;51
405;37
406;44
407;32
408;48
409;42
410;39
411;42
412;38
413;32
414;31
415;26
416;46
417;34
418;39
419;38
420;32
421;31
422;40
423;30
424;26
425;39
426;22
427;25
428;21
429;24
430;38
431;21
432;25
433;26
434;16
435;21
436;27
437;16
438;21
439;20
440;16
441;20
442;14
443;25
444;22
445;19
446;18
447;10
448;15
449;15
450;18
451;15
452;14
453;15
454;14
455;11
456;21
457;14
458;6
459;14
460;12
461;8
462;18
463;8
464;20
465;15
466;17
467;7
468;13
469;2
470;17
471;8
472;9
473;5
474;3
475;7
476;6
477;7
478;5
479;2
480;5
481;2
482;2
483;6
484;8
485;4
486;5
487;6
488;12
489;4
490;6
491;2
492;1
493;5
494;3
495;3
496;4
497;4
498;2
499;2
500;1
501;3
502;0
503;1
504;2
505;1
506;3
507;1
508;0
509;1
510;2
511;1
512;0
513;2
514;2
515;1
516;1
517;0
518;0
519;1
520;0
521;1
522;0
523;0
524;2
525;1
526;0
527;0
528;0
529;0
530;0
531;0
532;0
533;0
534;2
535;1
536;0
537;1
538;0
539;2
540;0
541;0
542;0
543;0
544;0
545;0
546;0
547;0
548;0
549;0
550;0
551;0
552;0
553;0
554;0
555;0
556;0
557;0
558;0
559;0
560;0
561;0
562;0
563;0
564;0
565;0
566;0
567;0
568;0
569;0
570;0
571;0
572;0
573;0
574;0
575;0
576;0
577;0
578;0
579;0
580;0
581;0
582;0
583;0
584;0
585;0
586;0
587;0
588;0
589;0
590;0
591;0
592;0
593;0
594;0
595;0
596;0
597;0
598;0
599;0
600;0
601;0
602;0
603;0
604;0
605;0
606;0
607;0
608;0
609;0
610;0
611;0
612;0
613;0
614;0
615;0
616;0
617;0
618;0
619;0
620;0
621;0
622;0
623;0
624;0
625;0
626;0
627;0
628;0
629;0
630;0
631;0
632;0
633;0
634;0
635;0
636;0
637;0
638;0
639;0
640;0
641;0
642;0
643;0
644;0
645;0
646;0
647;0
648;0
649;0
650;0
651;0
652;0
653;0
654;0
655;0
656;0
657;0
658;0
659;0
660;0
661;0
662;0
663;0
664;0
665;0
666;0
667;0
668;0
669;0
670;0
671;0
672;0
673;0
674;0
675;0
676;0
677;0
678;0
679;0
680;0
681;0
682;0
683;0
684;0
685;0
686;0
687;0
688;0
689;0
690;0
691;0
692;0
693;0
694;0
695;0
696;0
697;0
698;0
699;0
700;0
701;0
702;0
703;0
704;0
705;0
706;0
707;0
708;0
709;0
710;0
711;0
712;0
713;0
714;0
715;0
716;0
717;0
718;0
719;0
720;0
721;0
722;0
723;0
724;0
725;0
726;0
727;0
728;0
729;0
730;0
731;0
732;0
733;0
734;0
735;0
736;0
737;0
738;0
739;0
740;0
741;0
742;0
743;0
744;0
745;0
746;0
747;0
748;0
749;0
750;0
751;0
752;0
753;0
754;0
755;0
756;0
757;0
758;0
759;0
760;0
761;0
762;0
763;0
764;0
765;0
766;0
767;0
768;0
769;0
770;0
771;0
772;0
773;0
774;0
775;0
776;0
777;0
778;0
779;0
780;0
781;0
782;0
783;0
784;0
785;0
786;0
787;0
788;0
789;0
790;0
791;0
792;0
793;0
794;0
795;0
796;0
797;0
798;0
799;0
800;0
801;0
802;0
803;0
804;0
805;0
806;0
807;0
808;0
809;0
810;0
811;0
812;0
813;0
814;0
815;0
816;0
817;0
818;0
819;0
820;0
821;0
822;0
823;0
824;0
825;0
826;0
827;0
828;0
829;0
830;0
831;0
832;0
833;0
834;0
835;0
836;0
837;0
838;0
839;0
840;0
841;0
842;0
843;0
844;0
845;0
846;0
847;0
848;0
849;0
850;0
851;0
852;0
853;0
854;0
855;0
856;0
857;0
858;0
859;0
860;0
861;0
862;0
863;0
864;0
865;0
866;0
867;0
868;0
869;0
870;0
871;0
872;0
873;0
874;0
875;0
876;0
877;0
878;0
879;0
880;0
881;0
882;0
883;0
884;0
885;0
886;0
887;0
888;0
889;0
890;0
891;0
892;0
893;0
894;0
895;0
896;0
897;0
898;0
899;0
900;0
901;0
902;0
903;0
904;0
905;0
906;0
907;0
908;0
909;0
910;0
911;0
912;0
913;0
914;0
915;0
916;0
917;0
918;0
919;0
920;0
921;0
922;0
923;0
924;0
925;0
926;0
927;0
928;0
929;0
930;0
931;0
932;0
933;0
934;0
935;0
936;0
937;0
938;0
939;0
940;0
941;0
942;0
943;0
944;0
945;0
946;0
947;0
948;0
949;0
950;0
951;0
952;0
953;0
954;0
955;0
956;0
957;0
958;0
959;0
960;0
961;0
962;0
963;0
964;0
965;0
966;0
967;0
968;0
969;0
970;0
971;0
972;0
973;0
974;0
975;0
976;0
977;0
978;0
979;0
980;0
981;0
982;0
983;0
984;0
985;0
986;0
987;0
988;0
989;0
990;0
991;0
992;0
993;0
994;0
995;0
996;0
997;0
998;0
999;0
1000;0
1001;0
1002;0
1003;0
1004;0
1005;0
1006;0
1007;0
1008;0
1009;0
1010;0
1011;0
1012;0
1013;0
1014;0
1015;0
1016;0
1017;0
1018;0
1019;0
1020;0
1021;0
1022;0
1023;0
1024;0
