L 32,p 0.588900,Z 100000
/* Tamanio de cluster; Ocurrencias de cada tamaño de cluster */
1;2043457
2;474284
3;290806
4;196049
5;137417
6;102480
7;80144
8;64771
9;53874
10;45254
11;38539
12;33074
13;29599
14;25668
15;23166
16;20620
17;18757
18;17269
19;15562
20;14211
21;13027
22;12168
23;11226
24;10611
25;9963
26;9296
27;8703
28;8133
29;7693
30;7262
31;6929
32;6544
33;6373
34;5902
35;5708
36;5464
37;5158
38;4886
39;4743
40;4531
41;4347
42;4131
43;4037
44;3862
45;3762
46;3617
47;3422
48;3491
49;3248
50;3167
51;3024
52;2896
53;2904
54;2853
55;2629
56;2541
57;2592
58;2492
59;2389
60;2364
61;2310
62;2161
63;2104
64;2090
65;2079
66;1998
67;2045
68;1835
69;1807
70;1873
71;1775
72;1701
73;1731
74;1665
75;1659
76;1616
77;1590
78;1586
79;1488
80;1417
81;1463
82;1438
83;1434
84;1424
85;1365
86;1261
87;1246
88;1292
89;1219
90;1272
91;1203
92;1136
93;1206
94;1122
95;1139
96;1055
97;1096
98;1062
99;956
100;1051
101;1018
102;972
103;995
104;969
105;980
106;944
107;931
108;885
109;886
110;902
111;866
112;868
113;818
114;854
115;822
116;870
117;744
118;813
119;749
120;763
121;792
122;758
123;776
124;723
125;724
126;730
127;691
128;715
129;676
130;708
131;658
132;667
133;630
134;658
135;627
136;661
137;644
138;641
139;644
140;596
141;589
142;572
143;553
144;560
145;601
146;564
147;551
148;574
149;572
150;495
151;552
152;536
153;549
154;493
155;566
156;496
157;476
158;499
159;504
160;471
161;497
162;490
163;467
164;459
165;492
166;480
167;476
168;421
169;435
170;408
171;444
172;402
173;457
174;488
175;397
176;446
177;416
178;400
179;437
180;440
181;413
182;370
183;386
184;397
185;392
186;371
187;376
188;408
189;364
190;403
191;377
192;347
193;381
194;333
195;383
196;343
197;346
198;358
199;339
200;351
201;346
202;349
203;287
204;333
205;362
206;315
207;323
208;345
209;346
210;314
211;315
212;312
213;304
214;297
215;345
216;306
217;307
218;289
219;248
220;323
221;319
222;275
223;256
224;267
225;290
226;276
227;292
228;280
229;287
230;290
231;248
232;260
233;273
234;274
235;255
236;260
237;277
238;254
239;270
240;243
241;245
242;239
243;241
244;258
245;264
246;209
247;260
248;224
249;235
250;262
251;264
252;232
253;235
254;213
255;219
256;251
257;247
258;224
259;219
260;212
261;238
262;217
263;227
264;201
265;196
266;211
267;205
268;192
269;216
270;217
271;187
272;191
273;196
274;172
275;186
276;179
277;197
278;209
279;202
280;173
281;186
282;183
283;167
284;173
285;196
286;176
287;194
288;173
289;172
290;179
291;167
292;155
293;156
294;169
295;164
296;178
297;146
298;150
299;154
300;164
301;174
302;175
303;172
304;150
305;176
306;144
307;159
308;151
309;159
310;158
311;166
312;121
313;188
314;143
315;171
316;147
317;122
318;168
319;138
320;145
321;147
322;132
323;139
324;116
325;127
326;132
327;133
328;139
329;132
330;123
331;132
332;109
333;136
334;116
335;127
336;119
337;114
338;116
339;128
340;114
341;134
342;107
343;109
344;96
345;115
346;99
347;109
348;102
349;84
350;122
351;81
352;87
353;90
354;99
355;103
356;87
357;96
358;114
359;72
360;95
361;102
362;92
363;79
364;83
365;77
366;98
367;83
368;116
369;83
370;76
371;74
372;62
373;68
374;82
375;73
376;65
377;89
378;67
379;62
380;76
381;81
382;69
383;48
384;57
385;75
386;68
387;68
388;51
389;66
390;64
391;40
392;49
393;53
394;56
395;61
396;43
397;62
398;47
399;57
400;54
401;50
402;58
403;47
404;47
405;49
406;52
407;56
408;44
409;42
410;37
411;38
412;49
413;36
414;47
415;42
416;39
417;38
418;39
419;28
420;39
421;37
422;35
423;34
424;31
425;33
426;30
427;30
428;30
429;35
430;20
431;27
432;32
433;18
434;20
435;25
436;19
437;20
438;21
439;28
440;16
441;21
442;24
443;21
444;15
445;18
446;18
447;12
448;20
449;19
450;17
451;18
452;16
453;17
454;16
455;13
456;12
457;21
458;11
459;18
460;15
461;7
462;16
463;7
464;20
465;9
466;12
467;19
468;11
469;10
470;12
471;7
472;8
473;13
474;6
475;8
476;8
477;7
478;7
479;5
480;6
481;9
482;6
483;5
484;5
485;5
486;6
487;7
488;8
489;5
490;2
491;4
492;5
493;7
494;2
495;2
496;3
497;4
498;2
499;2
500;4
501;3
502;2
503;4
504;2
505;5
506;0
507;1
508;0
509;2
510;2
511;1
512;3
513;3
514;2
515;1
516;1
517;1
518;0
519;2
520;1
521;0
522;2
523;2
524;0
525;0
526;1
527;2
528;1
529;0
530;0
531;1
532;2
533;0
534;0
535;1
536;0
537;0
538;0
539;0
540;0
541;1
542;0
543;0
544;0
545;0
546;0
547;0
548;0
549;0
550;0
551;0
552;0
553;0
554;0
555;0
556;0
557;0
558;0
559;0
560;0
561;0
562;0
563;0
564;0
565;0
566;0
567;0
568;0
569;0
570;0
571;0
572;0
573;0
574;0
575;0
576;0
577;0
578;0
579;0
580;0
581;0
582;0
583;0
584;0
585;0
586;0
587;0
588;0
589;0
590;0
591;0
592;0
593;0
594;0
595;0
596;0
597;0
598;0
599;0
600;0
601;0
602;0
603;0
604;0
605;0
606;0
607;0
608;0
609;0
610;0
611;0
612;0
613;0
614;0
615;0
616;0
617;0
618;0
619;0
620;0
621;0
622;0
623;0
624;0
625;0
626;0
627;0
628;0
629;0
630;0
631;0
632;0
633;0
634;0
635;0
636;0
637;0
638;0
639;0
640;0
641;0
642;0
643;0
644;0
645;0
646;0
647;0
648;0
649;0
650;0
651;0
652;0
653;0
654;0
655;0
656;0
657;0
658;0
659;0
660;0
661;0
662;0
663;0
664;0
665;0
666;0
667;0
668;0
669;0
670;0
671;0
672;0
673;0
674;0
675;0
676;0
677;0
678;0
679;0
680;0
681;0
682;0
683;0
684;0
685;0
686;0
687;0
688;0
689;0
690;0
691;0
692;0
693;0
694;0
695;0
696;0
697;0
698;0
699;0
700;0
701;0
702;0
703;0
704;0
705;0
706;0
707;0
708;0
709;0
710;0
711;0
712;0
713;0
714;0
715;0
716;0
717;0
718;0
719;0
720;0
721;0
722;0
723;0
724;0
725;0
726;0
727;0
728;0
729;0
730;0
731;0
732;0
733;0
734;0
735;0
736;0
737;0
738;0
739;0
740;0
741;0
742;0
743;0
744;0
745;0
746;0
747;0
748;0
749;0
750;0
751;0
752;0
753;0
754;0
755;0
756;0
757;0
758;0
759;0
760;0
761;0
762;0
763;0
764;0
765;0
766;0
767;0
768;0
769;0
770;0
771;0
772;0
773;0
774;0
775;0
776;0
777;0
778;0
779;0
780;0
781;0
782;0
783;0
784;0
785;0
786;0
787;0
788;0
789;0
790;0
791;0
792;0
793;0
794;0
795;0
796;0
797;0
798;0
799;0
800;0
801;0
802;0
803;0
804;0
805;0
806;0
807;0
808;0
809;0
810;0
811;0
812;0
813;0
814;0
815;0
816;0
817;0
818;0
819;0
820;0
821;0
822;0
823;0
824;0
825;0
826;0
827;0
828;0
829;0
830;0
831;0
832;0
833;0
834;0
835;0
836;0
837;0
838;0
839;0
840;0
841;0
842;0
843;0
844;0
845;0
846;0
847;0
848;0
849;0
850;0
851;0
852;0
853;0
854;0
855;0
856;0
857;0
858;0
859;0
860;0
861;0
862;0
863;0
864;0
865;0
866;0
867;0
868;0
869;0
870;0
871;0
872;0
873;0
874;0
875;0
876;0
877;0
878;0
879;0
880;0
881;0
882;0
883;0
884;0
885;0
886;0
887;0
888;0
889;0
890;0
891;0
892;0
893;0
894;0
895;0
896;0
897;0
898;0
899;0
900;0
901;0
902;0
903;0
904;0
905;0
906;0
907;0
908;0
909;0
910;0
911;0
912;0
913;0
914;0
915;0
916;0
917;0
918;0
919;0
920;0
921;0
922;0
923;0
924;0
925;0
926;0
927;0
928;0
929;0
930;0
931;0
932;0
933;0
934;0
935;0
936;0
937;0
938;0
939;0
940;0
941;0
942;0
943;0
944;0
945;0
946;0
947;0
948;0
949;0
950;0
951;0
952;0
953;0
954;0
955;0
956;0
957;0
958;0
959;0
960;0
961;0
962;0
963;0
964;0
965;0
966;0
967;0
968;0
969;0
970;0
971;0
972;0
973;0
974;0
975;0
976;0
977;0
978;0
979;0
980;0
981;0
982;0
983;0
984;0
985;0
986;0
987;0
988;0
989;0
990;0
991;0
992;0
993;0
994;0
995;0
996;0
997;0
998;0
999;0
1000;0
1001;0
1002;0
1003;0
1004;0
1005;0
1006;0
1007;0
1008;0
1009;0
1010;0
1011;0
1012;0
1013;0
1014;0
1015;0
1016;0
1017;0
1018;0
1019;0
1020;0
1021;0
1022;0
1023;0
1024;0
