L 32,p 0.592300,Z 100000
/* Tamanio de cluster; Ocurrencias de cada tamaño de cluster */
1;1995204
2;459670
3;280761
4;188666
5;131576
6;97527
7;77527
8;62559
9;51461
10;43377
11;37059
12;32137
13;28020
14;24940
15;22319
16;19860
17;17771
18;16480
19;15142
20;13786
21;12610
22;11652
23;10861
24;10002
25;9446
26;8772
27;8269
28;7759
29;7309
30;6991
31;6518
32;6309
33;5957
34;5670
35;5472
36;5083
37;4828
38;4646
39;4463
40;4347
41;4165
42;4104
43;3834
44;3771
45;3617
46;3421
47;3353
48;3240
49;3046
50;3066
51;2872
52;2890
53;2676
54;2677
55;2584
56;2534
57;2317
58;2405
59;2183
60;2254
61;2226
62;2118
63;2011
64;2004
65;1933
66;1906
67;1933
68;1754
69;1785
70;1713
71;1642
72;1637
73;1625
74;1546
75;1526
76;1497
77;1477
78;1495
79;1379
80;1376
81;1369
82;1334
83;1334
84;1305
85;1283
86;1310
87;1232
88;1197
89;1152
90;1159
91;1167
92;1070
93;1099
94;1095
95;996
96;1042
97;1029
98;976
99;998
100;1002
101;965
102;907
103;1045
104;905
105;900
106;906
107;842
108;855
109;832
110;834
111;792
112;779
113;795
114;798
115;775
116;759
117;805
118;760
119;774
120;782
121;706
122;743
123;730
124;679
125;721
126;653
127;675
128;656
129;650
130;601
131;640
132;620
133;683
134;625
135;607
136;595
137;588
138;580
139;560
140;590
141;561
142;562
143;536
144;562
145;537
146;547
147;528
148;518
149;489
150;512
151;470
152;525
153;517
154;471
155;517
156;471
157;455
158;445
159;484
160;472
161;470
162;430
163;476
164;437
165;413
166;457
167;435
168;433
169;407
170;457
171;436
172;425
173;417
174;393
175;425
176;387
177;356
178;419
179;406
180;395
181;380
182;349
183;362
184;388
185;330
186;366
187;363
188;321
189;384
190;335
191;365
192;343
193;335
194;329
195;381
196;319
197;316
198;365
199;303
200;349
201;340
202;323
203;294
204;332
205;334
206;302
207;293
208;287
209;312
210;294
211;333
212;302
213;274
214;304
215;299
216;300
217;286
218;287
219;267
220;265
221;296
222;276
223;261
224;287
225;303
226;276
227;271
228;276
229;251
230;268
231;257
232;243
233;257
234;253
235;279
236;280
237;267
238;251
239;236
240;238
241;239
242;251
243;240
244;239
245;216
246;243
247;259
248;236
249;221
250;219
251;193
252;198
253;233
254;230
255;234
256;211
257;210
258;212
259;205
260;229
261;210
262;203
263;197
264;215
265;205
266;209
267;206
268;211
269;214
270;189
271;166
272;217
273;200
274;205
275;212
276;187
277;184
278;193
279;209
280;198
281;174
282;209
283;188
284;180
285;197
286;168
287;184
288;172
289;185
290;154
291;173
292;153
293;187
294;171
295;161
296;152
297;165
298;174
299;160
300;179
301;163
302;147
303;143
304;152
305;141
306;155
307;163
308;148
309;164
310;135
311;153
312;148
313;149
314;144
315;142
316;156
317;151
318;115
319;127
320;159
321;136
322;135
323;147
324;149
325;117
326;133
327;139
328;127
329;122
330;120
331;125
332;128
333;115
334;133
335;126
336;124
337;129
338;116
339;114
340;119
341;104
342;103
343;108
344;101
345;112
346;95
347;130
348;116
349;85
350;118
351;95
352;111
353;108
354;94
355;94
356;110
357;97
358;101
359;114
360;105
361;91
362;101
363;89
364;104
365;98
366;91
367;74
368;78
369;92
370;105
371;74
372;73
373;75
374;86
375;83
376;79
377;82
378;80
379;88
380;67
381;76
382;73
383;73
384;45
385;81
386;68
387;68
388;61
389;71
390;69
391;70
392;49
393;53
394;56
395;64
396;56
397;51
398;63
399;60
400;52
401;53
402;51
403;49
404;59
405;50
406;60
407;56
408;59
409;49
410;52
411;42
412;42
413;33
414;40
415;43
416;33
417;42
418;41
419;35
420;33
421;42
422;37
423;29
424;34
425;28
426;39
427;38
428;32
429;31
430;43
431;31
432;26
433;34
434;30
435;25
436;30
437;35
438;20
439;35
440;18
441;26
442;15
443;25
444;21
445;23
446;32
447;24
448;14
449;16
450;20
451;10
452;15
453;18
454;18
455;23
456;22
457;17
458;19
459;16
460;13
461;15
462;13
463;14
464;18
465;9
466;15
467;16
468;10
469;11
470;14
471;12
472;15
473;10
474;13
475;6
476;8
477;11
478;11
479;9
480;13
481;8
482;4
483;6
484;6
485;8
486;6
487;6
488;4
489;3
490;4
491;4
492;9
493;3
494;8
495;3
496;2
497;5
498;1
499;3
500;3
501;4
502;3
503;3
504;2
505;2
506;3
507;1
508;1
509;1
510;2
511;0
512;2
513;1
514;1
515;0
516;1
517;1
518;3
519;2
520;3
521;3
522;1
523;2
524;2
525;1
526;2
527;0
528;1
529;0
530;2
531;0
532;0
533;0
534;0
535;0
536;0
537;0
538;0
539;0
540;0
541;0
542;0
543;0
544;0
545;0
546;0
547;1
548;0
549;1
550;0
551;0
552;1
553;0
554;0
555;0
556;0
557;0
558;0
559;0
560;0
561;0
562;0
563;0
564;0
565;0
566;0
567;0
568;0
569;0
570;0
571;0
572;0
573;0
574;0
575;0
576;0
577;0
578;0
579;0
580;0
581;0
582;0
583;0
584;0
585;0
586;0
587;0
588;0
589;0
590;0
591;0
592;0
593;0
594;0
595;0
596;0
597;0
598;0
599;0
600;0
601;0
602;0
603;0
604;0
605;0
606;0
607;0
608;0
609;0
610;0
611;0
612;0
613;0
614;0
615;0
616;0
617;0
618;0
619;0
620;0
621;0
622;0
623;0
624;0
625;0
626;0
627;0
628;0
629;0
630;0
631;0
632;0
633;0
634;0
635;0
636;0
637;0
638;0
639;0
640;0
641;0
642;0
643;0
644;0
645;0
646;0
647;0
648;0
649;0
650;0
651;0
652;0
653;0
654;0
655;0
656;0
657;0
658;0
659;0
660;0
661;0
662;0
663;0
664;0
665;0
666;0
667;0
668;0
669;0
670;0
671;0
672;0
673;0
674;0
675;0
676;0
677;0
678;0
679;0
680;0
681;0
682;0
683;0
684;0
685;0
686;0
687;0
688;0
689;0
690;0
691;0
692;0
693;0
694;0
695;0
696;0
697;0
698;0
699;0
700;0
701;0
702;0
703;0
704;0
705;0
706;0
707;0
708;0
709;0
710;0
711;0
712;0
713;0
714;0
715;0
716;0
717;0
718;0
719;0
720;0
721;0
722;0
723;0
724;0
725;0
726;0
727;0
728;0
729;0
730;0
731;0
732;0
733;0
734;0
735;0
736;0
737;0
738;0
739;0
740;0
741;0
742;0
743;0
744;0
745;0
746;0
747;0
748;0
749;0
750;0
751;0
752;0
753;0
754;0
755;0
756;0
757;0
758;0
759;0
760;0
761;0
762;0
763;0
764;0
765;0
766;0
767;0
768;0
769;0
770;0
771;0
772;0
773;0
774;0
775;0
776;0
777;0
778;0
779;0
780;0
781;0
782;0
783;0
784;0
785;0
786;0
787;0
788;0
789;0
790;0
791;0
792;0
793;0
794;0
795;0
796;0
797;0
798;0
799;0
800;0
801;0
802;0
803;0
804;0
805;0
806;0
807;0
808;0
809;0
810;0
811;0
812;0
813;0
814;0
815;0
816;0
817;0
818;0
819;0
820;0
821;0
822;0
823;0
824;0
825;0
826;0
827;0
828;0
829;0
830;0
831;0
832;0
833;0
834;0
835;0
836;0
837;0
838;0
839;0
840;0
841;0
842;0
843;0
844;0
845;0
846;0
847;0
848;0
849;0
850;0
851;0
852;0
853;0
854;0
855;0
856;0
857;0
858;0
859;0
860;0
861;0
862;0
863;0
864;0
865;0
866;0
867;0
868;0
869;0
870;0
871;0
872;0
873;0
874;0
875;0
876;0
877;0
878;0
879;0
880;0
881;0
882;0
883;0
884;0
885;0
886;0
887;0
888;0
889;0
890;0
891;0
892;0
893;0
894;0
895;0
896;0
897;0
898;0
899;0
900;0
901;0
902;0
903;0
904;0
905;0
906;0
907;0
908;0
909;0
910;0
911;0
912;0
913;0
914;0
915;0
916;0
917;0
918;0
919;0
920;0
921;0
922;0
923;0
924;0
925;0
926;0
927;0
928;0
929;0
930;0
931;0
932;0
933;0
934;0
935;0
936;0
937;0
938;0
939;0
940;0
941;0
942;0
943;0
944;0
945;0
946;0
947;0
948;0
949;0
950;0
951;0
952;0
953;0
954;0
955;0
956;0
957;0
958;0
959;0
960;0
961;0
962;0
963;0
964;0
965;0
966;0
967;0
968;0
969;0
970;0
971;0
972;0
973;0
974;0
975;0
976;0
977;0
978;0
979;0
980;0
981;0
982;0
983;0
984;0
985;0
986;0
987;0
988;0
989;0
990;0
991;0
992;0
993;0
994;0
995;0
996;0
997;0
998;0
999;0
1000;0
1001;0
1002;0
1003;0
1004;0
1005;0
1006;0
1007;0
1008;0
1009;0
1010;0
1011;0
1012;0
1013;0
1014;0
1015;0
1016;0
1017;0
1018;0
1019;0
1020;0
1021;0
1022;0
1023;0
1024;0
