L 32,p 0.585900,Z 100000
/* Tamanio de cluster; Ocurrencias de cada tamaño de cluster */
1;2088030
2;488866
3;299438
4;201325
5;141699
6;106587
7;82899
8;67034
9;55480
10;46624
11;39772
12;34782
13;30816
14;27216
15;24141
16;21520
17;19698
18;17700
19;16273
20;15277
21;13834
22;12814
23;11966
24;10981
25;10287
26;9508
27;9067
28;8635
29;7981
30;7616
31;7251
32;6884
33;6552
34;6130
35;6068
36;5682
37;5288
38;5204
39;4943
40;4777
41;4491
42;4405
43;4407
44;3996
45;3999
46;3759
47;3585
48;3459
49;3423
50;3321
51;3261
52;3068
53;3011
54;2878
55;2894
56;2791
57;2801
58;2625
59;2510
60;2454
61;2369
62;2440
63;2257
64;2204
65;2236
66;2228
67;2051
68;2001
69;1978
70;1941
71;1802
72;1890
73;1827
74;1816
75;1690
76;1648
77;1692
78;1674
79;1523
80;1453
81;1527
82;1515
83;1477
84;1382
85;1438
86;1388
87;1401
88;1390
89;1312
90;1286
91;1232
92;1222
93;1206
94;1163
95;1185
96;1169
97;1134
98;1122
99;1156
100;1061
101;1032
102;1069
103;1051
104;1017
105;1069
106;989
107;970
108;1021
109;960
110;883
111;955
112;899
113;873
114;858
115;903
116;828
117;852
118;831
119;820
120;784
121;812
122;737
123;745
124;799
125;722
126;714
127;758
128;724
129;731
130;738
131;692
132;698
133;678
134;702
135;642
136;649
137;596
138;675
139;655
140;585
141;626
142;608
143;600
144;601
145;620
146;627
147;607
148;598
149;616
150;578
151;518
152;582
153;582
154;562
155;561
156;549
157;497
158;518
159;538
160;510
161;494
162;476
163;500
164;508
165;455
166;471
167;486
168;471
169;452
170;481
171;457
172;476
173;499
174;441
175;429
176;414
177;431
178;384
179;422
180;440
181;416
182;385
183;414
184;390
185;423
186;386
187;414
188;413
189;353
190;387
191;376
192;374
193;429
194;350
195;360
196;368
197;385
198;390
199;332
200;399
201;378
202;349
203;376
204;344
205;370
206;319
207;298
208;350
209;344
210;321
211;355
212;325
213;329
214;309
215;310
216;289
217;307
218;292
219;302
220;290
221;312
222;296
223;303
224;305
225;290
226;278
227;308
228;283
229;257
230;291
231;299
232;250
233;276
234;279
235;259
236;245
237;246
238;277
239;269
240;266
241;290
242;253
243;238
244;269
245;254
246;293
247;274
248;220
249;243
250;258
251;229
252;220
253;223
254;243
255;232
256;245
257;240
258;211
259;221
260;204
261;220
262;215
263;215
264;196
265;212
266;201
267;208
268;188
269;215
270;218
271;168
272;196
273;205
274;200
275;242
276;203
277;218
278;194
279;187
280;191
281;206
282;178
283;198
284;175
285;194
286;198
287;192
288;160
289;185
290;181
291;168
292;171
293;179
294;163
295;176
296;158
297;156
298;158
299;145
300;172
301;162
302;166
303;178
304;134
305;163
306;141
307;159
308;165
309;153
310;134
311;161
312;129
313;136
314;131
315;127
316;136
317;149
318;141
319;138
320;134
321;150
322;134
323;152
324;116
325;142
326;114
327;125
328;127
329;119
330;116
331;121
332;115
333;123
334;121
335;121
336;117
337;109
338;111
339;115
340;99
341;123
342;97
343;112
344;109
345;99
346;101
347;110
348;113
349;90
350;104
351;108
352;105
353;100
354;87
355;83
356;99
357;95
358;83
359;79
360;96
361;95
362;86
363;84
364;70
365;85
366;90
367;73
368;75
369;80
370;67
371;80
372;68
373;79
374;65
375;74
376;78
377;80
378;65
379;66
380;62
381;82
382;73
383;53
384;67
385;52
386;51
387;48
388;58
389;65
390;63
391;61
392;56
393;45
394;66
395;56
396;42
397;56
398;46
399;51
400;47
401;41
402;47
403;47
404;52
405;47
406;41
407;46
408;39
409;52
410;49
411;38
412;39
413;34
414;34
415;44
416;36
417;25
418;29
419;30
420;27
421;33
422;40
423;34
424;28
425;23
426;30
427;29
428;30
429;41
430;32
431;28
432;20
433;21
434;22
435;16
436;19
437;16
438;17
439;17
440;25
441;22
442;20
443;18
444;25
445;15
446;17
447;17
448;12
449;16
450;14
451;17
452;10
453;12
454;18
455;10
456;12
457;14
458;11
459;5
460;14
461;6
462;8
463;13
464;13
465;11
466;9
467;12
468;2
469;9
470;9
471;9
472;12
473;5
474;7
475;2
476;6
477;5
478;5
479;4
480;8
481;2
482;4
483;5
484;5
485;7
486;2
487;6
488;6
489;3
490;1
491;1
492;0
493;2
494;2
495;2
496;4
497;1
498;2
499;4
500;5
501;1
502;2
503;2
504;4
505;2
506;1
507;3
508;1
509;1
510;1
511;3
512;1
513;1
514;2
515;3
516;2
517;1
518;0
519;0
520;1
521;0
522;2
523;0
524;1
525;2
526;0
527;1
528;0
529;0
530;0
531;1
532;0
533;0
534;0
535;1
536;1
537;0
538;0
539;0
540;0
541;0
542;0
543;0
544;1
545;0
546;0
547;0
548;0
549;0
550;0
551;0
552;0
553;0
554;0
555;0
556;0
557;0
558;0
559;0
560;0
561;0
562;0
563;0
564;0
565;0
566;0
567;0
568;0
569;0
570;0
571;0
572;0
573;0
574;0
575;0
576;0
577;0
578;0
579;0
580;0
581;0
582;0
583;0
584;0
585;0
586;0
587;0
588;0
589;0
590;0
591;0
592;0
593;0
594;0
595;0
596;0
597;0
598;0
599;0
600;0
601;0
602;0
603;0
604;0
605;0
606;0
607;0
608;0
609;0
610;0
611;0
612;0
613;0
614;0
615;0
616;0
617;0
618;0
619;0
620;0
621;0
622;0
623;0
624;0
625;0
626;0
627;0
628;0
629;0
630;0
631;0
632;0
633;0
634;0
635;0
636;0
637;0
638;0
639;0
640;0
641;0
642;0
643;0
644;0
645;0
646;0
647;0
648;0
649;0
650;0
651;0
652;0
653;0
654;0
655;0
656;0
657;0
658;0
659;0
660;0
661;0
662;0
663;0
664;0
665;0
666;0
667;0
668;0
669;0
670;0
671;0
672;0
673;0
674;0
675;0
676;0
677;0
678;0
679;0
680;0
681;0
682;0
683;0
684;0
685;0
686;0
687;0
688;0
689;0
690;0
691;0
692;0
693;0
694;0
695;0
696;0
697;0
698;0
699;0
700;0
701;0
702;0
703;0
704;0
705;0
706;0
707;0
708;0
709;0
710;0
711;0
712;0
713;0
714;0
715;0
716;0
717;0
718;0
719;0
720;0
721;0
722;0
723;0
724;0
725;0
726;0
727;0
728;0
729;0
730;0
731;0
732;0
733;0
734;0
735;0
736;0
737;0
738;0
739;0
740;0
741;0
742;0
743;0
744;0
745;0
746;0
747;0
748;0
749;0
750;0
751;0
752;0
753;0
754;0
755;0
756;0
757;0
758;0
759;0
760;0
761;0
762;0
763;0
764;0
765;0
766;0
767;0
768;0
769;0
770;0
771;0
772;0
773;0
774;0
775;0
776;0
777;0
778;0
779;0
780;0
781;0
782;0
783;0
784;0
785;0
786;0
787;0
788;0
789;0
790;0
791;0
792;0
793;0
794;0
795;0
796;0
797;0
798;0
799;0
800;0
801;0
802;0
803;0
804;0
805;0
806;0
807;0
808;0
809;0
810;0
811;0
812;0
813;0
814;0
815;0
816;0
817;0
818;0
819;0
820;0
821;0
822;0
823;0
824;0
825;0
826;0
827;0
828;0
829;0
830;0
831;0
832;0
833;0
834;0
835;0
836;0
837;0
838;0
839;0
840;0
841;0
842;0
843;0
844;0
845;0
846;0
847;0
848;0
849;0
850;0
851;0
852;0
853;0
854;0
855;0
856;0
857;0
858;0
859;0
860;0
861;0
862;0
863;0
864;0
865;0
866;0
867;0
868;0
869;0
870;0
871;0
872;0
873;0
874;0
875;0
876;0
877;0
878;0
879;0
880;0
881;0
882;0
883;0
884;0
885;0
886;0
887;0
888;0
889;0
890;0
891;0
892;0
893;0
894;0
895;0
896;0
897;0
898;0
899;0
900;0
901;0
902;0
903;0
904;0
905;0
906;0
907;0
908;0
909;0
910;0
911;0
912;0
913;0
914;0
915;0
916;0
917;0
918;0
919;0
920;0
921;0
922;0
923;0
924;0
925;0
926;0
927;0
928;0
929;0
930;0
931;0
932;0
933;0
934;0
935;0
936;0
937;0
938;0
939;0
940;0
941;0
942;0
943;0
944;0
945;0
946;0
947;0
948;0
949;0
950;0
951;0
952;0
953;0
954;0
955;0
956;0
957;0
958;0
959;0
960;0
961;0
962;0
963;0
964;0
965;0
966;0
967;0
968;0
969;0
970;0
971;0
972;0
973;0
974;0
975;0
976;0
977;0
978;0
979;0
980;0
981;0
982;0
983;0
984;0
985;0
986;0
987;0
988;0
989;0
990;0
991;0
992;0
993;0
994;0
995;0
996;0
997;0
998;0
999;0
1000;0
1001;0
1002;0
1003;0
1004;0
1005;0
1006;0
1007;0
1008;0
1009;0
1010;0
1011;0
1012;0
1013;0
1014;0
1015;0
1016;0
1017;0
1018;0
1019;0
1020;0
1021;0
1022;0
1023;0
1024;0
