L 32,p 0.588500,Z 100000
/* Tamanio de cluster; Ocurrencias de cada tamaño de cluster */
1;2047892
2;476668
3;291750
4;196312
5;138452
6;102528
7;80416
8;64924
9;53838
10;45437
11;38752
12;33736
13;29482
14;26303
15;23473
16;21013
17;18796
18;17408
19;15727
20;14613
21;13194
22;12290
23;11542
24;10510
25;9984
26;9446
27;8844
28;8275
29;7679
30;7400
31;6933
32;6700
33;6175
34;5960
35;5845
36;5476
37;5373
38;4921
39;4753
40;4743
41;4350
42;4262
43;4052
44;3964
45;3758
46;3642
47;3554
48;3415
49;3300
50;3136
51;3136
52;2998
53;2976
54;2804
55;2685
56;2580
57;2553
58;2448
59;2418
60;2431
61;2312
62;2197
63;2153
64;2038
65;2021
66;2052
67;1962
68;1913
69;1831
70;1870
71;1828
72;1755
73;1692
74;1674
75;1639
76;1537
77;1562
78;1593
79;1425
80;1488
81;1446
82;1481
83;1397
84;1406
85;1407
86;1333
87;1291
88;1264
89;1276
90;1268
91;1156
92;1239
93;1156
94;1164
95;1137
96;1142
97;1062
98;1047
99;1093
100;1074
101;1004
102;1043
103;991
104;982
105;920
106;950
107;941
108;866
109;939
110;889
111;898
112;909
113;878
114;813
115;794
116;780
117;764
118;849
119;746
120;777
121;767
122;776
123;712
124;738
125;740
126;668
127;718
128;727
129;720
130;616
131;692
132;673
133;679
134;673
135;600
136;577
137;612
138;620
139;633
140;609
141;584
142;584
143;594
144;598
145;583
146;559
147;559
148;528
149;527
150;547
151;531
152;557
153;540
154;499
155;493
156;512
157;480
158;518
159;490
160;498
161;488
162;452
163;455
164;480
165;445
166;476
167;472
168;429
169;423
170;435
171;489
172;439
173;399
174;424
175;449
176;405
177;420
178;408
179;399
180;382
181;383
182;397
183;394
184;385
185;397
186;361
187;396
188;398
189;426
190;434
191;386
192;345
193;372
194;351
195;363
196;341
197;358
198;366
199;339
200;349
201;329
202;331
203;338
204;346
205;321
206;374
207;322
208;346
209;350
210;295
211;286
212;324
213;291
214;281
215;292
216;307
217;312
218;285
219;283
220;305
221;256
222;301
223;303
224;298
225;262
226;273
227;261
228;294
229;255
230;279
231;287
232;271
233;278
234;287
235;260
236;262
237;235
238;251
239;259
240;263
241;227
242;239
243;236
244;233
245;211
246;240
247;224
248;236
249;220
250;252
251;230
252;240
253;222
254;240
255;239
256;252
257;246
258;221
259;215
260;210
261;223
262;202
263;204
264;217
265;208
266;205
267;188
268;232
269;190
270;191
271;194
272;183
273;194
274;235
275;210
276;183
277;197
278;191
279;186
280;209
281;185
282;214
283;186
284;201
285;199
286;182
287;183
288;182
289;173
290;167
291;171
292;182
293;173
294;192
295;166
296;187
297;166
298;175
299;159
300;166
301;146
302;160
303;161
304;154
305;148
306;150
307;157
308;145
309;142
310;162
311;162
312;165
313;148
314;150
315;145
316;134
317;157
318;145
319;136
320;143
321;141
322;132
323;120
324;133
325;137
326;135
327;141
328;121
329;141
330;105
331;121
332;121
333;110
334;110
335;113
336;129
337;123
338;127
339;105
340;127
341;111
342;106
343;112
344;99
345;137
346;98
347;86
348;104
349;107
350;115
351;110
352;93
353;108
354;100
355;112
356;99
357;80
358;93
359;100
360;100
361;81
362;84
363;97
364;88
365;73
366;75
367;86
368;83
369;91
370;82
371;79
372;82
373;85
374;75
375;85
376;84
377;81
378;73
379;67
380;68
381;92
382;73
383;67
384;64
385;76
386;69
387;61
388;55
389;47
390;53
391;74
392;57
393;63
394;61
395;58
396;55
397;59
398;52
399;60
400;38
401;33
402;44
403;50
404;44
405;31
406;51
407;44
408;32
409;45
410;48
411;44
412;26
413;46
414;42
415;46
416;34
417;29
418;39
419;36
420;38
421;42
422;23
423;30
424;31
425;38
426;27
427;31
428;30
429;37
430;34
431;29
432;25
433;27
434;30
435;24
436;30
437;30
438;25
439;30
440;27
441;20
442;28
443;11
444;18
445;23
446;20
447;27
448;19
449;23
450;29
451;17
452;14
453;12
454;13
455;21
456;13
457;12
458;13
459;16
460;16
461;15
462;8
463;7
464;16
465;8
466;13
467;12
468;10
469;5
470;11
471;7
472;9
473;10
474;5
475;8
476;8
477;9
478;8
479;6
480;6
481;1
482;8
483;4
484;7
485;1
486;12
487;7
488;7
489;4
490;4
491;3
492;5
493;3
494;3
495;4
496;4
497;4
498;3
499;3
500;2
501;3
502;4
503;2
504;1
505;2
506;1
507;3
508;3
509;5
510;2
511;1
512;1
513;1
514;0
515;1
516;1
517;1
518;0
519;2
520;1
521;2
522;1
523;1
524;1
525;1
526;0
527;1
528;1
529;0
530;0
531;1
532;1
533;0
534;0
535;1
536;0
537;0
538;0
539;0
540;0
541;0
542;0
543;2
544;0
545;0
546;1
547;0
548;0
549;0
550;0
551;0
552;0
553;0
554;0
555;0
556;0
557;0
558;0
559;0
560;0
561;0
562;0
563;0
564;0
565;0
566;0
567;0
568;0
569;0
570;0
571;0
572;0
573;0
574;0
575;0
576;0
577;0
578;0
579;0
580;0
581;0
582;0
583;0
584;0
585;0
586;0
587;0
588;0
589;0
590;0
591;0
592;0
593;0
594;0
595;0
596;0
597;0
598;0
599;0
600;0
601;0
602;0
603;0
604;0
605;0
606;0
607;0
608;0
609;0
610;0
611;0
612;0
613;0
614;0
615;0
616;0
617;0
618;0
619;0
620;0
621;0
622;0
623;0
624;0
625;0
626;0
627;0
628;0
629;0
630;0
631;0
632;0
633;0
634;0
635;0
636;0
637;0
638;0
639;0
640;0
641;0
642;0
643;0
644;0
645;0
646;0
647;0
648;0
649;0
650;0
651;0
652;0
653;0
654;0
655;0
656;0
657;0
658;0
659;0
660;0
661;0
662;0
663;0
664;0
665;0
666;0
667;0
668;0
669;0
670;0
671;0
672;0
673;0
674;0
675;0
676;0
677;0
678;0
679;0
680;0
681;0
682;0
683;0
684;0
685;0
686;0
687;0
688;0
689;0
690;0
691;0
692;0
693;0
694;0
695;0
696;0
697;0
698;0
699;0
700;0
701;0
702;0
703;0
704;0
705;0
706;0
707;0
708;0
709;0
710;0
711;0
712;0
713;0
714;0
715;0
716;0
717;0
718;0
719;0
720;0
721;0
722;0
723;0
724;0
725;0
726;0
727;0
728;0
729;0
730;0
731;0
732;0
733;0
734;0
735;0
736;0
737;0
738;0
739;0
740;0
741;0
742;0
743;0
744;0
745;0
746;0
747;0
748;0
749;0
750;0
751;0
752;0
753;0
754;0
755;0
756;0
757;0
758;0
759;0
760;0
761;0
762;0
763;0
764;0
765;0
766;0
767;0
768;0
769;0
770;0
771;0
772;0
773;0
774;0
775;0
776;0
777;0
778;0
779;0
780;0
781;0
782;0
783;0
784;0
785;0
786;0
787;0
788;0
789;0
790;0
791;0
792;0
793;0
794;0
795;0
796;0
797;0
798;0
799;0
800;0
801;0
802;0
803;0
804;0
805;0
806;0
807;0
808;0
809;0
810;0
811;0
812;0
813;0
814;0
815;0
816;0
817;0
818;0
819;0
820;0
821;0
822;0
823;0
824;0
825;0
826;0
827;0
828;0
829;0
830;0
831;0
832;0
833;0
834;0
835;0
836;0
837;0
838;0
839;0
840;0
841;0
842;0
843;0
844;0
845;0
846;0
847;0
848;0
849;0
850;0
851;0
852;0
853;0
854;0
855;0
856;0
857;0
858;0
859;0
860;0
861;0
862;0
863;0
864;0
865;0
866;0
867;0
868;0
869;0
870;0
871;0
872;0
873;0
874;0
875;0
876;0
877;0
878;0
879;0
880;0
881;0
882;0
883;0
884;0
885;0
886;0
887;0
888;0
889;0
890;0
891;0
892;0
893;0
894;0
895;0
896;0
897;0
898;0
899;0
900;0
901;0
902;0
903;0
904;0
905;0
906;0
907;0
908;0
909;0
910;0
911;0
912;0
913;0
914;0
915;0
916;0
917;0
918;0
919;0
920;0
921;0
922;0
923;0
924;0
925;0
926;0
927;0
928;0
929;0
930;0
931;0
932;0
933;0
934;0
935;0
936;0
937;0
938;0
939;0
940;0
941;0
942;0
943;0
944;0
945;0
946;0
947;0
948;0
949;0
950;0
951;0
952;0
953;0
954;0
955;0
956;0
957;0
958;0
959;0
960;0
961;0
962;0
963;0
964;0
965;0
966;0
967;0
968;0
969;0
970;0
971;0
972;0
973;0
974;0
975;0
976;0
977;0
978;0
979;0
980;0
981;0
982;0
983;0
984;0
985;0
986;0
987;0
988;0
989;0
990;0
991;0
992;0
993;0
994;0
995;0
996;0
997;0
998;0
999;0
1000;0
1001;0
1002;0
1003;0
1004;0
1005;0
1006;0
1007;0
1008;0
1009;0
1010;0
1011;0
1012;0
1013;0
1014;0
1015;0
1016;0
1017;0
1018;0
1019;0
1020;0
1021;0
1022;0
1023;0
1024;0
