L 32,p 0.584600,Z 100000
/* Tamanio de cluster; Ocurrencias de cada tamaño de cluster */
1;2106281
2;493292
3;304338
4;203842
5;144045
6;107108
7;84975
8;68398
9;56614
10;47651
11;40646
12;35604
13;31126
14;27483
15;24777
16;22039
17;19942
18;18110
19;16409
20;15367
21;14022
22;13083
23;12039
24;11233
25;10565
26;9751
27;9333
28;8766
29;8235
30;7784
31;7443
32;7001
33;6809
34;6264
35;5965
36;5764
37;5419
38;5196
39;5039
40;4921
41;4665
42;4433
43;4243
44;3976
45;4047
46;4023
47;3751
48;3607
49;3556
50;3370
51;3166
52;3169
53;3103
54;3017
55;2877
56;2826
57;2752
58;2612
59;2534
60;2545
61;2526
62;2365
63;2331
64;2245
65;2241
66;2082
67;2130
68;2055
69;1958
70;1910
71;1895
72;1903
73;1811
74;1819
75;1780
76;1716
77;1729
78;1673
79;1595
80;1511
81;1543
82;1431
83;1467
84;1477
85;1441
86;1380
87;1438
88;1364
89;1329
90;1288
91;1290
92;1240
93;1220
94;1193
95;1166
96;1142
97;1194
98;1134
99;1076
100;1107
101;1152
102;1105
103;969
104;1014
105;997
106;986
107;1040
108;972
109;959
110;974
111;1002
112;920
113;948
114;886
115;883
116;832
117;824
118;877
119;824
120;817
121;826
122;766
123;769
124;729
125;797
126;774
127;730
128;740
129;725
130;698
131;718
132;689
133;703
134;690
135;711
136;665
137;670
138;665
139;653
140;641
141;643
142;652
143;644
144;574
145;592
146;536
147;576
148;604
149;583
150;597
151;557
152;540
153;577
154;559
155;574
156;515
157;494
158;563
159;503
160;574
161;497
162;500
163;447
164;465
165;494
166;455
167;498
168;488
169;455
170;488
171;472
172;449
173;424
174;448
175;471
176;427
177;449
178;441
179;428
180;449
181;411
182;442
183;408
184;410
185;432
186;370
187;395
188;410
189;419
190;408
191;406
192;384
193;391
194;385
195;360
196;389
197;388
198;354
199;339
200;335
201;343
202;366
203;338
204;368
205;380
206;350
207;343
208;332
209;328
210;330
211;326
212;337
213;314
214;320
215;303
216;319
217;321
218;309
219;279
220;315
221;282
222;334
223;290
224;281
225;275
226;297
227;261
228;269
229;312
230;268
231;291
232;292
233;274
234;295
235;307
236;281
237;252
238;252
239;270
240;236
241;283
242;258
243;272
244;267
245;258
246;257
247;263
248;261
249;253
250;256
251;241
252;239
253;256
254;224
255;220
256;257
257;223
258;216
259;225
260;239
261;225
262;210
263;228
264;230
265;216
266;201
267;244
268;203
269;204
270;216
271;196
272;216
273;196
274;181
275;184
276;225
277;233
278;186
279;186
280;186
281;193
282;176
283;177
284;194
285;185
286;209
287;198
288;163
289;184
290;178
291;171
292;191
293;165
294;154
295;178
296;178
297;158
298;162
299;172
300;143
301;145
302;200
303;143
304;158
305;154
306;164
307;148
308;131
309;149
310;147
311;148
312;142
313;118
314;130
315;147
316;143
317;111
318;137
319;142
320;119
321;118
322;140
323;125
324;129
325;125
326;132
327;122
328;115
329;122
330;123
331;136
332;128
333;124
334;119
335;104
336;107
337;106
338;135
339;114
340;108
341;109
342;102
343;105
344;91
345;108
346;98
347;93
348;102
349;112
350;107
351;95
352;100
353;96
354;95
355;101
356;93
357;105
358;81
359;95
360;102
361;84
362;87
363;81
364;87
365;92
366;97
367;72
368;79
369;72
370;67
371;90
372;73
373;76
374;65
375;65
376;86
377;55
378;72
379;55
380;63
381;64
382;60
383;64
384;61
385;55
386;59
387;52
388;55
389;49
390;52
391;57
392;38
393;57
394;54
395;44
396;60
397;53
398;54
399;47
400;49
401;51
402;49
403;43
404;40
405;37
406;49
407;40
408;33
409;35
410;42
411;45
412;34
413;28
414;30
415;44
416;34
417;30
418;30
419;20
420;35
421;38
422;28
423;35
424;21
425;26
426;35
427;20
428;28
429;30
430;24
431;30
432;23
433;18
434;15
435;15
436;23
437;27
438;23
439;20
440;18
441;12
442;21
443;21
444;18
445;16
446;17
447;15
448;15
449;14
450;14
451;11
452;9
453;11
454;22
455;10
456;17
457;10
458;12
459;9
460;13
461;14
462;9
463;12
464;11
465;11
466;10
467;6
468;9
469;8
470;7
471;9
472;7
473;6
474;2
475;2
476;2
477;6
478;3
479;7
480;4
481;4
482;3
483;2
484;7
485;5
486;2
487;4
488;7
489;1
490;6
491;5
492;3
493;2
494;1
495;2
496;3
497;0
498;3
499;1
500;2
501;1
502;1
503;1
504;0
505;1
506;1
507;0
508;2
509;1
510;0
511;0
512;3
513;1
514;0
515;0
516;2
517;1
518;1
519;0
520;0
521;0
522;0
523;1
524;0
525;0
526;1
527;1
528;1
529;1
530;0
531;0
532;0
533;0
534;0
535;0
536;0
537;0
538;0
539;0
540;0
541;0
542;0
543;0
544;0
545;0
546;0
547;0
548;0
549;0
550;0
551;0
552;0
553;0
554;0
555;0
556;0
557;0
558;0
559;0
560;0
561;0
562;0
563;0
564;0
565;0
566;0
567;0
568;0
569;0
570;0
571;0
572;0
573;0
574;0
575;0
576;0
577;0
578;0
579;0
580;0
581;0
582;0
583;0
584;0
585;0
586;0
587;0
588;0
589;0
590;0
591;0
592;0
593;0
594;0
595;0
596;0
597;0
598;0
599;0
600;0
601;0
602;0
603;0
604;0
605;0
606;0
607;0
608;0
609;0
610;0
611;0
612;0
613;0
614;0
615;0
616;0
617;0
618;0
619;0
620;0
621;0
622;0
623;0
624;0
625;0
626;0
627;0
628;0
629;0
630;0
631;0
632;0
633;0
634;0
635;0
636;0
637;0
638;0
639;0
640;0
641;0
642;0
643;0
644;0
645;0
646;0
647;0
648;0
649;0
650;0
651;0
652;0
653;0
654;0
655;0
656;0
657;0
658;0
659;0
660;0
661;0
662;0
663;0
664;0
665;0
666;0
667;0
668;0
669;0
670;0
671;0
672;0
673;0
674;0
675;0
676;0
677;0
678;0
679;0
680;0
681;0
682;0
683;0
684;0
685;0
686;0
687;0
688;0
689;0
690;0
691;0
692;0
693;0
694;0
695;0
696;0
697;0
698;0
699;0
700;0
701;0
702;0
703;0
704;0
705;0
706;0
707;0
708;0
709;0
710;0
711;0
712;0
713;0
714;0
715;0
716;0
717;0
718;0
719;0
720;0
721;0
722;0
723;0
724;0
725;0
726;0
727;0
728;0
729;0
730;0
731;0
732;0
733;0
734;0
735;0
736;0
737;0
738;0
739;0
740;0
741;0
742;0
743;0
744;0
745;0
746;0
747;0
748;0
749;0
750;0
751;0
752;0
753;0
754;0
755;0
756;0
757;0
758;0
759;0
760;0
761;0
762;0
763;0
764;0
765;0
766;0
767;0
768;0
769;0
770;0
771;0
772;0
773;0
774;0
775;0
776;0
777;0
778;0
779;0
780;0
781;0
782;0
783;0
784;0
785;0
786;0
787;0
788;0
789;0
790;0
791;0
792;0
793;0
794;0
795;0
796;0
797;0
798;0
799;0
800;0
801;0
802;0
803;0
804;0
805;0
806;0
807;0
808;0
809;0
810;0
811;0
812;0
813;0
814;0
815;0
816;0
817;0
818;0
819;0
820;0
821;0
822;0
823;0
824;0
825;0
826;0
827;0
828;0
829;0
830;0
831;0
832;0
833;0
834;0
835;0
836;0
837;0
838;0
839;0
840;0
841;0
842;0
843;0
844;0
845;0
846;0
847;0
848;0
849;0
850;0
851;0
852;0
853;0
854;0
855;0
856;0
857;0
858;0
859;0
860;0
861;0
862;0
863;0
864;0
865;0
866;0
867;0
868;0
869;0
870;0
871;0
872;0
873;0
874;0
875;0
876;0
877;0
878;0
879;0
880;0
881;0
882;0
883;0
884;0
885;0
886;0
887;0
888;0
889;0
890;0
891;0
892;0
893;0
894;0
895;0
896;0
897;0
898;0
899;0
900;0
901;0
902;0
903;0
904;0
905;0
906;0
907;0
908;0
909;0
910;0
911;0
912;0
913;0
914;0
915;0
916;0
917;0
918;0
919;0
920;0
921;0
922;0
923;0
924;0
925;0
926;0
927;0
928;0
929;0
930;0
931;0
932;0
933;0
934;0
935;0
936;0
937;0
938;0
939;0
940;0
941;0
942;0
943;0
944;0
945;0
946;0
947;0
948;0
949;0
950;0
951;0
952;0
953;0
954;0
955;0
956;0
957;0
958;0
959;0
960;0
961;0
962;0
963;0
964;0
965;0
966;0
967;0
968;0
969;0
970;0
971;0
972;0
973;0
974;0
975;0
976;0
977;0
978;0
979;0
980;0
981;0
982;0
983;0
984;0
985;0
986;0
987;0
988;0
989;0
990;0
991;0
992;0
993;0
994;0
995;0
996;0
997;0
998;0
999;0
1000;0
1001;0
1002;0
1003;0
1004;0
1005;0
1006;0
1007;0
1008;0
1009;0
1010;0
1011;0
1012;0
1013;0
1014;0
1015;0
1016;0
1017;0
1018;0
1019;0
1020;0
1021;0
1022;0
1023;0
1024;0
