L 32,p 0.592700,Z 100000
/* Tamanio de cluster; Ocurrencias de cada tamaño de cluster */
1;1985765
2;456355
3;278695
4;188093
5;131415
6;97630
7;76407
8;61653
9;51362
10;43384
11;36285
12;31598
13;27564
14;24523
15;22112
16;19807
17;17930
18;16226
19;14817
20;13367
21;12579
22;11575
23;10691
24;9969
25;9364
26;8685
27;8068
28;7690
29;7261
30;6880
31;6407
32;6268
33;5760
34;5559
35;5356
36;5207
37;4755
38;4668
39;4404
40;4310
41;4008
42;3962
43;3808
44;3693
45;3495
46;3524
47;3201
48;3199
49;3084
50;2962
51;2875
52;2856
53;2723
54;2677
55;2546
56;2578
57;2398
58;2291
59;2290
60;2230
61;2114
62;2050
63;2004
64;2005
65;1901
66;1917
67;1865
68;1781
69;1686
70;1760
71;1676
72;1615
73;1636
74;1573
75;1549
76;1520
77;1370
78;1415
79;1387
80;1348
81;1286
82;1357
83;1307
84;1342
85;1223
86;1231
87;1242
88;1213
89;1144
90;1183
91;1101
92;1125
93;1091
94;1079
95;1044
96;1060
97;1009
98;994
99;994
100;942
101;952
102;966
103;937
104;852
105;833
106;895
107;848
108;836
109;870
110;845
111;802
112;818
113;797
114;795
115;791
116;811
117;721
118;746
119;759
120;676
121;728
122;701
123;672
124;673
125;669
126;676
127;680
128;644
129;637
130;650
131;659
132;634
133;602
134;582
135;620
136;553
137;592
138;579
139;592
140;547
141;551
142;502
143;567
144;556
145;567
146;510
147;521
148;561
149;553
150;490
151;511
152;498
153;512
154;513
155;464
156;506
157;433
158;485
159;440
160;445
161;476
162;435
163;424
164;457
165;435
166;436
167;372
168;437
169;448
170;413
171;420
172;426
173;398
174;365
175;428
176;396
177;392
178;399
179;375
180;379
181;357
182;387
183;365
184;354
185;370
186;338
187;361
188;349
189;352
190;376
191;322
192;366
193;322
194;334
195;319
196;324
197;341
198;331
199;337
200;306
201;311
202;344
203;330
204;296
205;280
206;308
207;306
208;336
209;337
210;299
211;303
212;282
213;277
214;274
215;300
216;288
217;284
218;285
219;281
220;274
221;268
222;237
223;284
224;244
225;269
226;266
227;232
228;294
229;260
230;267
231;263
232;279
233;254
234;237
235;242
236;234
237;231
238;229
239;247
240;246
241;236
242;251
243;249
244;252
245;216
246;230
247;206
248;239
249;238
250;213
251;224
252;258
253;211
254;201
255;214
256;231
257;220
258;197
259;233
260;226
261;194
262;210
263;224
264;208
265;221
266;181
267;195
268;205
269;206
270;183
271;212
272;195
273;199
274;186
275;190
276;175
277;204
278;195
279;196
280;161
281;181
282;217
283;203
284;165
285;173
286;192
287;183
288;164
289;185
290;171
291;171
292;178
293;172
294;166
295;198
296;180
297;151
298;181
299;136
300;150
301;179
302;151
303;141
304;147
305;148
306;131
307;148
308;151
309;156
310;168
311;148
312;141
313;151
314;161
315;157
316;166
317;146
318;152
319;144
320;163
321;121
322;145
323;130
324;154
325;143
326;148
327;112
328;120
329;141
330;119
331;141
332;117
333;133
334;109
335;122
336;115
337;110
338;101
339;112
340;126
341;109
342;104
343;109
344;124
345;116
346;112
347;104
348;105
349;116
350;115
351;100
352;91
353;106
354;101
355;94
356;107
357;111
358;100
359;102
360;94
361;95
362;99
363;80
364;93
365;62
366;86
367;103
368;89
369;81
370;88
371;84
372;82
373;78
374;104
375;91
376;80
377;83
378;73
379;89
380;74
381;85
382;66
383;69
384;61
385;58
386;69
387;72
388;83
389;73
390;67
391;71
392;77
393;69
394;55
395;58
396;55
397;55
398;55
399;62
400;51
401;60
402;57
403;61
404;65
405;52
406;49
407;46
408;52
409;50
410;49
411;27
412;44
413;46
414;41
415;32
416;45
417;37
418;42
419;43
420;36
421;39
422;46
423;44
424;29
425;33
426;34
427;46
428;29
429;32
430;44
431;31
432;33
433;22
434;22
435;21
436;29
437;27
438;26
439;29
440;26
441;28
442;25
443;30
444;19
445;21
446;30
447;29
448;23
449;22
450;18
451;27
452;18
453;21
454;20
455;19
456;17
457;14
458;19
459;22
460;23
461;18
462;10
463;13
464;19
465;13
466;15
467;12
468;12
469;12
470;12
471;10
472;10
473;6
474;10
475;14
476;12
477;7
478;15
479;11
480;10
481;10
482;10
483;5
484;8
485;11
486;12
487;8
488;7
489;2
490;6
491;5
492;5
493;3
494;5
495;4
496;4
497;3
498;4
499;2
500;5
501;2
502;0
503;5
504;4
505;1
506;5
507;3
508;1
509;1
510;3
511;1
512;4
513;2
514;1
515;2
516;2
517;4
518;2
519;3
520;0
521;0
522;0
523;0
524;1
525;1
526;2
527;0
528;1
529;1
530;3
531;0
532;0
533;0
534;0
535;1
536;0
537;0
538;1
539;0
540;4
541;1
542;1
543;0
544;0
545;0
546;0
547;0
548;1
549;0
550;0
551;0
552;1
553;0
554;0
555;0
556;1
557;0
558;0
559;0
560;0
561;0
562;0
563;0
564;0
565;1
566;0
567;1
568;0
569;0
570;0
571;0
572;0
573;0
574;0
575;0
576;0
577;0
578;0
579;0
580;0
581;0
582;0
583;0
584;0
585;0
586;0
587;0
588;0
589;0
590;0
591;0
592;0
593;0
594;0
595;0
596;0
597;0
598;0
599;0
600;0
601;0
602;0
603;0
604;0
605;0
606;0
607;0
608;0
609;0
610;0
611;0
612;0
613;0
614;0
615;0
616;0
617;0
618;0
619;0
620;0
621;0
622;0
623;0
624;0
625;0
626;0
627;0
628;0
629;0
630;0
631;0
632;0
633;0
634;0
635;0
636;0
637;0
638;0
639;0
640;0
641;0
642;0
643;0
644;0
645;0
646;0
647;0
648;0
649;0
650;0
651;0
652;0
653;0
654;0
655;0
656;0
657;0
658;0
659;0
660;0
661;0
662;0
663;0
664;0
665;0
666;0
667;0
668;0
669;0
670;0
671;0
672;0
673;0
674;0
675;0
676;0
677;0
678;0
679;0
680;0
681;0
682;0
683;0
684;0
685;0
686;0
687;0
688;0
689;0
690;0
691;0
692;0
693;0
694;0
695;0
696;0
697;0
698;0
699;0
700;0
701;0
702;0
703;0
704;0
705;0
706;0
707;0
708;0
709;0
710;0
711;0
712;0
713;0
714;0
715;0
716;0
717;0
718;0
719;0
720;0
721;0
722;0
723;0
724;0
725;0
726;0
727;0
728;0
729;0
730;0
731;0
732;0
733;0
734;0
735;0
736;0
737;0
738;0
739;0
740;0
741;0
742;0
743;0
744;0
745;0
746;0
747;0
748;0
749;0
750;0
751;0
752;0
753;0
754;0
755;0
756;0
757;0
758;0
759;0
760;0
761;0
762;0
763;0
764;0
765;0
766;0
767;0
768;0
769;0
770;0
771;0
772;0
773;0
774;0
775;0
776;0
777;0
778;0
779;0
780;0
781;0
782;0
783;0
784;0
785;0
786;0
787;0
788;0
789;0
790;0
791;0
792;0
793;0
794;0
795;0
796;0
797;0
798;0
799;0
800;0
801;0
802;0
803;0
804;0
805;0
806;0
807;0
808;0
809;0
810;0
811;0
812;0
813;0
814;0
815;0
816;0
817;0
818;0
819;0
820;0
821;0
822;0
823;0
824;0
825;0
826;0
827;0
828;0
829;0
830;0
831;0
832;0
833;0
834;0
835;0
836;0
837;0
838;0
839;0
840;0
841;0
842;0
843;0
844;0
845;0
846;0
847;0
848;0
849;0
850;0
851;0
852;0
853;0
854;0
855;0
856;0
857;0
858;0
859;0
860;0
861;0
862;0
863;0
864;0
865;0
866;0
867;0
868;0
869;0
870;0
871;0
872;0
873;0
874;0
875;0
876;0
877;0
878;0
879;0
880;0
881;0
882;0
883;0
884;0
885;0
886;0
887;0
888;0
889;0
890;0
891;0
892;0
893;0
894;0
895;0
896;0
897;0
898;0
899;0
900;0
901;0
902;0
903;0
904;0
905;0
906;0
907;0
908;0
909;0
910;0
911;0
912;0
913;0
914;0
915;0
916;0
917;0
918;0
919;0
920;0
921;0
922;0
923;0
924;0
925;0
926;0
927;0
928;0
929;0
930;0
931;0
932;0
933;0
934;0
935;0
936;0
937;0
938;0
939;0
940;0
941;0
942;0
943;0
944;0
945;0
946;0
947;0
948;0
949;0
950;0
951;0
952;0
953;0
954;0
955;0
956;0
957;0
958;0
959;0
960;0
961;0
962;0
963;0
964;0
965;0
966;0
967;0
968;0
969;0
970;0
971;0
972;0
973;0
974;0
975;0
976;0
977;0
978;0
979;0
980;0
981;0
982;0
983;0
984;0
985;0
986;0
987;0
988;0
989;0
990;0
991;0
992;0
993;0
994;0
995;0
996;0
997;0
998;0
999;0
1000;0
1001;0
1002;0
1003;0
1004;0
1005;0
1006;0
1007;0
1008;0
1009;0
1010;0
1011;0
1012;0
1013;0
1014;0
1015;0
1016;0
1017;0
1018;0
1019;0
1020;0
1021;0
1022;0
1023;0
1024;0
