L 32,p 0.593200,Z 100000
/* Tamanio de cluster; Ocurrencias de cada tamaño de cluster */
1;1980892
2;455206
3;277125
4;186470
5;131334
6;97255
7;75582
8;61124
9;50986
10;42690
11;36263
12;31581
13;27678
14;24438
15;21978
16;19658
17;17678
18;16055
19;14730
20;13346
21;12354
22;11586
23;10489
24;9918
25;9156
26;8840
27;8057
28;7667
29;7280
30;6857
31;6352
32;6008
33;5842
34;5521
35;5231
36;5014
37;4911
38;4590
39;4432
40;4162
41;4095
42;3884
43;3814
44;3617
45;3637
46;3404
47;3297
48;3230
49;3101
50;2954
51;2914
52;2665
53;2629
54;2683
55;2546
56;2434
57;2395
58;2220
59;2249
60;2077
61;2104
62;2070
63;2044
64;1986
65;1933
66;1873
67;1797
68;1833
69;1736
70;1706
71;1655
72;1628
73;1633
74;1609
75;1518
76;1452
77;1472
78;1460
79;1423
80;1400
81;1378
82;1296
83;1253
84;1231
85;1255
86;1223
87;1171
88;1171
89;1176
90;1167
91;1150
92;1041
93;1039
94;1081
95;1069
96;1018
97;1044
98;984
99;944
100;947
101;986
102;895
103;909
104;905
105;837
106;876
107;874
108;871
109;851
110;812
111;780
112;858
113;782
114;803
115;768
116;773
117;767
118;713
119;707
120;707
121;704
122;708
123;720
124;709
125;682
126;645
127;596
128;639
129;658
130;631
131;622
132;600
133;616
134;573
135;601
136;613
137;580
138;570
139;572
140;548
141;572
142;556
143;480
144;540
145;507
146;513
147;527
148;530
149;520
150;484
151;515
152;506
153;490
154;462
155;511
156;460
157;446
158;450
159;435
160;459
161;481
162;423
163;428
164;403
165;428
166;425
167;464
168;456
169;430
170;397
171;436
172;395
173;449
174;402
175;402
176;380
177;394
178;373
179;382
180;388
181;379
182;405
183;369
184;365
185;377
186;351
187;368
188;360
189;348
190;324
191;357
192;343
193;331
194;344
195;328
196;343
197;353
198;319
199;322
200;313
201;285
202;338
203;325
204;315
205;299
206;286
207;285
208;297
209;297
210;309
211;316
212;326
213;295
214;333
215;284
216;296
217;280
218;280
219;282
220;265
221;262
222;297
223;287
224;280
225;265
226;266
227;265
228;267
229;297
230;245
231;276
232;256
233;244
234;237
235;248
236;238
237;237
238;245
239;232
240;253
241;258
242;235
243;244
244;239
245;240
246;225
247;238
248;245
249;211
250;222
251;235
252;206
253;236
254;239
255;232
256;218
257;214
258;209
259;223
260;222
261;208
262;202
263;184
264;207
265;199
266;214
267;210
268;204
269;208
270;177
271;187
272;182
273;198
274;194
275;204
276;195
277;178
278;182
279;193
280;174
281;202
282;196
283;183
284;192
285;137
286;181
287;189
288;156
289;163
290;181
291;169
292;180
293;163
294;168
295;148
296;169
297;150
298;157
299;166
300;141
301;159
302;162
303;171
304;160
305;148
306;170
307;140
308;140
309;143
310;169
311;134
312;142
313;150
314;121
315;143
316;130
317;140
318;137
319;122
320;143
321;120
322;161
323;135
324;124
325;145
326;124
327;131
328;124
329;145
330;144
331;119
332;120
333;122
334;116
335;136
336;120
337;124
338;110
339;110
340;109
341;105
342;121
343;119
344;126
345;118
346;100
347;105
348;107
349;107
350;104
351;105
352;95
353;99
354;94
355;99
356;98
357;105
358;98
359;76
360;100
361;95
362;103
363;119
364;97
365;85
366;91
367;85
368;77
369;86
370;90
371;74
372;72
373;89
374;88
375;81
376;100
377;73
378;80
379;82
380;62
381;90
382;72
383;71
384;89
385;52
386;78
387;88
388;67
389;86
390;54
391;54
392;56
393;55
394;63
395;62
396;73
397;61
398;59
399;49
400;48
401;47
402;55
403;55
404;48
405;65
406;49
407;71
408;57
409;48
410;48
411;41
412;46
413;45
414;45
415;48
416;44
417;37
418;45
419;32
420;34
421;40
422;47
423;50
424;55
425;42
426;31
427;38
428;26
429;34
430;41
431;50
432;35
433;26
434;38
435;28
436;24
437;29
438;33
439;27
440;30
441;26
442;27
443;25
444;23
445;17
446;26
447;19
448;33
449;22
450;31
451;21
452;22
453;17
454;19
455;26
456;20
457;17
458;16
459;15
460;24
461;14
462;15
463;11
464;10
465;13
466;19
467;13
468;23
469;11
470;21
471;13
472;10
473;12
474;11
475;11
476;9
477;7
478;7
479;6
480;7
481;5
482;6
483;10
484;5
485;6
486;4
487;7
488;7
489;6
490;2
491;7
492;6
493;10
494;5
495;3
496;4
497;4
498;9
499;3
500;1
501;9
502;6
503;3
504;2
505;6
506;3
507;3
508;4
509;0
510;5
511;3
512;1
513;2
514;3
515;2
516;1
517;2
518;0
519;3
520;2
521;1
522;0
523;3
524;1
525;0
526;1
527;1
528;1
529;0
530;0
531;0
532;0
533;1
534;0
535;1
536;0
537;0
538;0
539;0
540;1
541;0
542;0
543;0
544;0
545;0
546;0
547;0
548;0
549;0
550;0
551;0
552;0
553;0
554;1
555;0
556;0
557;0
558;0
559;0
560;0
561;0
562;0
563;0
564;0
565;0
566;0
567;0
568;0
569;0
570;0
571;0
572;0
573;0
574;0
575;0
576;0
577;0
578;0
579;0
580;0
581;0
582;0
583;0
584;0
585;0
586;0
587;0
588;0
589;0
590;0
591;0
592;0
593;0
594;0
595;0
596;0
597;0
598;0
599;0
600;0
601;0
602;0
603;0
604;0
605;0
606;0
607;0
608;0
609;0
610;0
611;0
612;0
613;0
614;0
615;0
616;0
617;0
618;0
619;0
620;0
621;0
622;0
623;0
624;0
625;0
626;0
627;0
628;0
629;0
630;0
631;0
632;0
633;0
634;0
635;0
636;0
637;0
638;0
639;0
640;0
641;0
642;0
643;0
644;0
645;0
646;0
647;0
648;0
649;0
650;0
651;0
652;0
653;0
654;0
655;0
656;0
657;0
658;0
659;0
660;0
661;0
662;0
663;0
664;0
665;0
666;0
667;0
668;0
669;0
670;0
671;0
672;0
673;0
674;0
675;0
676;0
677;0
678;0
679;0
680;0
681;0
682;0
683;0
684;0
685;0
686;0
687;0
688;0
689;0
690;0
691;0
692;0
693;0
694;0
695;0
696;0
697;0
698;0
699;0
700;0
701;0
702;0
703;0
704;0
705;0
706;0
707;0
708;0
709;0
710;0
711;0
712;0
713;0
714;0
715;0
716;0
717;0
718;0
719;0
720;0
721;0
722;0
723;0
724;0
725;0
726;0
727;0
728;0
729;0
730;0
731;0
732;0
733;0
734;0
735;0
736;0
737;0
738;0
739;0
740;0
741;0
742;0
743;0
744;0
745;0
746;0
747;0
748;0
749;0
750;0
751;0
752;0
753;0
754;0
755;0
756;0
757;0
758;0
759;0
760;0
761;0
762;0
763;0
764;0
765;0
766;0
767;0
768;0
769;0
770;0
771;0
772;0
773;0
774;0
775;0
776;0
777;0
778;0
779;0
780;0
781;0
782;0
783;0
784;0
785;0
786;0
787;0
788;0
789;0
790;0
791;0
792;0
793;0
794;0
795;0
796;0
797;0
798;0
799;0
800;0
801;0
802;0
803;0
804;0
805;0
806;0
807;0
808;0
809;0
810;0
811;0
812;0
813;0
814;0
815;0
816;0
817;0
818;0
819;0
820;0
821;0
822;0
823;0
824;0
825;0
826;0
827;0
828;0
829;0
830;0
831;0
832;0
833;0
834;0
835;0
836;0
837;0
838;0
839;0
840;0
841;0
842;0
843;0
844;0
845;0
846;0
847;0
848;0
849;0
850;0
851;0
852;0
853;0
854;0
855;0
856;0
857;0
858;0
859;0
860;0
861;0
862;0
863;0
864;0
865;0
866;0
867;0
868;0
869;0
870;0
871;0
872;0
873;0
874;0
875;0
876;0
877;0
878;0
879;0
880;0
881;0
882;0
883;0
884;0
885;0
886;0
887;0
888;0
889;0
890;0
891;0
892;0
893;0
894;0
895;0
896;0
897;0
898;0
899;0
900;0
901;0
902;0
903;0
904;0
905;0
906;0
907;0
908;0
909;0
910;0
911;0
912;0
913;0
914;0
915;0
916;0
917;0
918;0
919;0
920;0
921;0
922;0
923;0
924;0
925;0
926;0
927;0
928;0
929;0
930;0
931;0
932;0
933;0
934;0
935;0
936;0
937;0
938;0
939;0
940;0
941;0
942;0
943;0
944;0
945;0
946;0
947;0
948;0
949;0
950;0
951;0
952;0
953;0
954;0
955;0
956;0
957;0
958;0
959;0
960;0
961;0
962;0
963;0
964;0
965;0
966;0
967;0
968;0
969;0
970;0
971;0
972;0
973;0
974;0
975;0
976;0
977;0
978;0
979;0
980;0
981;0
982;0
983;0
984;0
985;0
986;0
987;0
988;0
989;0
990;0
991;0
992;0
993;0
994;0
995;0
996;0
997;0
998;0
999;0
1000;0
1001;0
1002;0
1003;0
1004;0
1005;0
1006;0
1007;0
1008;0
1009;0
1010;0
1011;0
1012;0
1013;0
1014;0
1015;0
1016;0
1017;0
1018;0
1019;0
1020;0
1021;0
1022;0
1023;0
1024;0
