L 32,p 0.586200,Z 100000
/* Tamanio de cluster; Ocurrencias de cada tamaño de cluster */
1;2084953
2;486851
3;298375
4;201335
5;141837
6;105430
7;82974
8;67248
9;55539
10;47212
11;39932
12;34968
13;30421
14;27028
15;23985
16;21524
17;19605
18;17863
19;16289
20;14907
21;13874
22;12553
23;12023
24;10830
25;10500
26;9736
27;9197
28;8625
29;8041
30;7619
31;7344
32;6945
33;6512
34;6258
35;5972
36;5542
37;5280
38;5191
39;4944
40;4848
41;4589
42;4420
43;4159
44;4009
45;3838
46;3816
47;3620
48;3590
49;3446
50;3266
51;3155
52;3042
53;3033
54;2864
55;2838
56;2681
57;2677
58;2519
59;2502
60;2476
61;2388
62;2359
63;2349
64;2176
65;2099
66;2102
67;2103
68;2066
69;1947
70;1956
71;1837
72;1875
73;1764
74;1776
75;1738
76;1646
77;1620
78;1568
79;1592
80;1545
81;1463
82;1557
83;1421
84;1367
85;1438
86;1340
87;1370
88;1346
89;1290
90;1246
91;1274
92;1173
93;1200
94;1174
95;1138
96;1201
97;1164
98;1059
99;1064
100;1111
101;1060
102;1002
103;1020
104;1020
105;976
106;954
107;1020
108;920
109;932
110;935
111;965
112;838
113;869
114;893
115;835
116;849
117;810
118;803
119;813
120;836
121;817
122;771
123;787
124;761
125;737
126;782
127;711
128;708
129;729
130;713
131;710
132;742
133;714
134;667
135;667
136;604
137;615
138;668
139;650
140;663
141;594
142;594
143;587
144;584
145;572
146;576
147;571
148;592
149;548
150;568
151;524
152;596
153;554
154;539
155;544
156;522
157;469
158;543
159;495
160;498
161;482
162;483
163;511
164;478
165;494
166;473
167;444
168;475
169;467
170;476
171;476
172;455
173;458
174;491
175;428
176;465
177;413
178;407
179;459
180;412
181;408
182;422
183;400
184;392
185;399
186;374
187;382
188;361
189;390
190;368
191;384
192;370
193;372
194;378
195;364
196;357
197;344
198;353
199;377
200;336
201;352
202;336
203;311
204;364
205;366
206;364
207;348
208;317
209;352
210;339
211;315
212;274
213;326
214;319
215;324
216;310
217;315
218;337
219;319
220;314
221;287
222;279
223;314
224;300
225;303
226;317
227;301
228;271
229;328
230;289
231;294
232;265
233;270
234;275
235;278
236;248
237;267
238;262
239;242
240;255
241;246
242;279
243;247
244;261
245;261
246;240
247;239
248;273
249;212
250;238
251;203
252;235
253;209
254;236
255;249
256;239
257;246
258;216
259;241
260;219
261;193
262;224
263;207
264;183
265;222
266;230
267;188
268;221
269;214
270;193
271;196
272;192
273;186
274;208
275;186
276;203
277;198
278;178
279;206
280;184
281;186
282;190
283;189
284;168
285;176
286;184
287;173
288;190
289;165
290;175
291;165
292;162
293;176
294;174
295;157
296;159
297;183
298;193
299;170
300;162
301;174
302;158
303;154
304;161
305;147
306;149
307;150
308;144
309;138
310;140
311;139
312;162
313;161
314;137
315;150
316;142
317;155
318;135
319;140
320;138
321;139
322;132
323;132
324;135
325;141
326;134
327;107
328;128
329;101
330;133
331;117
332;142
333;123
334;100
335;130
336;129
337;113
338;123
339;95
340;118
341;114
342;112
343;113
344;116
345;87
346;97
347;111
348;95
349;104
350;108
351;92
352;107
353;88
354;87
355;77
356;89
357;91
358;109
359;89
360;77
361;93
362;90
363;93
364;71
365;71
366;82
367;85
368;81
369;85
370;62
371;81
372;72
373;76
374;64
375;90
376;55
377;64
378;70
379;62
380;59
381;66
382;66
383;57
384;56
385;68
386;73
387;57
388;49
389;68
390;52
391;62
392;53
393;58
394;58
395;53
396;62
397;57
398;42
399;50
400;61
401;37
402;44
403;50
404;53
405;53
406;47
407;40
408;48
409;57
410;47
411;34
412;40
413;37
414;39
415;39
416;31
417;37
418;42
419;27
420;29
421;33
422;40
423;34
424;37
425;26
426;29
427;26
428;24
429;20
430;13
431;30
432;35
433;26
434;24
435;18
436;21
437;29
438;24
439;30
440;24
441;24
442;18
443;22
444;19
445;22
446;18
447;24
448;8
449;14
450;11
451;15
452;16
453;15
454;14
455;14
456;11
457;9
458;6
459;14
460;17
461;14
462;9
463;17
464;11
465;10
466;11
467;12
468;9
469;5
470;8
471;7
472;7
473;8
474;8
475;10
476;5
477;2
478;3
479;7
480;3
481;7
482;7
483;4
484;0
485;0
486;1
487;3
488;4
489;3
490;3
491;5
492;2
493;4
494;1
495;1
496;4
497;1
498;2
499;1
500;3
501;4
502;2
503;3
504;1
505;2
506;2
507;2
508;2
509;0
510;0
511;1
512;0
513;0
514;1
515;0
516;2
517;0
518;0
519;0
520;3
521;0
522;2
523;0
524;0
525;0
526;1
527;2
528;0
529;0
530;1
531;0
532;1
533;0
534;0
535;0
536;0
537;0
538;0
539;0
540;0
541;0
542;0
543;0
544;0
545;0
546;0
547;0
548;0
549;1
550;0
551;0
552;0
553;0
554;0
555;0
556;0
557;0
558;0
559;0
560;0
561;0
562;0
563;0
564;0
565;0
566;0
567;0
568;0
569;0
570;0
571;0
572;0
573;0
574;0
575;0
576;0
577;0
578;0
579;0
580;0
581;0
582;0
583;0
584;0
585;0
586;0
587;0
588;0
589;0
590;0
591;0
592;0
593;0
594;0
595;0
596;0
597;0
598;0
599;0
600;0
601;0
602;0
603;0
604;0
605;0
606;0
607;0
608;0
609;0
610;0
611;0
612;0
613;0
614;0
615;0
616;0
617;0
618;0
619;0
620;0
621;0
622;0
623;0
624;0
625;0
626;0
627;0
628;0
629;0
630;0
631;0
632;0
633;0
634;0
635;0
636;0
637;0
638;0
639;0
640;0
641;0
642;0
643;0
644;0
645;0
646;0
647;0
648;0
649;0
650;0
651;0
652;0
653;0
654;0
655;0
656;0
657;0
658;0
659;0
660;0
661;0
662;0
663;0
664;0
665;0
666;0
667;0
668;0
669;0
670;0
671;0
672;0
673;0
674;0
675;0
676;0
677;0
678;0
679;0
680;0
681;0
682;0
683;0
684;0
685;0
686;0
687;0
688;0
689;0
690;0
691;0
692;0
693;0
694;0
695;0
696;0
697;0
698;0
699;0
700;0
701;0
702;0
703;0
704;0
705;0
706;0
707;0
708;0
709;0
710;0
711;0
712;0
713;0
714;0
715;0
716;0
717;0
718;0
719;0
720;0
721;0
722;0
723;0
724;0
725;0
726;0
727;0
728;0
729;0
730;0
731;0
732;0
733;0
734;0
735;0
736;0
737;0
738;0
739;0
740;0
741;0
742;0
743;0
744;0
745;0
746;0
747;0
748;0
749;0
750;0
751;0
752;0
753;0
754;0
755;0
756;0
757;0
758;0
759;0
760;0
761;0
762;0
763;0
764;0
765;0
766;0
767;0
768;0
769;0
770;0
771;0
772;0
773;0
774;0
775;0
776;0
777;0
778;0
779;0
780;0
781;0
782;0
783;0
784;0
785;0
786;0
787;0
788;0
789;0
790;0
791;0
792;0
793;0
794;0
795;0
796;0
797;0
798;0
799;0
800;0
801;0
802;0
803;0
804;0
805;0
806;0
807;0
808;0
809;0
810;0
811;0
812;0
813;0
814;0
815;0
816;0
817;0
818;0
819;0
820;0
821;0
822;0
823;0
824;0
825;0
826;0
827;0
828;0
829;0
830;0
831;0
832;0
833;0
834;0
835;0
836;0
837;0
838;0
839;0
840;0
841;0
842;0
843;0
844;0
845;0
846;0
847;0
848;0
849;0
850;0
851;0
852;0
853;0
854;0
855;0
856;0
857;0
858;0
859;0
860;0
861;0
862;0
863;0
864;0
865;0
866;0
867;0
868;0
869;0
870;0
871;0
872;0
873;0
874;0
875;0
876;0
877;0
878;0
879;0
880;0
881;0
882;0
883;0
884;0
885;0
886;0
887;0
888;0
889;0
890;0
891;0
892;0
893;0
894;0
895;0
896;0
897;0
898;0
899;0
900;0
901;0
902;0
903;0
904;0
905;0
906;0
907;0
908;0
909;0
910;0
911;0
912;0
913;0
914;0
915;0
916;0
917;0
918;0
919;0
920;0
921;0
922;0
923;0
924;0
925;0
926;0
927;0
928;0
929;0
930;0
931;0
932;0
933;0
934;0
935;0
936;0
937;0
938;0
939;0
940;0
941;0
942;0
943;0
944;0
945;0
946;0
947;0
948;0
949;0
950;0
951;0
952;0
953;0
954;0
955;0
956;0
957;0
958;0
959;0
960;0
961;0
962;0
963;0
964;0
965;0
966;0
967;0
968;0
969;0
970;0
971;0
972;0
973;0
974;0
975;0
976;0
977;0
978;0
979;0
980;0
981;0
982;0
983;0
984;0
985;0
986;0
987;0
988;0
989;0
990;0
991;0
992;0
993;0
994;0
995;0
996;0
997;0
998;0
999;0
1000;0
1001;0
1002;0
1003;0
1004;0
1005;0
1006;0
1007;0
1008;0
1009;0
1010;0
1011;0
1012;0
1013;0
1014;0
1015;0
1016;0
1017;0
1018;0
1019;0
1020;0
1021;0
1022;0
1023;0
1024;0
