L 32,p 0.586300,Z 100000
/* Tamanio de cluster; Ocurrencias de cada tamaño de cluster */
1;2083751
2;486553
3;297467
4;201212
5;141177
6;105770
7;82843
8;66993
9;55393
10;46534
11;39962
12;34847
13;30350
14;27202
15;23683
16;21330
17;19786
18;17638
19;16278
20;14774
21;13762
22;12851
23;11916
24;10895
25;10272
26;9623
27;8972
28;8571
29;7910
30;7623
31;7269
32;6787
33;6588
34;6233
35;5805
36;5546
37;5319
38;5074
39;4998
40;4759
41;4500
42;4405
43;4142
44;4138
45;3880
46;3699
47;3628
48;3594
49;3373
50;3302
51;3207
52;3033
53;2988
54;2953
55;2723
56;2715
57;2748
58;2614
59;2560
60;2455
61;2364
62;2293
63;2215
64;2221
65;2105
66;2098
67;2035
68;1995
69;1922
70;1908
71;1861
72;1808
73;1782
74;1719
75;1735
76;1705
77;1699
78;1575
79;1502
80;1549
81;1505
82;1419
83;1439
84;1381
85;1370
86;1428
87;1366
88;1355
89;1288
90;1251
91;1250
92;1244
93;1208
94;1201
95;1139
96;1150
97;1113
98;1045
99;1065
100;1057
101;1059
102;1064
103;1024
104;1031
105;971
106;1024
107;993
108;966
109;934
110;974
111;907
112;916
113;931
114;862
115;833
116;823
117;804
118;829
119;831
120;832
121;790
122;808
123;750
124;784
125;786
126;708
127;761
128;732
129;707
130;676
131;727
132;698
133;669
134;697
135;657
136;679
137;646
138;649
139;633
140;625
141;611
142;573
143;588
144;598
145;592
146;584
147;566
148;584
149;615
150;523
151;545
152;564
153;548
154;549
155;507
156;566
157;540
158;520
159;558
160;445
161;509
162;501
163;501
164;468
165;468
166;469
167;497
168;494
169;448
170;448
171;454
172;435
173;464
174;467
175;445
176;411
177;444
178;423
179;457
180;425
181;405
182;414
183;384
184;400
185;387
186;394
187;427
188;382
189;384
190;356
191;376
192;387
193;383
194;379
195;396
196;352
197;378
198;355
199;341
200;374
201;345
202;326
203;352
204;337
205;371
206;363
207;330
208;345
209;317
210;372
211;337
212;299
213;356
214;301
215;300
216;342
217;315
218;314
219;330
220;327
221;298
222;304
223;299
224;288
225;275
226;293
227;263
228;290
229;274
230;277
231;285
232;289
233;270
234;292
235;266
236;269
237;285
238;258
239;238
240;272
241;232
242;244
243;256
244;248
245;240
246;232
247;236
248;243
249;263
250;213
251;199
252;266
253;252
254;237
255;226
256;226
257;240
258;229
259;219
260;214
261;244
262;208
263;231
264;215
265;203
266;210
267;220
268;224
269;182
270;199
271;169
272;178
273;210
274;219
275;188
276;184
277;184
278;191
279;202
280;198
281;204
282;187
283;190
284;193
285;199
286;187
287;180
288;171
289;188
290;160
291;171
292;173
293;165
294;170
295;160
296;171
297;159
298;170
299;164
300;157
301;139
302;157
303;142
304;141
305;156
306;157
307;142
308;148
309;155
310;141
311;129
312;143
313;150
314;164
315;137
316;142
317;137
318;133
319;143
320;138
321;131
322;134
323;144
324;124
325;120
326;131
327;132
328;119
329;112
330;103
331;127
332;119
333;123
334;132
335;119
336;109
337;106
338;118
339;104
340;105
341;95
342;123
343;115
344;108
345;118
346;88
347;101
348;110
349;100
350;98
351;105
352;88
353;100
354;123
355;111
356;81
357;83
358;86
359;97
360;81
361;75
362;75
363;94
364;78
365;81
366;73
367;78
368;71
369;82
370;78
371;68
372;75
373;66
374;54
375;79
376;64
377;77
378;76
379;72
380;69
381;77
382;68
383;72
384;67
385;61
386;74
387;66
388;59
389;62
390;51
391;62
392;59
393;46
394;53
395;65
396;56
397;52
398;50
399;48
400;44
401;40
402;37
403;53
404;46
405;37
406;49
407;38
408;36
409;36
410;38
411;41
412;44
413;40
414;46
415;36
416;32
417;34
418;32
419;22
420;30
421;37
422;40
423;27
424;29
425;36
426;30
427;31
428;33
429;28
430;26
431;26
432;22
433;32
434;26
435;20
436;22
437;22
438;18
439;20
440;18
441;17
442;21
443;23
444;12
445;14
446;16
447;15
448;16
449;13
450;15
451;8
452;17
453;15
454;13
455;11
456;10
457;13
458;6
459;13
460;10
461;19
462;12
463;11
464;10
465;6
466;11
467;8
468;11
469;14
470;6
471;7
472;9
473;5
474;4
475;6
476;9
477;6
478;4
479;12
480;6
481;6
482;6
483;5
484;2
485;2
486;5
487;4
488;6
489;3
490;1
491;2
492;2
493;2
494;6
495;2
496;2
497;3
498;2
499;3
500;3
501;2
502;1
503;0
504;1
505;0
506;3
507;1
508;0
509;0
510;1
511;1
512;2
513;3
514;0
515;3
516;1
517;0
518;0
519;1
520;0
521;2
522;1
523;3
524;2
525;2
526;1
527;0
528;0
529;1
530;0
531;0
532;0
533;0
534;0
535;1
536;0
537;0
538;0
539;0
540;0
541;2
542;0
543;0
544;1
545;0
546;0
547;0
548;0
549;0
550;0
551;0
552;0
553;0
554;0
555;0
556;0
557;0
558;0
559;0
560;0
561;0
562;0
563;0
564;0
565;0
566;0
567;0
568;0
569;0
570;0
571;0
572;0
573;0
574;0
575;0
576;0
577;0
578;0
579;0
580;0
581;0
582;0
583;0
584;0
585;0
586;0
587;0
588;0
589;0
590;0
591;0
592;0
593;0
594;0
595;0
596;0
597;0
598;0
599;0
600;0
601;0
602;0
603;0
604;0
605;0
606;0
607;0
608;0
609;0
610;0
611;0
612;0
613;0
614;0
615;0
616;0
617;0
618;0
619;0
620;0
621;0
622;0
623;0
624;0
625;0
626;0
627;0
628;0
629;0
630;0
631;0
632;0
633;0
634;0
635;0
636;0
637;0
638;0
639;0
640;0
641;0
642;0
643;0
644;0
645;0
646;0
647;0
648;0
649;0
650;0
651;0
652;0
653;0
654;0
655;0
656;0
657;0
658;0
659;0
660;0
661;0
662;0
663;0
664;0
665;0
666;0
667;0
668;0
669;0
670;0
671;0
672;0
673;0
674;0
675;0
676;0
677;0
678;0
679;0
680;0
681;0
682;0
683;0
684;0
685;0
686;0
687;0
688;0
689;0
690;0
691;0
692;0
693;0
694;0
695;0
696;0
697;0
698;0
699;0
700;0
701;0
702;0
703;0
704;0
705;0
706;0
707;0
708;0
709;0
710;0
711;0
712;0
713;0
714;0
715;0
716;0
717;0
718;0
719;0
720;0
721;0
722;0
723;0
724;0
725;0
726;0
727;0
728;0
729;0
730;0
731;0
732;0
733;0
734;0
735;0
736;0
737;0
738;0
739;0
740;0
741;0
742;0
743;0
744;0
745;0
746;0
747;0
748;0
749;0
750;0
751;0
752;0
753;0
754;0
755;0
756;0
757;0
758;0
759;0
760;0
761;0
762;0
763;0
764;0
765;0
766;0
767;0
768;0
769;0
770;0
771;0
772;0
773;0
774;0
775;0
776;0
777;0
778;0
779;0
780;0
781;0
782;0
783;0
784;0
785;0
786;0
787;0
788;0
789;0
790;0
791;0
792;0
793;0
794;0
795;0
796;0
797;0
798;0
799;0
800;0
801;0
802;0
803;0
804;0
805;0
806;0
807;0
808;0
809;0
810;0
811;0
812;0
813;0
814;0
815;0
816;0
817;0
818;0
819;0
820;0
821;0
822;0
823;0
824;0
825;0
826;0
827;0
828;0
829;0
830;0
831;0
832;0
833;0
834;0
835;0
836;0
837;0
838;0
839;0
840;0
841;0
842;0
843;0
844;0
845;0
846;0
847;0
848;0
849;0
850;0
851;0
852;0
853;0
854;0
855;0
856;0
857;0
858;0
859;0
860;0
861;0
862;0
863;0
864;0
865;0
866;0
867;0
868;0
869;0
870;0
871;0
872;0
873;0
874;0
875;0
876;0
877;0
878;0
879;0
880;0
881;0
882;0
883;0
884;0
885;0
886;0
887;0
888;0
889;0
890;0
891;0
892;0
893;0
894;0
895;0
896;0
897;0
898;0
899;0
900;0
901;0
902;0
903;0
904;0
905;0
906;0
907;0
908;0
909;0
910;0
911;0
912;0
913;0
914;0
915;0
916;0
917;0
918;0
919;0
920;0
921;0
922;0
923;0
924;0
925;0
926;0
927;0
928;0
929;0
930;0
931;0
932;0
933;0
934;0
935;0
936;0
937;0
938;0
939;0
940;0
941;0
942;0
943;0
944;0
945;0
946;0
947;0
948;0
949;0
950;0
951;0
952;0
953;0
954;0
955;0
956;0
957;0
958;0
959;0
960;0
961;0
962;0
963;0
964;0
965;0
966;0
967;0
968;0
969;0
970;0
971;0
972;0
973;0
974;0
975;0
976;0
977;0
978;0
979;0
980;0
981;0
982;0
983;0
984;0
985;0
986;0
987;0
988;0
989;0
990;0
991;0
992;0
993;0
994;0
995;0
996;0
997;0
998;0
999;0
1000;0
1001;0
1002;0
1003;0
1004;0
1005;0
1006;0
1007;0
1008;0
1009;0
1010;0
1011;0
1012;0
1013;0
1014;0
1015;0
1016;0
1017;0
1018;0
1019;0
1020;0
1021;0
1022;0
1023;0
1024;0
