L 32,p 0.590100,Z 100000
/* Tamanio de cluster; Ocurrencias de cada tamaño de cluster */
1;2026662
2;467931
3;287506
4;191999
5;134945
6;100455
7;79181
8;63636
9;52993
10;44759
11;37941
12;33165
13;28817
14;25423
15;22778
16;20452
17;18465
18;17012
19;15409
20;14274
21;12751
22;12046
23;11066
24;10276
25;9696
26;9135
27;8467
28;8134
29;7426
30;7233
31;6974
32;6553
33;6091
34;5861
35;5667
36;5298
37;5076
38;4883
39;4696
40;4484
41;4241
42;4188
43;4028
44;3709
45;3619
46;3572
47;3465
48;3298
49;3226
50;3070
51;3101
52;2863
53;2820
54;2713
55;2741
56;2556
57;2520
58;2442
59;2382
60;2336
61;2239
62;2188
63;2065
64;2075
65;2041
66;1957
67;1875
68;1850
69;1812
70;1814
71;1742
72;1635
73;1689
74;1690
75;1609
76;1568
77;1566
78;1545
79;1475
80;1450
81;1408
82;1399
83;1284
84;1350
85;1312
86;1309
87;1330
88;1243
89;1251
90;1186
91;1189
92;1116
93;1078
94;1065
95;1138
96;1078
97;1022
98;1004
99;996
100;1002
101;997
102;1005
103;957
104;958
105;953
106;939
107;901
108;863
109;866
110;896
111;835
112;834
113;812
114;852
115;777
116;812
117;851
118;766
119;807
120;738
121;739
122;732
123;754
124;720
125;754
126;684
127;733
128;702
129;719
130;652
131;657
132;640
133;669
134;623
135;611
136;639
137;639
138;631
139;620
140;574
141;561
142;529
143;535
144;577
145;544
146;573
147;573
148;584
149;535
150;517
151;487
152;502
153;511
154;513
155;495
156;507
157;477
158;516
159;506
160;471
161;446
162;451
163;485
164;445
165;430
166;449
167;449
168;427
169;446
170;451
171;431
172;428
173;422
174;422
175;450
176;435
177;402
178;389
179;384
180;383
181;418
182;381
183;409
184;388
185;380
186;358
187;375
188;373
189;378
190;369
191;363
192;353
193;363
194;369
195;338
196;327
197;341
198;361
199;327
200;337
201;332
202;339
203;308
204;327
205;317
206;299
207;322
208;339
209;317
210;321
211;279
212;305
213;327
214;286
215;331
216;305
217;292
218;290
219;295
220;302
221;299
222;287
223;272
224;277
225;241
226;255
227;275
228;272
229;258
230;278
231;288
232;252
233;254
234;244
235;294
236;244
237;257
238;230
239;246
240;264
241;246
242;266
243;223
244;234
245;242
246;236
247;247
248;254
249;227
250;268
251;216
252;220
253;247
254;234
255;231
256;208
257;232
258;226
259;221
260;216
261;227
262;201
263;215
264;228
265;215
266;230
267;222
268;192
269;203
270;225
271;211
272;196
273;196
274;192
275;199
276;189
277;208
278;179
279;174
280;176
281;206
282;189
283;171
284;179
285;184
286;179
287;197
288;183
289;200
290;169
291;199
292;197
293;162
294;155
295;180
296;159
297;170
298;197
299;180
300;168
301;146
302;166
303;148
304;130
305;166
306;144
307;159
308;133
309;178
310;161
311;145
312;155
313;143
314;152
315;181
316;140
317;163
318;131
319;126
320;154
321;129
322;139
323;138
324;131
325;119
326;116
327;124
328;143
329;113
330;130
331;143
332;154
333;113
334;115
335;108
336;124
337;109
338;142
339;104
340;113
341;117
342;106
343;118
344;89
345;107
346;100
347;113
348;112
349;103
350;120
351;117
352;106
353;84
354;116
355;96
356;95
357;102
358;82
359;98
360;96
361;87
362;80
363;94
364;89
365;106
366;75
367;90
368;72
369;76
370;77
371;87
372;84
373;75
374;87
375;85
376;80
377;72
378;85
379;90
380;73
381;70
382;75
383;78
384;88
385;65
386;60
387;71
388;64
389;52
390;56
391;69
392;61
393;53
394;63
395;69
396;62
397;57
398;55
399;60
400;44
401;39
402;53
403;63
404;61
405;44
406;41
407;38
408;49
409;41
410;48
411;41
412;47
413;35
414;52
415;31
416;42
417;47
418;36
419;27
420;43
421;41
422;38
423;35
424;33
425;31
426;30
427;44
428;29
429;33
430;24
431;32
432;26
433;28
434;24
435;22
436;26
437;26
438;30
439;23
440;26
441;32
442;30
443;33
444;16
445;21
446;12
447;18
448;17
449;24
450;19
451;15
452;16
453;12
454;19
455;11
456;12
457;14
458;13
459;19
460;11
461;12
462;16
463;14
464;16
465;8
466;11
467;7
468;8
469;11
470;10
471;11
472;5
473;11
474;9
475;12
476;5
477;8
478;5
479;11
480;5
481;9
482;4
483;6
484;5
485;7
486;5
487;5
488;4
489;3
490;4
491;3
492;6
493;5
494;4
495;7
496;7
497;2
498;2
499;2
500;3
501;0
502;1
503;3
504;4
505;4
506;2
507;1
508;2
509;1
510;1
511;1
512;2
513;2
514;3
515;3
516;2
517;1
518;1
519;0
520;0
521;1
522;1
523;0
524;1
525;1
526;0
527;0
528;1
529;0
530;0
531;1
532;0
533;0
534;0
535;0
536;0
537;1
538;0
539;2
540;1
541;0
542;0
543;1
544;1
545;1
546;0
547;0
548;1
549;0
550;1
551;0
552;0
553;0
554;0
555;0
556;0
557;0
558;1
559;0
560;0
561;0
562;0
563;0
564;0
565;0
566;0
567;0
568;0
569;0
570;0
571;0
572;0
573;0
574;0
575;0
576;0
577;0
578;0
579;0
580;0
581;0
582;0
583;0
584;0
585;0
586;0
587;0
588;0
589;0
590;0
591;0
592;0
593;0
594;0
595;0
596;0
597;0
598;0
599;0
600;0
601;0
602;0
603;0
604;0
605;0
606;0
607;0
608;0
609;0
610;0
611;0
612;0
613;0
614;0
615;0
616;0
617;0
618;0
619;0
620;0
621;0
622;0
623;0
624;0
625;0
626;0
627;0
628;0
629;0
630;0
631;0
632;0
633;0
634;0
635;0
636;0
637;0
638;0
639;0
640;0
641;0
642;0
643;0
644;0
645;0
646;0
647;0
648;0
649;0
650;0
651;0
652;0
653;0
654;0
655;0
656;0
657;0
658;0
659;0
660;0
661;0
662;0
663;0
664;0
665;0
666;0
667;0
668;0
669;0
670;0
671;0
672;0
673;0
674;0
675;0
676;0
677;0
678;0
679;0
680;0
681;0
682;0
683;0
684;0
685;0
686;0
687;0
688;0
689;0
690;0
691;0
692;0
693;0
694;0
695;0
696;0
697;0
698;0
699;0
700;0
701;0
702;0
703;0
704;0
705;0
706;0
707;0
708;0
709;0
710;0
711;0
712;0
713;0
714;0
715;0
716;0
717;0
718;0
719;0
720;0
721;0
722;0
723;0
724;0
725;0
726;0
727;0
728;0
729;0
730;0
731;0
732;0
733;0
734;0
735;0
736;0
737;0
738;0
739;0
740;0
741;0
742;0
743;0
744;0
745;0
746;0
747;0
748;0
749;0
750;0
751;0
752;0
753;0
754;0
755;0
756;0
757;0
758;0
759;0
760;0
761;0
762;0
763;0
764;0
765;0
766;0
767;0
768;0
769;0
770;0
771;0
772;0
773;0
774;0
775;0
776;0
777;0
778;0
779;0
780;0
781;0
782;0
783;0
784;0
785;0
786;0
787;0
788;0
789;0
790;0
791;0
792;0
793;0
794;0
795;0
796;0
797;0
798;0
799;0
800;0
801;0
802;0
803;0
804;0
805;0
806;0
807;0
808;0
809;0
810;0
811;0
812;0
813;0
814;0
815;0
816;0
817;0
818;0
819;0
820;0
821;0
822;0
823;0
824;0
825;0
826;0
827;0
828;0
829;0
830;0
831;0
832;0
833;0
834;0
835;0
836;0
837;0
838;0
839;0
840;0
841;0
842;0
843;0
844;0
845;0
846;0
847;0
848;0
849;0
850;0
851;0
852;0
853;0
854;0
855;0
856;0
857;0
858;0
859;0
860;0
861;0
862;0
863;0
864;0
865;0
866;0
867;0
868;0
869;0
870;0
871;0
872;0
873;0
874;0
875;0
876;0
877;0
878;0
879;0
880;0
881;0
882;0
883;0
884;0
885;0
886;0
887;0
888;0
889;0
890;0
891;0
892;0
893;0
894;0
895;0
896;0
897;0
898;0
899;0
900;0
901;0
902;0
903;0
904;0
905;0
906;0
907;0
908;0
909;0
910;0
911;0
912;0
913;0
914;0
915;0
916;0
917;0
918;0
919;0
920;0
921;0
922;0
923;0
924;0
925;0
926;0
927;0
928;0
929;0
930;0
931;0
932;0
933;0
934;0
935;0
936;0
937;0
938;0
939;0
940;0
941;0
942;0
943;0
944;0
945;0
946;0
947;0
948;0
949;0
950;0
951;0
952;0
953;0
954;0
955;0
956;0
957;0
958;0
959;0
960;0
961;0
962;0
963;0
964;0
965;0
966;0
967;0
968;0
969;0
970;0
971;0
972;0
973;0
974;0
975;0
976;0
977;0
978;0
979;0
980;0
981;0
982;0
983;0
984;0
985;0
986;0
987;0
988;0
989;0
990;0
991;0
992;0
993;0
994;0
995;0
996;0
997;0
998;0
999;0
1000;0
1001;0
1002;0
1003;0
1004;0
1005;0
1006;0
1007;0
1008;0
1009;0
1010;0
1011;0
1012;0
1013;0
1014;0
1015;0
1016;0
1017;0
1018;0
1019;0
1020;0
1021;0
1022;0
1023;0
1024;0
