L 32,p 0.589900,Z 100000
/* Tamanio de cluster; Ocurrencias de cada tamaño de cluster */
1;2027879
2;469687
3;288546
4;192917
5;136648
6;100913
7;79319
8;63836
9;52612
10;45046
11;38326
12;33217
13;28919
14;25542
15;23009
16;20757
17;18333
18;16566
19;15630
20;14126
21;13182
22;12005
23;11253
24;10428
25;9908
26;9137
27;8469
28;8141
29;7507
30;7143
31;6678
32;6581
33;6121
34;5919
35;5588
36;5432
37;5045
38;4992
39;4712
40;4402
41;4301
42;4148
43;4094
44;3780
45;3741
46;3553
47;3435
48;3240
49;3131
50;3070
51;3040
52;2873
53;2845
54;2818
55;2657
56;2587
57;2592
58;2486
59;2362
60;2310
61;2215
62;2214
63;2044
64;2139
65;2020
66;2009
67;1964
68;1806
69;1825
70;1860
71;1824
72;1740
73;1689
74;1591
75;1593
76;1504
77;1596
78;1523
79;1420
80;1501
81;1363
82;1380
83;1344
84;1330
85;1377
86;1282
87;1291
88;1213
89;1250
90;1240
91;1227
92;1208
93;1193
94;1079
95;1049
96;1044
97;1027
98;1034
99;1038
100;1039
101;953
102;1026
103;1028
104;942
105;947
106;950
107;930
108;923
109;898
110;875
111;882
112;838
113;875
114;838
115;842
116;813
117;804
118;749
119;804
120;774
121;751
122;772
123;721
124;739
125;716
126;695
127;674
128;659
129;705
130;656
131;624
132;678
133;685
134;629
135;582
136;621
137;634
138;614
139;646
140;608
141;606
142;577
143;526
144;565
145;560
146;559
147;578
148;548
149;552
150;547
151;532
152;488
153;526
154;532
155;448
156;496
157;515
158;517
159;488
160;492
161;484
162;472
163;499
164;417
165;432
166;452
167;419
168;485
169;460
170;433
171;432
172;435
173;444
174;418
175;417
176;400
177;429
178;425
179;392
180;427
181;400
182;357
183;353
184;365
185;407
186;396
187;396
188;366
189;365
190;422
191;373
192;363
193;348
194;360
195;339
196;349
197;348
198;372
199;327
200;333
201;359
202;316
203;333
204;313
205;301
206;340
207;312
208;289
209;325
210;295
211;302
212;315
213;298
214;326
215;327
216;292
217;294
218;264
219;291
220;299
221;294
222;283
223;315
224;315
225;281
226;287
227;291
228;290
229;294
230;239
231;286
232;278
233;252
234;223
235;267
236;273
237;283
238;253
239;273
240;261
241;238
242;247
243;229
244;244
245;237
246;207
247;248
248;215
249;220
250;231
251;223
252;221
253;227
254;240
255;244
256;237
257;212
258;197
259;240
260;178
261;213
262;248
263;211
264;203
265;192
266;223
267;205
268;204
269;213
270;202
271;199
272;195
273;191
274;184
275;221
276;195
277;210
278;231
279;198
280;180
281;168
282;166
283;175
284;181
285;162
286;201
287;191
288;180
289;203
290;189
291;173
292;165
293;191
294;158
295;169
296;176
297;158
298;178
299;174
300;161
301;179
302;134
303;173
304;176
305;155
306;168
307;155
308;162
309;149
310;155
311;151
312;137
313;157
314;159
315;149
316;147
317;144
318;154
319;140
320;114
321;124
322;108
323;110
324;130
325;127
326;147
327;153
328;140
329;119
330;127
331;107
332;124
333;113
334;125
335;122
336;98
337;125
338;108
339;114
340;126
341;118
342;117
343;113
344;108
345;127
346;114
347;125
348;86
349;101
350;110
351;90
352;114
353;114
354;107
355;103
356;84
357;91
358;94
359;113
360;82
361;84
362;101
363;81
364;86
365;91
366;96
367;95
368;99
369;87
370;85
371;69
372;68
373;77
374;80
375;83
376;90
377;71
378;70
379;66
380;73
381;78
382;61
383;49
384;62
385;84
386;73
387;76
388;76
389;69
390;53
391;65
392;61
393;62
394;58
395;54
396;58
397;53
398;68
399;58
400;46
401;45
402;44
403;51
404;35
405;51
406;50
407;47
408;42
409;40
410;40
411;40
412;36
413;43
414;40
415;37
416;38
417;32
418;41
419;34
420;36
421;37
422;35
423;28
424;29
425;34
426;35
427;25
428;28
429;32
430;29
431;22
432;32
433;30
434;25
435;27
436;23
437;18
438;17
439;30
440;25
441;27
442;22
443;23
444;20
445;21
446;17
447;21
448;17
449;13
450;18
451;19
452;28
453;16
454;15
455;13
456;18
457;8
458;6
459;5
460;12
461;11
462;13
463;18
464;15
465;10
466;8
467;12
468;10
469;12
470;8
471;9
472;6
473;7
474;11
475;10
476;9
477;6
478;6
479;5
480;7
481;6
482;4
483;4
484;4
485;3
486;5
487;7
488;5
489;2
490;6
491;12
492;8
493;4
494;3
495;4
496;1
497;4
498;2
499;7
500;5
501;1
502;3
503;3
504;2
505;3
506;3
507;6
508;0
509;1
510;0
511;4
512;0
513;1
514;2
515;1
516;1
517;1
518;1
519;0
520;0
521;3
522;0
523;0
524;0
525;2
526;2
527;0
528;0
529;0
530;0
531;2
532;0
533;0
534;1
535;0
536;1
537;0
538;1
539;0
540;0
541;0
542;1
543;0
544;0
545;0
546;0
547;0
548;0
549;1
550;0
551;0
552;0
553;0
554;0
555;0
556;0
557;0
558;0
559;0
560;0
561;0
562;0
563;0
564;0
565;0
566;0
567;0
568;0
569;0
570;0
571;0
572;0
573;0
574;0
575;0
576;0
577;0
578;0
579;0
580;0
581;0
582;0
583;0
584;0
585;0
586;0
587;0
588;0
589;0
590;0
591;0
592;0
593;0
594;0
595;0
596;0
597;0
598;0
599;0
600;0
601;0
602;0
603;0
604;0
605;0
606;0
607;0
608;0
609;0
610;0
611;0
612;0
613;0
614;0
615;0
616;0
617;0
618;0
619;0
620;0
621;0
622;0
623;0
624;0
625;0
626;0
627;0
628;0
629;0
630;0
631;0
632;0
633;0
634;0
635;0
636;0
637;0
638;0
639;0
640;0
641;0
642;0
643;0
644;0
645;0
646;0
647;0
648;0
649;0
650;0
651;0
652;0
653;0
654;0
655;0
656;0
657;0
658;0
659;0
660;0
661;0
662;0
663;0
664;0
665;0
666;0
667;0
668;0
669;0
670;0
671;0
672;0
673;0
674;0
675;0
676;0
677;0
678;0
679;0
680;0
681;0
682;0
683;0
684;0
685;0
686;0
687;0
688;0
689;0
690;0
691;0
692;0
693;0
694;0
695;0
696;0
697;0
698;0
699;0
700;0
701;0
702;0
703;0
704;0
705;0
706;0
707;0
708;0
709;0
710;0
711;0
712;0
713;0
714;0
715;0
716;0
717;0
718;0
719;0
720;0
721;0
722;0
723;0
724;0
725;0
726;0
727;0
728;0
729;0
730;0
731;0
732;0
733;0
734;0
735;0
736;0
737;0
738;0
739;0
740;0
741;0
742;0
743;0
744;0
745;0
746;0
747;0
748;0
749;0
750;0
751;0
752;0
753;0
754;0
755;0
756;0
757;0
758;0
759;0
760;0
761;0
762;0
763;0
764;0
765;0
766;0
767;0
768;0
769;0
770;0
771;0
772;0
773;0
774;0
775;0
776;0
777;0
778;0
779;0
780;0
781;0
782;0
783;0
784;0
785;0
786;0
787;0
788;0
789;0
790;0
791;0
792;0
793;0
794;0
795;0
796;0
797;0
798;0
799;0
800;0
801;0
802;0
803;0
804;0
805;0
806;0
807;0
808;0
809;0
810;0
811;0
812;0
813;0
814;0
815;0
816;0
817;0
818;0
819;0
820;0
821;0
822;0
823;0
824;0
825;0
826;0
827;0
828;0
829;0
830;0
831;0
832;0
833;0
834;0
835;0
836;0
837;0
838;0
839;0
840;0
841;0
842;0
843;0
844;0
845;0
846;0
847;0
848;0
849;0
850;0
851;0
852;0
853;0
854;0
855;0
856;0
857;0
858;0
859;0
860;0
861;0
862;0
863;0
864;0
865;0
866;0
867;0
868;0
869;0
870;0
871;0
872;0
873;0
874;0
875;0
876;0
877;0
878;0
879;0
880;0
881;0
882;0
883;0
884;0
885;0
886;0
887;0
888;0
889;0
890;0
891;0
892;0
893;0
894;0
895;0
896;0
897;0
898;0
899;0
900;0
901;0
902;0
903;0
904;0
905;0
906;0
907;0
908;0
909;0
910;0
911;0
912;0
913;0
914;0
915;0
916;0
917;0
918;0
919;0
920;0
921;0
922;0
923;0
924;0
925;0
926;0
927;0
928;0
929;0
930;0
931;0
932;0
933;0
934;0
935;0
936;0
937;0
938;0
939;0
940;0
941;0
942;0
943;0
944;0
945;0
946;0
947;0
948;0
949;0
950;0
951;0
952;0
953;0
954;0
955;0
956;0
957;0
958;0
959;0
960;0
961;0
962;0
963;0
964;0
965;0
966;0
967;0
968;0
969;0
970;0
971;0
972;0
973;0
974;0
975;0
976;0
977;0
978;0
979;0
980;0
981;0
982;0
983;0
984;0
985;0
986;0
987;0
988;0
989;0
990;0
991;0
992;0
993;0
994;0
995;0
996;0
997;0
998;0
999;0
1000;0
1001;0
1002;0
1003;0
1004;0
1005;0
1006;0
1007;0
1008;0
1009;0
1010;0
1011;0
1012;0
1013;0
1014;0
1015;0
1016;0
1017;0
1018;0
1019;0
1020;0
1021;0
1022;0
1023;0
1024;0
