L 32,p 0.591000,Z 100000
/* Tamanio de cluster; Ocurrencias de cada tamaño de cluster */
1;2015179
2;465866
3;284959
4;191137
5;134338
6;100294
7;78366
8;63286
9;52216
10;43935
11;37570
12;32269
13;28777
14;25258
15;22469
16;20081
17;18303
18;16659
19;15057
20;13946
21;12795
22;11851
23;10930
24;10405
25;9612
26;8942
27;8485
28;7998
29;7618
30;7214
31;6673
32;6384
33;6117
34;5657
35;5386
36;5191
37;5004
38;4779
39;4506
40;4441
41;4332
42;4030
43;3982
44;3737
45;3632
46;3489
47;3313
48;3255
49;3188
50;3003
51;3127
52;2840
53;2772
54;2690
55;2490
56;2602
57;2388
58;2385
59;2243
60;2217
61;2232
62;2224
63;2110
64;2073
65;2023
66;1965
67;1966
68;1870
69;1827
70;1782
71;1687
72;1741
73;1614
74;1550
75;1544
76;1512
77;1523
78;1569
79;1465
80;1437
81;1406
82;1422
83;1280
84;1267
85;1319
86;1243
87;1221
88;1256
89;1220
90;1187
91;1192
92;1096
93;1066
94;1136
95;1086
96;1138
97;1046
98;1038
99;1026
100;983
101;901
102;977
103;918
104;968
105;894
106;944
107;876
108;905
109;864
110;847
111;876
112;861
113;852
114;813
115;791
116;796
117;751
118;741
119;750
120;755
121;765
122;717
123;754
124;677
125;715
126;689
127;639
128;691
129;658
130;589
131;656
132;661
133;634
134;618
135;604
136;591
137;621
138;647
139;608
140;629
141;592
142;592
143;586
144;517
145;563
146;550
147;557
148;540
149;561
150;549
151;517
152;528
153;482
154;475
155;473
156;482
157;477
158;467
159;476
160;468
161;453
162;484
163;446
164;461
165;450
166;392
167;467
168;431
169;455
170;435
171;449
172;437
173;373
174;445
175;408
176;457
177;418
178;407
179;378
180;382
181;350
182;368
183;364
184;354
185;389
186;382
187;388
188;378
189;357
190;373
191;390
192;348
193;350
194;386
195;369
196;384
197;347
198;338
199;338
200;331
201;312
202;317
203;289
204;327
205;331
206;318
207;319
208;302
209;322
210;317
211;309
212;313
213;299
214;304
215;272
216;296
217;295
218;288
219;279
220;271
221;266
222;318
223;273
224;296
225;279
226;288
227;249
228;284
229;267
230;268
231;276
232;256
233;278
234;251
235;258
236;273
237;237
238;253
239;237
240;242
241;237
242;266
243;235
244;246
245;227
246;222
247;245
248;206
249;216
250;227
251;217
252;222
253;235
254;211
255;241
256;247
257;225
258;183
259;200
260;211
261;212
262;215
263;196
264;241
265;231
266;199
267;172
268;228
269;199
270;214
271;197
272;214
273;192
274;194
275;198
276;181
277;218
278;192
279;194
280;184
281;179
282;183
283;200
284;186
285;194
286;164
287;185
288;185
289;169
290;179
291;169
292;185
293;153
294;158
295;190
296;144
297;177
298;161
299;178
300;161
301;164
302;147
303;166
304;168
305;166
306;148
307;134
308;154
309;168
310;140
311;176
312;155
313;169
314;145
315;130
316;150
317;128
318;125
319;136
320;150
321;147
322;136
323;128
324;119
325;128
326;121
327;117
328;121
329;130
330;158
331;112
332;136
333;134
334;116
335;137
336;105
337;119
338;114
339;137
340;100
341;112
342;116
343;115
344;112
345;106
346;114
347;111
348;98
349;99
350;112
351;104
352;115
353;104
354;117
355;96
356;106
357;80
358;101
359;94
360;94
361;111
362;90
363;64
364;101
365;87
366;92
367;96
368;89
369;93
370;74
371;77
372;73
373;85
374;72
375;67
376;77
377;79
378;59
379;75
380;73
381;63
382;74
383;74
384;74
385;69
386;73
387;86
388;71
389;69
390;66
391;82
392;62
393;58
394;65
395;49
396;58
397;52
398;49
399;44
400;53
401;45
402;51
403;50
404;56
405;49
406;49
407;50
408;40
409;36
410;47
411;43
412;48
413;44
414;44
415;48
416;40
417;33
418;39
419;48
420;47
421;35
422;30
423;35
424;42
425;28
426;40
427;30
428;20
429;38
430;27
431;35
432;22
433;23
434;37
435;21
436;28
437;26
438;24
439;27
440;24
441;34
442;18
443;28
444;25
445;27
446;25
447;27
448;21
449;14
450;17
451;9
452;20
453;13
454;24
455;19
456;20
457;20
458;18
459;11
460;13
461;13
462;20
463;11
464;13
465;14
466;8
467;13
468;11
469;11
470;9
471;8
472;13
473;11
474;5
475;3
476;2
477;9
478;6
479;9
480;5
481;11
482;3
483;5
484;6
485;4
486;9
487;3
488;9
489;7
490;4
491;5
492;2
493;3
494;4
495;2
496;5
497;6
498;3
499;5
500;4
501;1
502;5
503;2
504;4
505;2
506;3
507;4
508;3
509;3
510;0
511;1
512;1
513;0
514;1
515;5
516;3
517;1
518;2
519;2
520;3
521;3
522;2
523;0
524;1
525;1
526;1
527;0
528;0
529;0
530;1
531;1
532;1
533;0
534;0
535;0
536;0
537;0
538;0
539;1
540;0
541;0
542;0
543;0
544;0
545;0
546;0
547;0
548;0
549;0
550;0
551;0
552;0
553;0
554;0
555;0
556;0
557;0
558;0
559;0
560;0
561;0
562;0
563;0
564;0
565;0
566;0
567;0
568;0
569;0
570;0
571;0
572;0
573;0
574;0
575;0
576;0
577;0
578;0
579;0
580;0
581;0
582;0
583;0
584;0
585;0
586;0
587;0
588;0
589;0
590;0
591;0
592;0
593;0
594;0
595;0
596;0
597;0
598;0
599;0
600;0
601;0
602;0
603;0
604;0
605;0
606;0
607;0
608;0
609;0
610;0
611;0
612;0
613;0
614;0
615;0
616;0
617;0
618;0
619;0
620;0
621;0
622;0
623;0
624;0
625;0
626;0
627;0
628;0
629;0
630;0
631;0
632;0
633;0
634;0
635;0
636;0
637;0
638;0
639;0
640;0
641;0
642;0
643;0
644;0
645;0
646;0
647;0
648;0
649;0
650;0
651;0
652;0
653;0
654;0
655;0
656;0
657;0
658;0
659;0
660;0
661;0
662;0
663;0
664;0
665;0
666;0
667;0
668;0
669;0
670;0
671;0
672;0
673;0
674;0
675;0
676;0
677;0
678;0
679;0
680;0
681;0
682;0
683;0
684;0
685;0
686;0
687;0
688;0
689;0
690;0
691;0
692;0
693;0
694;0
695;0
696;0
697;0
698;0
699;0
700;0
701;0
702;0
703;0
704;0
705;0
706;0
707;0
708;0
709;0
710;0
711;0
712;0
713;0
714;0
715;0
716;0
717;0
718;0
719;0
720;0
721;0
722;0
723;0
724;0
725;0
726;0
727;0
728;0
729;0
730;0
731;0
732;0
733;0
734;0
735;0
736;0
737;0
738;0
739;0
740;0
741;0
742;0
743;0
744;0
745;0
746;0
747;0
748;0
749;0
750;0
751;0
752;0
753;0
754;0
755;0
756;0
757;0
758;0
759;0
760;0
761;0
762;0
763;0
764;0
765;0
766;0
767;0
768;0
769;0
770;0
771;0
772;0
773;0
774;0
775;0
776;0
777;0
778;0
779;0
780;0
781;0
782;0
783;0
784;0
785;0
786;0
787;0
788;0
789;0
790;0
791;0
792;0
793;0
794;0
795;0
796;0
797;0
798;0
799;0
800;0
801;0
802;0
803;0
804;0
805;0
806;0
807;0
808;0
809;0
810;0
811;0
812;0
813;0
814;0
815;0
816;0
817;0
818;0
819;0
820;0
821;0
822;0
823;0
824;0
825;0
826;0
827;0
828;0
829;0
830;0
831;0
832;0
833;0
834;0
835;0
836;0
837;0
838;0
839;0
840;0
841;0
842;0
843;0
844;0
845;0
846;0
847;0
848;0
849;0
850;0
851;0
852;0
853;0
854;0
855;0
856;0
857;0
858;0
859;0
860;0
861;0
862;0
863;0
864;0
865;0
866;0
867;0
868;0
869;0
870;0
871;0
872;0
873;0
874;0
875;0
876;0
877;0
878;0
879;0
880;0
881;0
882;0
883;0
884;0
885;0
886;0
887;0
888;0
889;0
890;0
891;0
892;0
893;0
894;0
895;0
896;0
897;0
898;0
899;0
900;0
901;0
902;0
903;0
904;0
905;0
906;0
907;0
908;0
909;0
910;0
911;0
912;0
913;0
914;0
915;0
916;0
917;0
918;0
919;0
920;0
921;0
922;0
923;0
924;0
925;0
926;0
927;0
928;0
929;0
930;0
931;0
932;0
933;0
934;0
935;0
936;0
937;0
938;0
939;0
940;0
941;0
942;0
943;0
944;0
945;0
946;0
947;0
948;0
949;0
950;0
951;0
952;0
953;0
954;0
955;0
956;0
957;0
958;0
959;0
960;0
961;0
962;0
963;0
964;0
965;0
966;0
967;0
968;0
969;0
970;0
971;0
972;0
973;0
974;0
975;0
976;0
977;0
978;0
979;0
980;0
981;0
982;0
983;0
984;0
985;0
986;0
987;0
988;0
989;0
990;0
991;0
992;0
993;0
994;0
995;0
996;0
997;0
998;0
999;0
1000;0
1001;0
1002;0
1003;0
1004;0
1005;0
1006;0
1007;0
1008;0
1009;0
1010;0
1011;0
1012;0
1013;0
1014;0
1015;0
1016;0
1017;0
1018;0
1019;0
1020;0
1021;0
1022;0
1023;0
1024;0
