L 32,p 0.590700,Z 100000
/* Tamanio de cluster; Ocurrencias de cada tamaño de cluster */
1;2017598
2;467061
3;284904
4;191618
5;134558
6;100559
7;78552
8;63106
9;52470
10;44039
11;38099
12;33076
13;28479
14;25323
15;22872
16;20615
17;18439
18;16682
19;15044
20;14328
21;13048
22;11856
23;11263
24;10354
25;9701
26;9170
27;8384
28;7936
29;7566
30;7226
31;6778
32;6104
33;6055
34;5783
35;5400
36;5358
37;5011
38;4826
39;4690
40;4430
41;4319
42;4005
43;3814
44;3808
45;3544
46;3546
47;3501
48;3314
49;3146
50;3045
51;2902
52;2947
53;2846
54;2715
55;2622
56;2622
57;2478
58;2349
59;2434
60;2267
61;2221
62;2152
63;2127
64;2006
65;2000
66;1947
67;1971
68;1804
69;1800
70;1829
71;1735
72;1711
73;1702
74;1666
75;1598
76;1511
77;1520
78;1497
79;1500
80;1417
81;1397
82;1453
83;1428
84;1316
85;1332
86;1211
87;1276
88;1187
89;1241
90;1251
91;1202
92;1133
93;1126
94;1118
95;1046
96;1001
97;1044
98;1012
99;1016
100;985
101;1046
102;887
103;919
104;942
105;962
106;917
107;945
108;934
109;894
110;884
111;831
112;824
113;838
114;850
115;775
116;768
117;726
118;815
119;716
120;717
121;756
122;724
123;723
124;703
125;711
126;738
127;686
128;709
129;623
130;643
131;686
132;653
133;600
134;584
135;607
136;630
137;601
138;632
139;583
140;590
141;566
142;584
143;538
144;551
145;512
146;590
147;546
148;525
149;554
150;517
151;511
152;495
153;540
154;524
155;502
156;504
157;493
158;485
159;467
160;502
161;510
162;453
163;460
164;448
165;452
166;461
167;480
168;434
169;444
170;432
171;420
172;415
173;400
174;401
175;431
176;458
177;412
178;430
179;364
180;369
181;360
182;377
183;397
184;359
185;359
186;356
187;354
188;388
189;377
190;380
191;328
192;355
193;343
194;368
195;355
196;351
197;327
198;342
199;329
200;338
201;351
202;323
203;350
204;328
205;334
206;312
207;326
208;329
209;307
210;336
211;301
212;308
213;294
214;304
215;277
216;314
217;295
218;296
219;284
220;283
221;307
222;298
223;293
224;267
225;260
226;282
227;255
228;271
229;273
230;275
231;275
232;267
233;249
234;269
235;258
236;271
237;262
238;243
239;235
240;251
241;246
242;248
243;258
244;273
245;242
246;232
247;240
248;236
249;234
250;254
251;213
252;230
253;208
254;215
255;238
256;221
257;201
258;229
259;224
260;200
261;197
262;197
263;228
264;205
265;210
266;231
267;196
268;216
269;226
270;201
271;213
272;194
273;186
274;177
275;183
276;176
277;188
278;186
279;169
280;181
281;157
282;185
283;182
284;194
285;181
286;199
287;195
288;178
289;156
290;187
291;171
292;187
293;159
294;196
295;176
296;173
297;184
298;154
299;155
300;170
301;156
302;167
303;165
304;151
305;172
306;163
307;133
308;176
309;132
310;151
311;145
312;165
313;140
314;142
315;165
316;155
317;142
318;166
319;129
320;128
321;126
322;130
323;122
324;130
325;127
326;135
327;134
328;132
329;117
330;118
331;127
332;137
333;126
334;144
335;146
336;115
337;109
338;121
339;111
340;117
341;127
342;105
343;118
344;105
345;112
346;111
347;103
348;100
349;100
350;95
351;102
352;80
353;103
354;88
355;113
356;94
357;109
358;95
359;95
360;87
361;88
362;88
363;96
364;93
365;83
366;104
367;74
368;87
369;86
370;84
371;104
372;69
373;76
374;82
375;89
376;60
377;69
378;88
379;72
380;77
381;86
382;70
383;78
384;80
385;66
386;77
387;67
388;60
389;63
390;81
391;73
392;72
393;49
394;63
395;47
396;57
397;65
398;54
399;39
400;65
401;54
402;59
403;48
404;49
405;59
406;54
407;50
408;48
409;45
410;46
411;48
412;58
413;51
414;48
415;45
416;50
417;37
418;49
419;43
420;34
421;35
422;38
423;39
424;24
425;29
426;32
427;42
428;25
429;31
430;31
431;24
432;21
433;21
434;26
435;25
436;30
437;24
438;27
439;16
440;36
441;22
442;24
443;17
444;27
445;26
446;19
447;22
448;25
449;15
450;21
451;19
452;19
453;21
454;19
455;19
456;14
457;21
458;11
459;15
460;12
461;12
462;13
463;14
464;13
465;12
466;8
467;8
468;13
469;13
470;15
471;8
472;10
473;6
474;3
475;3
476;2
477;9
478;11
479;8
480;4
481;11
482;12
483;7
484;5
485;6
486;13
487;6
488;8
489;3
490;1
491;5
492;5
493;3
494;3
495;3
496;4
497;2
498;2
499;4
500;1
501;3
502;3
503;2
504;1
505;4
506;0
507;4
508;3
509;4
510;2
511;3
512;3
513;1
514;1
515;1
516;2
517;3
518;1
519;0
520;3
521;1
522;0
523;0
524;2
525;3
526;0
527;0
528;1
529;1
530;2
531;0
532;1
533;0
534;0
535;0
536;0
537;0
538;0
539;0
540;0
541;0
542;0
543;0
544;0
545;0
546;1
547;0
548;0
549;0
550;0
551;1
552;0
553;0
554;0
555;0
556;0
557;0
558;0
559;1
560;0
561;0
562;0
563;0
564;0
565;0
566;0
567;0
568;0
569;0
570;0
571;0
572;0
573;0
574;0
575;0
576;0
577;0
578;0
579;0
580;0
581;0
582;0
583;0
584;0
585;0
586;0
587;0
588;0
589;0
590;0
591;0
592;0
593;0
594;0
595;0
596;0
597;0
598;0
599;0
600;0
601;0
602;0
603;0
604;0
605;0
606;0
607;0
608;0
609;0
610;0
611;0
612;0
613;0
614;0
615;0
616;0
617;0
618;0
619;0
620;0
621;0
622;0
623;0
624;0
625;0
626;0
627;0
628;0
629;0
630;0
631;0
632;0
633;0
634;0
635;0
636;0
637;0
638;0
639;0
640;0
641;0
642;0
643;0
644;0
645;0
646;0
647;0
648;0
649;0
650;0
651;0
652;0
653;0
654;0
655;0
656;0
657;0
658;0
659;0
660;0
661;0
662;0
663;0
664;0
665;0
666;0
667;0
668;0
669;0
670;0
671;0
672;0
673;0
674;0
675;0
676;0
677;0
678;0
679;0
680;0
681;0
682;0
683;0
684;0
685;0
686;0
687;0
688;0
689;0
690;0
691;0
692;0
693;0
694;0
695;0
696;0
697;0
698;0
699;0
700;0
701;0
702;0
703;0
704;0
705;0
706;0
707;0
708;0
709;0
710;0
711;0
712;0
713;0
714;0
715;0
716;0
717;0
718;0
719;0
720;0
721;0
722;0
723;0
724;0
725;0
726;0
727;0
728;0
729;0
730;0
731;0
732;0
733;0
734;0
735;0
736;0
737;0
738;0
739;0
740;0
741;0
742;0
743;0
744;0
745;0
746;0
747;0
748;0
749;0
750;0
751;0
752;0
753;0
754;0
755;0
756;0
757;0
758;0
759;0
760;0
761;0
762;0
763;0
764;0
765;0
766;0
767;0
768;0
769;0
770;0
771;0
772;0
773;0
774;0
775;0
776;0
777;0
778;0
779;0
780;0
781;0
782;0
783;0
784;0
785;0
786;0
787;0
788;0
789;0
790;0
791;0
792;0
793;0
794;0
795;0
796;0
797;0
798;0
799;0
800;0
801;0
802;0
803;0
804;0
805;0
806;0
807;0
808;0
809;0
810;0
811;0
812;0
813;0
814;0
815;0
816;0
817;0
818;0
819;0
820;0
821;0
822;0
823;0
824;0
825;0
826;0
827;0
828;0
829;0
830;0
831;0
832;0
833;0
834;0
835;0
836;0
837;0
838;0
839;0
840;0
841;0
842;0
843;0
844;0
845;0
846;0
847;0
848;0
849;0
850;0
851;0
852;0
853;0
854;0
855;0
856;0
857;0
858;0
859;0
860;0
861;0
862;0
863;0
864;0
865;0
866;0
867;0
868;0
869;0
870;0
871;0
872;0
873;0
874;0
875;0
876;0
877;0
878;0
879;0
880;0
881;0
882;0
883;0
884;0
885;0
886;0
887;0
888;0
889;0
890;0
891;0
892;0
893;0
894;0
895;0
896;0
897;0
898;0
899;0
900;0
901;0
902;0
903;0
904;0
905;0
906;0
907;0
908;0
909;0
910;0
911;0
912;0
913;0
914;0
915;0
916;0
917;0
918;0
919;0
920;0
921;0
922;0
923;0
924;0
925;0
926;0
927;0
928;0
929;0
930;0
931;0
932;0
933;0
934;0
935;0
936;0
937;0
938;0
939;0
940;0
941;0
942;0
943;0
944;0
945;0
946;0
947;0
948;0
949;0
950;0
951;0
952;0
953;0
954;0
955;0
956;0
957;0
958;0
959;0
960;0
961;0
962;0
963;0
964;0
965;0
966;0
967;0
968;0
969;0
970;0
971;0
972;0
973;0
974;0
975;0
976;0
977;0
978;0
979;0
980;0
981;0
982;0
983;0
984;0
985;0
986;0
987;0
988;0
989;0
990;0
991;0
992;0
993;0
994;0
995;0
996;0
997;0
998;0
999;0
1000;0
1001;0
1002;0
1003;0
1004;0
1005;0
1006;0
1007;0
1008;0
1009;0
1010;0
1011;0
1012;0
1013;0
1014;0
1015;0
1016;0
1017;0
1018;0
1019;0
1020;0
1021;0
1022;0
1023;0
1024;0
