L 32,p 0.589400,Z 100000
/* Tamanio de cluster; Ocurrencias de cada tamaño de cluster */
1;2035998
2;471481
3;288689
4;194491
5;136314
6;101795
7;79756
8;64512
9;53315
10;44896
11;38585
12;33242
13;29124
14;25578
15;22931
16;20534
17;18509
18;16870
19;15402
20;14113
21;13094
22;12140
23;11292
24;10333
25;9774
26;9248
27;8753
28;8205
29;7698
30;7277
31;6892
32;6514
33;6230
34;5816
35;5621
36;5396
37;5307
38;4835
39;4575
40;4481
41;4442
42;4215
43;3987
44;3834
45;3612
46;3591
47;3495
48;3289
49;3257
50;3150
51;2915
52;3010
53;2939
54;2769
55;2742
56;2626
57;2601
58;2512
59;2344
60;2361
61;2283
62;2185
63;2098
64;2051
65;2124
66;2016
67;1914
68;1866
69;1761
70;1850
71;1764
72;1744
73;1721
74;1604
75;1621
76;1616
77;1566
78;1521
79;1447
80;1473
81;1496
82;1350
83;1369
84;1302
85;1274
86;1268
87;1325
88;1317
89;1223
90;1179
91;1199
92;1183
93;1187
94;1121
95;1113
96;1127
97;1050
98;1060
99;1079
100;987
101;1072
102;1002
103;966
104;973
105;982
106;924
107;886
108;844
109;944
110;860
111;866
112;884
113;925
114;808
115;863
116;803
117;818
118;805
119;746
120;765
121;737
122;745
123;737
124;705
125;747
126;702
127;715
128;714
129;661
130;667
131;649
132;628
133;670
134;670
135;640
136;641
137;592
138;609
139;600
140;581
141;542
142;583
143;596
144;567
145;597
146;569
147;541
148;565
149;538
150;518
151;543
152;558
153;552
154;548
155;543
156;506
157;520
158;477
159;499
160;477
161;438
162;516
163;470
164;410
165;459
166;500
167;479
168;480
169;450
170;420
171;472
172;416
173;427
174;429
175;414
176;416
177;429
178;425
179;379
180;427
181;477
182;410
183;367
184;408
185;401
186;385
187;388
188;365
189;371
190;364
191;363
192;363
193;367
194;346
195;357
196;354
197;375
198;362
199;315
200;356
201;342
202;303
203;349
204;325
205;331
206;322
207;309
208;313
209;320
210;320
211;297
212;309
213;304
214;274
215;264
216;293
217;284
218;297
219;289
220;296
221;323
222;302
223;277
224;323
225;267
226;281
227;284
228;290
229;271
230;279
231;264
232;264
233;298
234;263
235;281
236;239
237;269
238;261
239;247
240;266
241;241
242;259
243;241
244;238
245;253
246;216
247;246
248;250
249;200
250;230
251;231
252;249
253;244
254;220
255;238
256;235
257;218
258;234
259;225
260;210
261;232
262;220
263;226
264;219
265;198
266;204
267;209
268;203
269;205
270;197
271;230
272;204
273;179
274;183
275;198
276;193
277;183
278;179
279;202
280;205
281;168
282;214
283;192
284;182
285;165
286;193
287;192
288;189
289;199
290;169
291;173
292;159
293;179
294;173
295;158
296;156
297;157
298;163
299;170
300;157
301;152
302;158
303;168
304;166
305;157
306;149
307;153
308;142
309;142
310;163
311;130
312;137
313;153
314;141
315;152
316;147
317;140
318;137
319;125
320;144
321;109
322;130
323;133
324;135
325;134
326;112
327;119
328;127
329;129
330;116
331;129
332;120
333;107
334;131
335;121
336;132
337;115
338;123
339;129
340;116
341;117
342;108
343;98
344;92
345;126
346;112
347;92
348;96
349;117
350;111
351;126
352;85
353;89
354;96
355;102
356;106
357;91
358;89
359;75
360;105
361;92
362;81
363;85
364;89
365;83
366;80
367;81
368;96
369;75
370;90
371;95
372;74
373;87
374;67
375;80
376;69
377;73
378;77
379;64
380;81
381;74
382;68
383;57
384;63
385;62
386;73
387;63
388;77
389;53
390;67
391;58
392;67
393;67
394;64
395;58
396;53
397;54
398;54
399;55
400;60
401;45
402;42
403;47
404;45
405;45
406;47
407;39
408;45
409;48
410;42
411;34
412;62
413;51
414;41
415;54
416;48
417;25
418;41
419;37
420;42
421;38
422;31
423;28
424;32
425;37
426;28
427;30
428;30
429;31
430;36
431;23
432;30
433;25
434;26
435;37
436;21
437;36
438;23
439;29
440;25
441;18
442;28
443;15
444;28
445;17
446;25
447;13
448;17
449;20
450;16
451;12
452;14
453;19
454;23
455;15
456;15
457;10
458;9
459;10
460;17
461;14
462;14
463;11
464;12
465;6
466;15
467;8
468;18
469;13
470;18
471;16
472;11
473;11
474;10
475;11
476;4
477;7
478;5
479;12
480;11
481;6
482;6
483;7
484;3
485;4
486;6
487;5
488;8
489;3
490;2
491;4
492;5
493;5
494;1
495;7
496;1
497;1
498;7
499;3
500;1
501;2
502;3
503;2
504;3
505;1
506;3
507;1
508;1
509;1
510;4
511;2
512;1
513;1
514;1
515;0
516;1
517;2
518;1
519;0
520;0
521;3
522;0
523;0
524;0
525;0
526;0
527;1
528;1
529;2
530;1
531;1
532;0
533;0
534;1
535;1
536;0
537;1
538;0
539;0
540;0
541;0
542;1
543;1
544;0
545;0
546;0
547;0
548;0
549;0
550;0
551;0
552;0
553;0
554;0
555;1
556;0
557;0
558;0
559;0
560;0
561;0
562;1
563;0
564;0
565;0
566;0
567;0
568;0
569;0
570;0
571;0
572;0
573;0
574;0
575;0
576;0
577;0
578;1
579;0
580;0
581;0
582;0
583;0
584;1
585;0
586;0
587;0
588;0
589;0
590;0
591;0
592;0
593;0
594;0
595;0
596;0
597;0
598;0
599;0
600;0
601;0
602;0
603;0
604;0
605;0
606;0
607;0
608;0
609;0
610;0
611;0
612;0
613;0
614;0
615;0
616;0
617;0
618;0
619;0
620;0
621;0
622;0
623;0
624;0
625;0
626;0
627;0
628;0
629;0
630;0
631;0
632;0
633;0
634;0
635;0
636;0
637;0
638;0
639;0
640;0
641;0
642;0
643;0
644;0
645;0
646;0
647;0
648;0
649;0
650;0
651;0
652;0
653;0
654;0
655;0
656;0
657;0
658;0
659;0
660;0
661;0
662;0
663;0
664;0
665;0
666;0
667;0
668;0
669;0
670;0
671;0
672;0
673;0
674;0
675;0
676;0
677;0
678;0
679;0
680;0
681;0
682;0
683;0
684;0
685;0
686;0
687;0
688;0
689;0
690;0
691;0
692;0
693;0
694;0
695;0
696;0
697;0
698;0
699;0
700;0
701;0
702;0
703;0
704;0
705;0
706;0
707;0
708;0
709;0
710;0
711;0
712;0
713;0
714;0
715;0
716;0
717;0
718;0
719;0
720;0
721;0
722;0
723;0
724;0
725;0
726;0
727;0
728;0
729;0
730;0
731;0
732;0
733;0
734;0
735;0
736;0
737;0
738;0
739;0
740;0
741;0
742;0
743;0
744;0
745;0
746;0
747;0
748;0
749;0
750;0
751;0
752;0
753;0
754;0
755;0
756;0
757;0
758;0
759;0
760;0
761;0
762;0
763;0
764;0
765;0
766;0
767;0
768;0
769;0
770;0
771;0
772;0
773;0
774;0
775;0
776;0
777;0
778;0
779;0
780;0
781;0
782;0
783;0
784;0
785;0
786;0
787;0
788;0
789;0
790;0
791;0
792;0
793;0
794;0
795;0
796;0
797;0
798;0
799;0
800;0
801;0
802;0
803;0
804;0
805;0
806;0
807;0
808;0
809;0
810;0
811;0
812;0
813;0
814;0
815;0
816;0
817;0
818;0
819;0
820;0
821;0
822;0
823;0
824;0
825;0
826;0
827;0
828;0
829;0
830;0
831;0
832;0
833;0
834;0
835;0
836;0
837;0
838;0
839;0
840;0
841;0
842;0
843;0
844;0
845;0
846;0
847;0
848;0
849;0
850;0
851;0
852;0
853;0
854;0
855;0
856;0
857;0
858;0
859;0
860;0
861;0
862;0
863;0
864;0
865;0
866;0
867;0
868;0
869;0
870;0
871;0
872;0
873;0
874;0
875;0
876;0
877;0
878;0
879;0
880;0
881;0
882;0
883;0
884;0
885;0
886;0
887;0
888;0
889;0
890;0
891;0
892;0
893;0
894;0
895;0
896;0
897;0
898;0
899;0
900;0
901;0
902;0
903;0
904;0
905;0
906;0
907;0
908;0
909;0
910;0
911;0
912;0
913;0
914;0
915;0
916;0
917;0
918;0
919;0
920;0
921;0
922;0
923;0
924;0
925;0
926;0
927;0
928;0
929;0
930;0
931;0
932;0
933;0
934;0
935;0
936;0
937;0
938;0
939;0
940;0
941;0
942;0
943;0
944;0
945;0
946;0
947;0
948;0
949;0
950;0
951;0
952;0
953;0
954;0
955;0
956;0
957;0
958;0
959;0
960;0
961;0
962;0
963;0
964;0
965;0
966;0
967;0
968;0
969;0
970;0
971;0
972;0
973;0
974;0
975;0
976;0
977;0
978;0
979;0
980;0
981;0
982;0
983;0
984;0
985;0
986;0
987;0
988;0
989;0
990;0
991;0
992;0
993;0
994;0
995;0
996;0
997;0
998;0
999;0
1000;0
1001;0
1002;0
1003;0
1004;0
1005;0
1006;0
1007;0
1008;0
1009;0
1010;0
1011;0
1012;0
1013;0
1014;0
1015;0
1016;0
1017;0
1018;0
1019;0
1020;0
1021;0
1022;0
1023;0
1024;0
