L 32,p 0.584800,Z 100000
/* Tamanio de cluster; Ocurrencias de cada tamaño de cluster */
1;2107060
2;493437
3;301905
4;204163
5;143832
6;106924
7;84068
8;68491
9;57114
10;47633
11;40879
12;35645
13;31140
14;27494
15;24371
16;22032
17;20020
18;18081
19;16528
20;15406
21;14170
22;13058
23;12225
24;11471
25;10468
26;9853
27;9304
28;8646
29;8178
30;7787
31;7417
32;6992
33;6755
34;6402
35;6014
36;5749
37;5431
38;5256
39;5124
40;4816
41;4722
42;4493
43;4328
44;4118
45;4019
46;3870
47;3734
48;3685
49;3466
50;3482
51;3246
52;3188
53;3026
54;3001
55;2913
56;2910
57;2673
58;2676
59;2529
60;2408
61;2448
62;2403
63;2256
64;2273
65;2159
66;2165
67;2146
68;2018
69;1897
70;1957
71;1916
72;1911
73;1781
74;1819
75;1722
76;1726
77;1733
78;1618
79;1622
80;1580
81;1552
82;1521
83;1422
84;1504
85;1416
86;1387
87;1339
88;1279
89;1307
90;1300
91;1283
92;1362
93;1245
94;1230
95;1200
96;1186
97;1203
98;1175
99;1112
100;1096
101;1121
102;1076
103;1010
104;1077
105;1042
106;1001
107;942
108;987
109;953
110;963
111;949
112;906
113;925
114;922
115;869
116;918
117;887
118;836
119;811
120;806
121;791
122;767
123;778
124;866
125;749
126;796
127;734
128;730
129;699
130;744
131;675
132;702
133;723
134;657
135;678
136;684
137;691
138;697
139;623
140;644
141;627
142;635
143;640
144;616
145;602
146;603
147;610
148;557
149;586
150;547
151;561
152;610
153;564
154;556
155;588
156;563
157;533
158;526
159;545
160;517
161;526
162;527
163;500
164;488
165;494
166;491
167;461
168;441
169;460
170;442
171;478
172;429
173;446
174;474
175;469
176;466
177;469
178;432
179;450
180;450
181;392
182;396
183;443
184;423
185;406
186;421
187;425
188;400
189;410
190;409
191;409
192;387
193;372
194;387
195;340
196;372
197;386
198;347
199;377
200;350
201;332
202;346
203;355
204;343
205;324
206;329
207;309
208;333
209;324
210;323
211;341
212;328
213;325
214;323
215;298
216;322
217;348
218;328
219;268
220;298
221;336
222;311
223;314
224;274
225;290
226;329
227;299
228;279
229;272
230;248
231;268
232;285
233;275
234;262
235;285
236;238
237;280
238;249
239;268
240;258
241;257
242;251
243;235
244;268
245;269
246;234
247;237
248;204
249;236
250;264
251;238
252;221
253;221
254;204
255;226
256;206
257;246
258;248
259;246
260;233
261;230
262;233
263;198
264;228
265;246
266;214
267;207
268;197
269;190
270;210
271;227
272;170
273;184
274;201
275;206
276;198
277;192
278;180
279;180
280;194
281;194
282;187
283;196
284;183
285;191
286;183
287;203
288;172
289;153
290;164
291;171
292;211
293;167
294;182
295;147
296;158
297;152
298;168
299;167
300;156
301;162
302;173
303;160
304;150
305;137
306;113
307;149
308;141
309;142
310;155
311;153
312;161
313;148
314;168
315;145
316;147
317;128
318;152
319;138
320;126
321;126
322;134
323;146
324;126
325;121
326;138
327;122
328;122
329;136
330;115
331;111
332;128
333;142
334;121
335;105
336;107
337;117
338;107
339;115
340;139
341;110
342;94
343;110
344;108
345;108
346;115
347;107
348;103
349;106
350;91
351;94
352;84
353;88
354;95
355;88
356;72
357;77
358;73
359;85
360;96
361;72
362;73
363;76
364;84
365;80
366;69
367;88
368;68
369;78
370;61
371;81
372;69
373;83
374;64
375;71
376;59
377;79
378;59
379;96
380;68
381;68
382;72
383;61
384;67
385;66
386;62
387;56
388;58
389;60
390;47
391;54
392;49
393;43
394;59
395;55
396;41
397;55
398;53
399;37
400;51
401;43
402;33
403;40
404;38
405;45
406;44
407;34
408;33
409;46
410;41
411;36
412;31
413;33
414;36
415;29
416;41
417;38
418;34
419;24
420;34
421;21
422;32
423;27
424;28
425;32
426;24
427;27
428;15
429;26
430;21
431;27
432;27
433;23
434;23
435;25
436;27
437;25
438;20
439;24
440;23
441;20
442;23
443;14
444;17
445;12
446;13
447;15
448;12
449;11
450;9
451;15
452;11
453;11
454;8
455;15
456;12
457;8
458;13
459;11
460;17
461;9
462;10
463;5
464;9
465;10
466;10
467;8
468;8
469;4
470;4
471;6
472;8
473;5
474;2
475;5
476;5
477;6
478;7
479;5
480;8
481;3
482;5
483;2
484;5
485;2
486;5
487;4
488;3
489;3
490;2
491;4
492;4
493;4
494;1
495;2
496;0
497;1
498;0
499;0
500;4
501;0
502;2
503;2
504;0
505;1
506;1
507;2
508;1
509;0
510;2
511;2
512;1
513;0
514;1
515;0
516;1
517;2
518;1
519;2
520;0
521;0
522;0
523;0
524;0
525;1
526;0
527;1
528;0
529;1
530;0
531;0
532;0
533;0
534;0
535;0
536;1
537;0
538;0
539;0
540;0
541;0
542;0
543;0
544;0
545;0
546;0
547;0
548;0
549;0
550;0
551;0
552;0
553;0
554;0
555;0
556;0
557;0
558;0
559;0
560;0
561;0
562;0
563;0
564;0
565;0
566;0
567;0
568;0
569;0
570;0
571;0
572;1
573;0
574;0
575;0
576;0
577;0
578;0
579;0
580;0
581;0
582;0
583;0
584;0
585;0
586;0
587;0
588;0
589;0
590;0
591;0
592;0
593;0
594;0
595;0
596;0
597;0
598;0
599;0
600;0
601;0
602;0
603;0
604;0
605;0
606;0
607;0
608;0
609;0
610;0
611;0
612;0
613;0
614;0
615;0
616;0
617;0
618;0
619;0
620;0
621;0
622;0
623;0
624;0
625;0
626;0
627;0
628;0
629;0
630;0
631;0
632;0
633;0
634;0
635;0
636;0
637;0
638;0
639;0
640;0
641;0
642;0
643;0
644;0
645;0
646;0
647;0
648;0
649;0
650;0
651;0
652;0
653;0
654;0
655;0
656;0
657;0
658;0
659;0
660;0
661;0
662;0
663;0
664;0
665;0
666;0
667;0
668;0
669;0
670;0
671;0
672;0
673;0
674;0
675;0
676;0
677;0
678;0
679;0
680;0
681;0
682;0
683;0
684;0
685;0
686;0
687;0
688;0
689;0
690;0
691;0
692;0
693;0
694;0
695;0
696;0
697;0
698;0
699;0
700;0
701;0
702;0
703;0
704;0
705;0
706;0
707;0
708;0
709;0
710;0
711;0
712;0
713;0
714;0
715;0
716;0
717;0
718;0
719;0
720;0
721;0
722;0
723;0
724;0
725;0
726;0
727;0
728;0
729;0
730;0
731;0
732;0
733;0
734;0
735;0
736;0
737;0
738;0
739;0
740;0
741;0
742;0
743;0
744;0
745;0
746;0
747;0
748;0
749;0
750;0
751;0
752;0
753;0
754;0
755;0
756;0
757;0
758;0
759;0
760;0
761;0
762;0
763;0
764;0
765;0
766;0
767;0
768;0
769;0
770;0
771;0
772;0
773;0
774;0
775;0
776;0
777;0
778;0
779;0
780;0
781;0
782;0
783;0
784;0
785;0
786;0
787;0
788;0
789;0
790;0
791;0
792;0
793;0
794;0
795;0
796;0
797;0
798;0
799;0
800;0
801;0
802;0
803;0
804;0
805;0
806;0
807;0
808;0
809;0
810;0
811;0
812;0
813;0
814;0
815;0
816;0
817;0
818;0
819;0
820;0
821;0
822;0
823;0
824;0
825;0
826;0
827;0
828;0
829;0
830;0
831;0
832;0
833;0
834;0
835;0
836;0
837;0
838;0
839;0
840;0
841;0
842;0
843;0
844;0
845;0
846;0
847;0
848;0
849;0
850;0
851;0
852;0
853;0
854;0
855;0
856;0
857;0
858;0
859;0
860;0
861;0
862;0
863;0
864;0
865;0
866;0
867;0
868;0
869;0
870;0
871;0
872;0
873;0
874;0
875;0
876;0
877;0
878;0
879;0
880;0
881;0
882;0
883;0
884;0
885;0
886;0
887;0
888;0
889;0
890;0
891;0
892;0
893;0
894;0
895;0
896;0
897;0
898;0
899;0
900;0
901;0
902;0
903;0
904;0
905;0
906;0
907;0
908;0
909;0
910;0
911;0
912;0
913;0
914;0
915;0
916;0
917;0
918;0
919;0
920;0
921;0
922;0
923;0
924;0
925;0
926;0
927;0
928;0
929;0
930;0
931;0
932;0
933;0
934;0
935;0
936;0
937;0
938;0
939;0
940;0
941;0
942;0
943;0
944;0
945;0
946;0
947;0
948;0
949;0
950;0
951;0
952;0
953;0
954;0
955;0
956;0
957;0
958;0
959;0
960;0
961;0
962;0
963;0
964;0
965;0
966;0
967;0
968;0
969;0
970;0
971;0
972;0
973;0
974;0
975;0
976;0
977;0
978;0
979;0
980;0
981;0
982;0
983;0
984;0
985;0
986;0
987;0
988;0
989;0
990;0
991;0
992;0
993;0
994;0
995;0
996;0
997;0
998;0
999;0
1000;0
1001;0
1002;0
1003;0
1004;0
1005;0
1006;0
1007;0
1008;0
1009;0
1010;0
1011;0
1012;0
1013;0
1014;0
1015;0
1016;0
1017;0
1018;0
1019;0
1020;0
1021;0
1022;0
1023;0
1024;0
