L 32,p 0.593900,Z 100000
/* Tamanio de cluster; Ocurrencias de cada tamaño de cluster */
1;1970555
2;451494
3;276077
4;184280
5;129995
6;95862
7;75149
8;60647
9;50282
10;42594
11;36172
12;31442
13;27396
14;24270
15;21727
16;19645
17;17568
18;15821
19;14496
20;13575
21;12288
22;11580
23;10661
24;9734
25;9226
26;8581
27;8110
28;7652
29;7260
30;6756
31;6454
32;6114
33;5787
34;5363
35;5223
36;5114
37;4901
38;4548
39;4373
40;4124
41;4106
42;3931
43;3758
44;3502
45;3368
46;3422
47;3261
48;3133
49;2993
50;2842
51;2748
52;2736
53;2627
54;2611
55;2494
56;2390
57;2321
58;2284
59;2151
60;2089
61;2078
62;1975
63;1969
64;1951
65;1894
66;1856
67;1827
68;1792
69;1688
70;1731
71;1655
72;1578
73;1577
74;1483
75;1476
76;1470
77;1423
78;1437
79;1360
80;1329
81;1311
82;1304
83;1317
84;1242
85;1220
86;1184
87;1139
88;1170
89;1150
90;1080
91;1101
92;1130
93;1093
94;1014
95;1025
96;931
97;985
98;982
99;886
100;868
101;997
102;936
103;954
104;951
105;848
106;901
107;853
108;833
109;833
110;802
111;799
112;760
113;761
114;819
115;762
116;707
117;776
118;725
119;738
120;711
121;726
122;666
123;690
124;674
125;647
126;663
127;666
128;623
129;658
130;584
131;600
132;598
133;580
134;588
135;585
136;584
137;600
138;582
139;568
140;571
141;530
142;539
143;575
144;543
145;568
146;512
147;565
148;488
149;505
150;528
151;479
152;503
153;477
154;489
155;443
156;476
157;495
158;477
159;478
160;451
161;452
162;443
163;465
164;414
165;391
166;426
167;410
168;398
169;439
170;409
171;419
172;458
173;398
174;397
175;395
176;394
177;382
178;379
179;378
180;369
181;382
182;345
183;384
184;372
185;350
186;344
187;383
188;355
189;357
190;377
191;308
192;339
193;344
194;314
195;332
196;355
197;313
198;333
199;303
200;333
201;284
202;336
203;304
204;301
205;316
206;316
207;309
208;285
209;266
210;298
211;290
212;279
213;271
214;301
215;276
216;300
217;280
218;284
219;273
220;245
221;289
222;259
223;289
224;254
225;263
226;229
227;240
228;246
229;250
230;253
231;260
232;255
233;259
234;265
235;247
236;227
237;241
238;233
239;250
240;235
241;238
242;232
243;246
244;280
245;256
246;216
247;203
248;220
249;234
250;226
251;233
252;237
253;246
254;243
255;238
256;236
257;204
258;211
259;203
260;200
261;228
262;223
263;205
264;225
265;201
266;224
267;204
268;174
269;198
270;207
271;172
272;182
273;198
274;201
275;184
276;197
277;170
278;189
279;196
280;180
281;193
282;186
283;170
284;182
285;178
286;214
287;170
288;184
289;179
290;184
291;189
292;194
293;144
294;180
295;153
296;147
297;178
298;166
299;174
300;146
301;170
302;173
303;166
304;152
305;168
306;150
307;161
308;158
309;155
310;161
311;152
312;165
313;142
314;122
315;141
316;135
317;137
318;134
319;131
320;140
321;117
322;136
323;129
324;125
325;141
326;120
327;136
328;126
329;134
330;116
331;136
332;123
333;127
334;147
335;112
336;140
337;126
338;150
339;128
340;127
341;112
342;112
343;109
344;120
345;112
346;102
347;94
348;99
349;110
350;109
351;100
352;116
353;108
354;104
355;92
356;94
357;93
358;112
359;115
360;85
361;103
362;91
363;79
364;97
365;94
366;79
367;91
368;71
369;77
370;85
371;80
372;75
373;71
374;76
375;81
376;72
377;74
378;79
379;78
380;61
381;80
382;85
383;85
384;82
385;75
386;63
387;73
388;75
389;69
390;62
391;74
392;62
393;56
394;61
395;60
396;67
397;58
398;51
399;61
400;76
401;53
402;48
403;56
404;51
405;62
406;60
407;48
408;47
409;53
410;35
411;37
412;48
413;47
414;45
415;47
416;41
417;47
418;50
419;40
420;29
421;41
422;43
423;48
424;36
425;39
426;35
427;22
428;33
429;25
430;39
431;35
432;26
433;27
434;33
435;25
436;30
437;32
438;20
439;29
440;21
441;19
442;23
443;25
444;25
445;27
446;29
447;26
448;28
449;18
450;23
451;20
452;23
453;23
454;16
455;19
456;23
457;18
458;16
459;18
460;11
461;20
462;17
463;18
464;13
465;16
466;9
467;9
468;14
469;12
470;13
471;8
472;11
473;9
474;17
475;4
476;21
477;11
478;9
479;3
480;14
481;9
482;11
483;11
484;8
485;6
486;9
487;2
488;5
489;6
490;7
491;9
492;2
493;6
494;3
495;1
496;0
497;4
498;6
499;4
500;5
501;3
502;2
503;6
504;7
505;4
506;4
507;4
508;1
509;1
510;4
511;4
512;1
513;5
514;0
515;1
516;3
517;2
518;1
519;1
520;2
521;1
522;2
523;2
524;1
525;1
526;0
527;1
528;0
529;0
530;0
531;0
532;0
533;1
534;0
535;2
536;0
537;1
538;1
539;0
540;0
541;0
542;0
543;0
544;0
545;0
546;1
547;0
548;0
549;0
550;0
551;0
552;0
553;0
554;0
555;0
556;0
557;0
558;0
559;0
560;0
561;0
562;0
563;0
564;0
565;0
566;0
567;0
568;0
569;0
570;0
571;0
572;0
573;0
574;1
575;0
576;0
577;0
578;0
579;0
580;0
581;0
582;0
583;0
584;0
585;0
586;0
587;0
588;0
589;0
590;0
591;0
592;0
593;0
594;0
595;0
596;0
597;0
598;0
599;0
600;0
601;0
602;0
603;0
604;0
605;0
606;0
607;0
608;0
609;0
610;0
611;0
612;0
613;0
614;0
615;0
616;0
617;0
618;0
619;0
620;0
621;0
622;0
623;0
624;0
625;0
626;0
627;0
628;0
629;0
630;0
631;0
632;0
633;0
634;0
635;0
636;0
637;0
638;0
639;0
640;0
641;0
642;0
643;0
644;0
645;0
646;0
647;0
648;0
649;0
650;0
651;0
652;0
653;0
654;0
655;0
656;0
657;0
658;0
659;0
660;0
661;0
662;0
663;0
664;0
665;0
666;0
667;0
668;0
669;0
670;0
671;0
672;0
673;0
674;0
675;0
676;0
677;0
678;0
679;0
680;0
681;0
682;0
683;0
684;0
685;0
686;0
687;0
688;0
689;0
690;0
691;0
692;0
693;0
694;0
695;0
696;0
697;0
698;0
699;0
700;0
701;0
702;0
703;0
704;0
705;0
706;0
707;0
708;0
709;0
710;0
711;0
712;0
713;0
714;0
715;0
716;0
717;0
718;0
719;0
720;0
721;0
722;0
723;0
724;0
725;0
726;0
727;0
728;0
729;0
730;0
731;0
732;0
733;0
734;0
735;0
736;0
737;0
738;0
739;0
740;0
741;0
742;0
743;0
744;0
745;0
746;0
747;0
748;0
749;0
750;0
751;0
752;0
753;0
754;0
755;0
756;0
757;0
758;0
759;0
760;0
761;0
762;0
763;0
764;0
765;0
766;0
767;0
768;0
769;0
770;0
771;0
772;0
773;0
774;0
775;0
776;0
777;0
778;0
779;0
780;0
781;0
782;0
783;0
784;0
785;0
786;0
787;0
788;0
789;0
790;0
791;0
792;0
793;0
794;0
795;0
796;0
797;0
798;0
799;0
800;0
801;0
802;0
803;0
804;0
805;0
806;0
807;0
808;0
809;0
810;0
811;0
812;0
813;0
814;0
815;0
816;0
817;0
818;0
819;0
820;0
821;0
822;0
823;0
824;0
825;0
826;0
827;0
828;0
829;0
830;0
831;0
832;0
833;0
834;0
835;0
836;0
837;0
838;0
839;0
840;0
841;0
842;0
843;0
844;0
845;0
846;0
847;0
848;0
849;0
850;0
851;0
852;0
853;0
854;0
855;0
856;0
857;0
858;0
859;0
860;0
861;0
862;0
863;0
864;0
865;0
866;0
867;0
868;0
869;0
870;0
871;0
872;0
873;0
874;0
875;0
876;0
877;0
878;0
879;0
880;0
881;0
882;0
883;0
884;0
885;0
886;0
887;0
888;0
889;0
890;0
891;0
892;0
893;0
894;0
895;0
896;0
897;0
898;0
899;0
900;0
901;0
902;0
903;0
904;0
905;0
906;0
907;0
908;0
909;0
910;0
911;0
912;0
913;0
914;0
915;0
916;0
917;0
918;0
919;0
920;0
921;0
922;0
923;0
924;0
925;0
926;0
927;0
928;0
929;0
930;0
931;0
932;0
933;0
934;0
935;0
936;0
937;0
938;0
939;0
940;0
941;0
942;0
943;0
944;0
945;0
946;0
947;0
948;0
949;0
950;0
951;0
952;0
953;0
954;0
955;0
956;0
957;0
958;0
959;0
960;0
961;0
962;0
963;0
964;0
965;0
966;0
967;0
968;0
969;0
970;0
971;0
972;0
973;0
974;0
975;0
976;0
977;0
978;0
979;0
980;0
981;0
982;0
983;0
984;0
985;0
986;0
987;0
988;0
989;0
990;0
991;0
992;0
993;0
994;0
995;0
996;0
997;0
998;0
999;0
1000;0
1001;0
1002;0
1003;0
1004;0
1005;0
1006;0
1007;0
1008;0
1009;0
1010;0
1011;0
1012;0
1013;0
1014;0
1015;0
1016;0
1017;0
1018;0
1019;0
1020;0
1021;0
1022;0
1023;0
1024;0
