L 32,p 0.585400,Z 100000
/* Tamanio de cluster; Ocurrencias de cada tamaño de cluster */
1;2098228
2;490476
3;301532
4;203211
5;143237
6;106315
7;83501
8;67488
9;56566
10;47259
11;40597
12;34947
13;30875
14;27395
15;24487
16;21397
17;19869
18;17719
19;16659
20;15157
21;13913
22;12934
23;11924
24;11073
25;10369
26;9837
27;9355
28;8709
29;8199
30;7646
31;7398
32;6927
33;6466
34;6213
35;6015
36;5691
37;5488
38;5247
39;5063
40;4700
41;4567
42;4382
43;4218
44;4119
45;4032
46;3851
47;3774
48;3457
49;3466
50;3323
51;3205
52;3154
53;3055
54;2909
55;2824
56;2784
57;2638
58;2618
59;2509
60;2535
61;2386
62;2353
63;2300
64;2183
65;2178
66;2157
67;2059
68;2047
69;1865
70;1885
71;1879
72;1850
73;1769
74;1711
75;1693
76;1740
77;1674
78;1596
79;1585
80;1619
81;1542
82;1493
83;1459
84;1534
85;1395
86;1405
87;1399
88;1314
89;1273
90;1261
91;1289
92;1276
93;1229
94;1246
95;1222
96;1151
97;1133
98;1130
99;1129
100;1116
101;1081
102;998
103;1054
104;1060
105;939
106;1017
107;986
108;927
109;986
110;917
111;916
112;933
113;919
114;873
115;849
116;882
117;876
118;840
119;824
120;823
121;809
122;783
123;801
124;776
125;746
126;799
127;734
128;719
129;747
130;739
131;666
132;695
133;709
134;704
135;696
136;660
137;667
138;660
139;665
140;649
141;638
142;647
143;598
144;630
145;603
146;568
147;591
148;581
149;562
150;598
151;567
152;526
153;576
154;567
155;533
156;512
157;491
158;532
159;502
160;542
161;487
162;500
163;463
164;490
165;463
166;504
167;452
168;469
169;482
170;468
171;451
172;511
173;446
174;426
175;455
176;433
177;461
178;407
179;416
180;430
181;480
182;395
183;409
184;405
185;403
186;382
187;386
188;376
189;400
190;398
191;384
192;360
193;434
194;391
195;394
196;350
197;352
198;385
199;389
200;383
201;342
202;320
203;315
204;350
205;349
206;306
207;304
208;309
209;317
210;340
211;328
212;331
213;330
214;293
215;330
216;274
217;319
218;300
219;325
220;284
221;317
222;299
223;311
224;292
225;295
226;287
227;282
228;285
229;279
230;288
231;266
232;258
233;259
234;251
235;275
236;294
237;276
238;290
239;241
240;257
241;252
242;279
243;278
244;273
245;255
246;280
247;224
248;255
249;296
250;236
251;255
252;234
253;211
254;262
255;237
256;243
257;222
258;226
259;239
260;234
261;207
262;213
263;234
264;210
265;206
266;183
267;210
268;223
269;215
270;212
271;225
272;201
273;189
274;188
275;198
276;192
277;201
278;216
279;187
280;193
281;197
282;191
283;195
284;190
285;182
286;165
287;174
288;174
289;185
290;186
291;177
292;160
293;173
294;167
295;175
296;145
297;157
298;190
299;145
300;167
301;155
302;143
303;174
304;152
305;146
306;159
307;153
308;145
309;127
310;154
311;146
312;140
313;146
314;129
315;150
316;138
317;128
318;141
319;149
320;132
321;148
322;141
323;125
324;131
325;143
326;126
327;120
328;136
329;115
330;105
331;128
332;119
333;118
334;109
335;119
336;130
337;99
338;118
339;99
340;107
341;104
342;100
343;111
344;110
345;87
346;104
347;103
348;121
349;89
350;88
351;89
352;106
353;97
354;90
355;108
356;77
357;87
358;82
359;91
360;95
361;92
362;93
363;80
364;73
365;57
366;91
367;69
368;73
369;73
370;77
371;72
372;74
373;76
374;83
375;67
376;70
377;73
378;64
379;54
380;86
381;62
382;70
383;77
384;56
385;66
386;67
387;59
388;54
389;49
390;55
391;61
392;63
393;57
394;53
395;59
396;55
397;56
398;53
399;48
400;41
401;47
402;42
403;50
404;39
405;40
406;38
407;45
408;31
409;39
410;53
411;43
412;24
413;27
414;39
415;39
416;35
417;33
418;28
419;24
420;32
421;15
422;39
423;37
424;30
425;28
426;21
427;31
428;26
429;24
430;28
431;24
432;25
433;12
434;25
435;25
436;13
437;17
438;32
439;16
440;14
441;21
442;19
443;18
444;11
445;12
446;16
447;17
448;20
449;10
450;20
451;18
452;10
453;20
454;13
455;16
456;13
457;9
458;11
459;10
460;11
461;9
462;13
463;8
464;8
465;10
466;7
467;3
468;10
469;12
470;6
471;12
472;6
473;8
474;4
475;6
476;5
477;5
478;8
479;6
480;2
481;7
482;3
483;4
484;4
485;4
486;4
487;5
488;3
489;8
490;5
491;4
492;6
493;4
494;3
495;4
496;3
497;1
498;4
499;3
500;7
501;3
502;2
503;3
504;1
505;1
506;2
507;3
508;3
509;0
510;1
511;0
512;1
513;0
514;0
515;0
516;0
517;1
518;2
519;3
520;1
521;1
522;1
523;0
524;1
525;3
526;1
527;0
528;0
529;1
530;0
531;1
532;0
533;1
534;0
535;0
536;0
537;0
538;1
539;1
540;0
541;0
542;0
543;1
544;0
545;0
546;0
547;1
548;0
549;0
550;0
551;0
552;0
553;0
554;0
555;0
556;0
557;0
558;0
559;0
560;0
561;0
562;0
563;0
564;0
565;0
566;0
567;0
568;0
569;0
570;0
571;0
572;1
573;0
574;0
575;0
576;0
577;0
578;0
579;0
580;0
581;0
582;0
583;0
584;0
585;0
586;0
587;0
588;0
589;0
590;0
591;0
592;0
593;0
594;0
595;0
596;0
597;0
598;0
599;0
600;0
601;0
602;0
603;0
604;0
605;0
606;0
607;0
608;0
609;0
610;0
611;0
612;0
613;0
614;0
615;0
616;0
617;0
618;0
619;0
620;0
621;0
622;0
623;0
624;0
625;0
626;0
627;0
628;0
629;0
630;0
631;0
632;0
633;0
634;0
635;0
636;0
637;0
638;0
639;0
640;0
641;0
642;0
643;0
644;0
645;0
646;0
647;0
648;0
649;0
650;0
651;0
652;0
653;0
654;0
655;0
656;0
657;0
658;0
659;0
660;0
661;0
662;0
663;0
664;0
665;0
666;0
667;0
668;0
669;0
670;0
671;0
672;0
673;0
674;0
675;0
676;0
677;0
678;0
679;0
680;0
681;0
682;0
683;0
684;0
685;0
686;0
687;0
688;0
689;0
690;0
691;0
692;0
693;0
694;0
695;0
696;0
697;0
698;0
699;0
700;0
701;0
702;0
703;0
704;0
705;0
706;0
707;0
708;0
709;0
710;0
711;0
712;0
713;0
714;0
715;0
716;0
717;0
718;0
719;0
720;0
721;0
722;0
723;0
724;0
725;0
726;0
727;0
728;0
729;0
730;0
731;0
732;0
733;0
734;0
735;0
736;0
737;0
738;0
739;0
740;0
741;0
742;0
743;0
744;0
745;0
746;0
747;0
748;0
749;0
750;0
751;0
752;0
753;0
754;0
755;0
756;0
757;0
758;0
759;0
760;0
761;0
762;0
763;0
764;0
765;0
766;0
767;0
768;0
769;0
770;0
771;0
772;0
773;0
774;0
775;0
776;0
777;0
778;0
779;0
780;0
781;0
782;0
783;0
784;0
785;0
786;0
787;0
788;0
789;0
790;0
791;0
792;0
793;0
794;0
795;0
796;0
797;0
798;0
799;0
800;0
801;0
802;0
803;0
804;0
805;0
806;0
807;0
808;0
809;0
810;0
811;0
812;0
813;0
814;0
815;0
816;0
817;0
818;0
819;0
820;0
821;0
822;0
823;0
824;0
825;0
826;0
827;0
828;0
829;0
830;0
831;0
832;0
833;0
834;0
835;0
836;0
837;0
838;0
839;0
840;0
841;0
842;0
843;0
844;0
845;0
846;0
847;0
848;0
849;0
850;0
851;0
852;0
853;0
854;0
855;0
856;0
857;0
858;0
859;0
860;0
861;0
862;0
863;0
864;0
865;0
866;0
867;0
868;0
869;0
870;0
871;0
872;0
873;0
874;0
875;0
876;0
877;0
878;0
879;0
880;0
881;0
882;0
883;0
884;0
885;0
886;0
887;0
888;0
889;0
890;0
891;0
892;0
893;0
894;0
895;0
896;0
897;0
898;0
899;0
900;0
901;0
902;0
903;0
904;0
905;0
906;0
907;0
908;0
909;0
910;0
911;0
912;0
913;0
914;0
915;0
916;0
917;0
918;0
919;0
920;0
921;0
922;0
923;0
924;0
925;0
926;0
927;0
928;0
929;0
930;0
931;0
932;0
933;0
934;0
935;0
936;0
937;0
938;0
939;0
940;0
941;0
942;0
943;0
944;0
945;0
946;0
947;0
948;0
949;0
950;0
951;0
952;0
953;0
954;0
955;0
956;0
957;0
958;0
959;0
960;0
961;0
962;0
963;0
964;0
965;0
966;0
967;0
968;0
969;0
970;0
971;0
972;0
973;0
974;0
975;0
976;0
977;0
978;0
979;0
980;0
981;0
982;0
983;0
984;0
985;0
986;0
987;0
988;0
989;0
990;0
991;0
992;0
993;0
994;0
995;0
996;0
997;0
998;0
999;0
1000;0
1001;0
1002;0
1003;0
1004;0
1005;0
1006;0
1007;0
1008;0
1009;0
1010;0
1011;0
1012;0
1013;0
1014;0
1015;0
1016;0
1017;0
1018;0
1019;0
1020;0
1021;0
1022;0
1023;0
1024;0
