L 32,p 0.585600,Z 100000
/* Tamanio de cluster; Ocurrencias de cada tamaño de cluster */
1;2096597
2;488221
3;301900
4;202414
5;141985
6;105491
7;82926
8;68007
9;56001
10;47519
11;40386
12;34994
13;30827
14;27227
15;24164
16;22079
17;19512
18;17935
19;16350
20;15104
21;13948
22;12930
23;11791
24;11054
25;10467
26;9793
27;9234
28;8541
29;8152
30;7588
31;7350
32;7148
33;6540
34;6282
35;5951
36;5674
37;5499
38;5284
39;5028
40;4803
41;4620
42;4500
43;4184
44;4109
45;3980
46;3839
47;3624
48;3560
49;3414
50;3359
51;3285
52;3138
53;3082
54;2882
55;2882
56;2778
57;2686
58;2556
59;2575
60;2541
61;2391
62;2360
63;2329
64;2266
65;2123
66;2121
67;2088
68;2022
69;1954
70;1863
71;1801
72;1859
73;1788
74;1692
75;1759
76;1614
77;1671
78;1680
79;1547
80;1530
81;1527
82;1505
83;1436
84;1461
85;1473
86;1393
87;1423
88;1366
89;1343
90;1311
91;1275
92;1175
93;1221
94;1176
95;1242
96;1188
97;1206
98;1189
99;1112
100;1071
101;1011
102;1005
103;1027
104;1043
105;985
106;1003
107;935
108;937
109;931
110;956
111;929
112;892
113;935
114;891
115;929
116;846
117;819
118;918
119;816
120;815
121;757
122;824
123;790
124;761
125;771
126;745
127;777
128;725
129;714
130;758
131;688
132;734
133;714
134;693
135;691
136;657
137;667
138;629
139;652
140;606
141;615
142;655
143;626
144;661
145;615
146;573
147;619
148;540
149;578
150;597
151;532
152;543
153;546
154;525
155;533
156;546
157;518
158;543
159;495
160;550
161;508
162;510
163;520
164;477
165;457
166;504
167;496
168;475
169;469
170;490
171;453
172;471
173;441
174;449
175;442
176;404
177;455
178;442
179;415
180;441
181;417
182;413
183;417
184;377
185;393
186;395
187;365
188;413
189;374
190;408
191;366
192;396
193;376
194;387
195;393
196;373
197;352
198;410
199;381
200;355
201;367
202;332
203;369
204;349
205;356
206;318
207;344
208;331
209;343
210;352
211;295
212;289
213;340
214;299
215;324
216;311
217;298
218;287
219;286
220;311
221;296
222;296
223;286
224;269
225;323
226;302
227;260
228;281
229;273
230;270
231;285
232;261
233;287
234;299
235;269
236;253
237;270
238;234
239;249
240;254
241;269
242;235
243;251
244;227
245;256
246;246
247;242
248;282
249;225
250;238
251;242
252;233
253;230
254;226
255;229
256;236
257;226
258;209
259;231
260;223
261;238
262;228
263;188
264;247
265;196
266;205
267;197
268;215
269;212
270;213
271;202
272;219
273;204
274;198
275;206
276;195
277;211
278;194
279;195
280;196
281;194
282;181
283;182
284;174
285;202
286;172
287;219
288;167
289;159
290;167
291;189
292;178
293;160
294;180
295;182
296;199
297;157
298;178
299;172
300;174
301;150
302;153
303;151
304;151
305;142
306;140
307;149
308;141
309;160
310;136
311;162
312;149
313;151
314;142
315;134
316;132
317;173
318;146
319;124
320;146
321;134
322;141
323;117
324;130
325;141
326;111
327;145
328;120
329;123
330;123
331;119
332;132
333;114
334;122
335;115
336;108
337;106
338;110
339;119
340;96
341;110
342;103
343;107
344;102
345;97
346;113
347;94
348;113
349;102
350;98
351;84
352;108
353;94
354;114
355;85
356;86
357;90
358;96
359;85
360;91
361;89
362;79
363;70
364;77
365;77
366;81
367;101
368;95
369;77
370;62
371;65
372;65
373;70
374;97
375;59
376;59
377;62
378;62
379;54
380;70
381;65
382;75
383;64
384;54
385;49
386;78
387;64
388;63
389;58
390;55
391;59
392;60
393;48
394;34
395;63
396;43
397;46
398;48
399;51
400;39
401;37
402;51
403;47
404;38
405;48
406;41
407;46
408;36
409;35
410;34
411;40
412;36
413;36
414;44
415;40
416;45
417;30
418;33
419;34
420;27
421;32
422;27
423;33
424;30
425;23
426;23
427;17
428;27
429;22
430;33
431;30
432;28
433;27
434;15
435;23
436;29
437;17
438;20
439;25
440;19
441;23
442;15
443;20
444;14
445;11
446;18
447;21
448;20
449;11
450;19
451;10
452;12
453;12
454;13
455;16
456;11
457;11
458;18
459;14
460;8
461;9
462;10
463;7
464;8
465;7
466;13
467;10
468;13
469;8
470;8
471;4
472;11
473;5
474;4
475;3
476;5
477;9
478;1
479;4
480;4
481;5
482;4
483;9
484;4
485;6
486;3
487;5
488;3
489;0
490;3
491;3
492;3
493;2
494;3
495;4
496;3
497;5
498;5
499;4
500;2
501;2
502;0
503;0
504;0
505;1
506;2
507;2
508;1
509;0
510;1
511;1
512;1
513;2
514;2
515;1
516;1
517;1
518;0
519;0
520;0
521;0
522;0
523;0
524;1
525;0
526;0
527;0
528;0
529;0
530;1
531;1
532;0
533;0
534;0
535;0
536;0
537;0
538;0
539;0
540;0
541;0
542;0
543;0
544;1
545;0
546;0
547;0
548;0
549;0
550;0
551;0
552;0
553;0
554;0
555;0
556;0
557;0
558;0
559;0
560;0
561;0
562;0
563;0
564;0
565;0
566;0
567;0
568;0
569;0
570;0
571;0
572;0
573;0
574;0
575;0
576;0
577;0
578;0
579;0
580;0
581;0
582;0
583;0
584;0
585;0
586;0
587;0
588;0
589;0
590;0
591;0
592;0
593;0
594;0
595;0
596;0
597;0
598;0
599;0
600;0
601;0
602;0
603;0
604;0
605;0
606;0
607;0
608;0
609;0
610;0
611;0
612;0
613;0
614;0
615;0
616;0
617;0
618;0
619;0
620;0
621;0
622;0
623;0
624;0
625;0
626;0
627;0
628;0
629;0
630;0
631;0
632;0
633;0
634;0
635;0
636;0
637;0
638;0
639;0
640;0
641;0
642;0
643;0
644;0
645;0
646;0
647;0
648;0
649;0
650;0
651;0
652;0
653;0
654;0
655;0
656;0
657;0
658;0
659;0
660;0
661;0
662;0
663;0
664;0
665;0
666;0
667;0
668;0
669;0
670;0
671;0
672;0
673;0
674;0
675;0
676;0
677;0
678;0
679;0
680;0
681;0
682;0
683;0
684;0
685;0
686;0
687;0
688;0
689;0
690;0
691;0
692;0
693;0
694;0
695;0
696;0
697;0
698;0
699;0
700;0
701;0
702;0
703;0
704;0
705;0
706;0
707;0
708;0
709;0
710;0
711;0
712;0
713;0
714;0
715;0
716;0
717;0
718;0
719;0
720;0
721;0
722;0
723;0
724;0
725;0
726;0
727;0
728;0
729;0
730;0
731;0
732;0
733;0
734;0
735;0
736;0
737;0
738;0
739;0
740;0
741;0
742;0
743;0
744;0
745;0
746;0
747;0
748;0
749;0
750;0
751;0
752;0
753;0
754;0
755;0
756;0
757;0
758;0
759;0
760;0
761;0
762;0
763;0
764;0
765;0
766;0
767;0
768;0
769;0
770;0
771;0
772;0
773;0
774;0
775;0
776;0
777;0
778;0
779;0
780;0
781;0
782;0
783;0
784;0
785;0
786;0
787;0
788;0
789;0
790;0
791;0
792;0
793;0
794;0
795;0
796;0
797;0
798;0
799;0
800;0
801;0
802;0
803;0
804;0
805;0
806;0
807;0
808;0
809;0
810;0
811;0
812;0
813;0
814;0
815;0
816;0
817;0
818;0
819;0
820;0
821;0
822;0
823;0
824;0
825;0
826;0
827;0
828;0
829;0
830;0
831;0
832;0
833;0
834;0
835;0
836;0
837;0
838;0
839;0
840;0
841;0
842;0
843;0
844;0
845;0
846;0
847;0
848;0
849;0
850;0
851;0
852;0
853;0
854;0
855;0
856;0
857;0
858;0
859;0
860;0
861;0
862;0
863;0
864;0
865;0
866;0
867;0
868;0
869;0
870;0
871;0
872;0
873;0
874;0
875;0
876;0
877;0
878;0
879;0
880;0
881;0
882;0
883;0
884;0
885;0
886;0
887;0
888;0
889;0
890;0
891;0
892;0
893;0
894;0
895;0
896;0
897;0
898;0
899;0
900;0
901;0
902;0
903;0
904;0
905;0
906;0
907;0
908;0
909;0
910;0
911;0
912;0
913;0
914;0
915;0
916;0
917;0
918;0
919;0
920;0
921;0
922;0
923;0
924;0
925;0
926;0
927;0
928;0
929;0
930;0
931;0
932;0
933;0
934;0
935;0
936;0
937;0
938;0
939;0
940;0
941;0
942;0
943;0
944;0
945;0
946;0
947;0
948;0
949;0
950;0
951;0
952;0
953;0
954;0
955;0
956;0
957;0
958;0
959;0
960;0
961;0
962;0
963;0
964;0
965;0
966;0
967;0
968;0
969;0
970;0
971;0
972;0
973;0
974;0
975;0
976;0
977;0
978;0
979;0
980;0
981;0
982;0
983;0
984;0
985;0
986;0
987;0
988;0
989;0
990;0
991;0
992;0
993;0
994;0
995;0
996;0
997;0
998;0
999;0
1000;0
1001;0
1002;0
1003;0
1004;0
1005;0
1006;0
1007;0
1008;0
1009;0
1010;0
1011;0
1012;0
1013;0
1014;0
1015;0
1016;0
1017;0
1018;0
1019;0
1020;0
1021;0
1022;0
1023;0
1024;0
