L 32,p 0.584100,Z 100000
/* Tamanio de cluster; Ocurrencias de cada tamaño de cluster */
1;2119063
2;496719
3;305548
4;205335
5;145083
6;108355
7;84072
8;68636
9;57017
10;47831
11;41021
12;35843
13;30864
14;27584
15;24570
16;22221
17;20296
18;18209
19;16779
20;15407
21;14134
22;13091
23;12414
24;11376
25;10697
26;9878
27;9455
28;8982
29;8261
30;7840
31;7363
32;7146
33;6798
34;6402
35;6099
36;5881
37;5644
38;5374
39;5148
40;4873
41;4777
42;4475
43;4249
44;4151
45;4045
46;3923
47;3839
48;3566
49;3519
50;3480
51;3355
52;3169
53;3091
54;3091
55;3002
56;2815
57;2739
58;2667
59;2566
60;2545
61;2461
62;2415
63;2236
64;2243
65;2256
66;2179
67;2134
68;2080
69;2026
70;1939
71;1898
72;1870
73;1863
74;1735
75;1777
76;1684
77;1647
78;1637
79;1629
80;1631
81;1593
82;1539
83;1525
84;1475
85;1384
86;1417
87;1446
88;1384
89;1353
90;1306
91;1259
92;1236
93;1231
94;1192
95;1237
96;1178
97;1234
98;1138
99;1160
100;1058
101;1077
102;1025
103;1056
104;1136
105;1035
106;968
107;971
108;922
109;972
110;993
111;916
112;976
113;942
114;937
115;883
116;890
117;847
118;825
119;847
120;840
121;762
122;798
123;795
124;752
125;825
126;739
127;731
128;764
129;717
130;740
131;729
132;727
133;749
134;679
135;697
136;719
137;641
138;655
139;633
140;689
141;619
142;659
143;661
144;581
145;622
146;570
147;613
148;619
149;647
150;582
151;580
152;552
153;569
154;524
155;560
156;574
157;510
158;518
159;512
160;545
161;515
162;538
163;517
164;475
165;471
166;489
167;525
168;463
169;457
170;459
171;491
172;489
173;492
174;482
175;473
176;445
177;430
178;432
179;407
180;412
181;404
182;434
183;425
184;414
185;423
186;429
187;425
188;429
189;433
190;355
191;388
192;417
193;392
194;349
195;357
196;364
197;318
198;379
199;358
200;387
201;357
202;362
203;375
204;351
205;351
206;348
207;343
208;337
209;347
210;341
211;326
212;326
213;313
214;352
215;312
216;297
217;298
218;295
219;300
220;289
221;299
222;311
223;300
224;308
225;329
226;282
227;288
228;278
229;280
230;262
231;263
232;278
233;297
234;271
235;269
236;290
237;272
238;248
239;273
240;290
241;274
242;271
243;228
244;273
245;266
246;257
247;237
248;221
249;231
250;225
251;229
252;225
253;256
254;254
255;240
256;219
257;226
258;216
259;204
260;204
261;237
262;227
263;218
264;197
265;216
266;219
267;205
268;235
269;220
270;231
271;208
272;215
273;191
274;222
275;211
276;194
277;177
278;187
279;203
280;196
281;188
282;207
283;214
284;162
285;186
286;181
287;189
288;169
289;186
290;196
291;170
292;150
293;177
294;199
295;167
296;177
297;170
298;183
299;160
300;152
301;133
302;157
303;146
304;154
305;177
306;152
307;159
308;175
309;155
310;174
311;151
312;165
313;140
314;132
315;140
316;140
317;130
318;142
319;126
320;144
321;153
322;125
323;121
324;113
325;145
326;112
327;130
328;135
329;122
330;145
331;142
332;120
333;92
334;132
335;112
336;98
337;131
338;115
339;103
340;105
341;109
342;103
343;110
344;97
345;93
346;118
347;109
348;84
349;108
350;88
351;91
352;99
353;114
354;85
355;84
356;78
357;73
358;103
359;86
360;87
361;73
362;104
363;82
364;81
365;85
366;88
367;84
368;73
369;79
370;80
371;64
372;70
373;62
374;66
375;76
376;76
377;73
378;57
379;67
380;53
381;77
382;58
383;54
384;64
385;48
386;70
387;68
388;53
389;54
390;54
391;47
392;59
393;54
394;44
395;59
396;56
397;66
398;55
399;54
400;48
401;43
402;49
403;38
404;37
405;64
406;33
407;37
408;39
409;31
410;36
411;36
412;35
413;44
414;29
415;33
416;39
417;35
418;31
419;27
420;22
421;35
422;25
423;30
424;35
425;20
426;27
427;25
428;26
429;28
430;23
431;26
432;20
433;25
434;25
435;12
436;12
437;22
438;18
439;17
440;12
441;17
442;20
443;18
444;13
445;23
446;15
447;16
448;11
449;11
450;16
451;19
452;9
453;12
454;16
455;16
456;6
457;9
458;6
459;8
460;12
461;4
462;12
463;11
464;10
465;12
466;12
467;14
468;9
469;6
470;7
471;5
472;3
473;13
474;7
475;5
476;5
477;5
478;9
479;1
480;9
481;7
482;2
483;9
484;1
485;1
486;2
487;4
488;4
489;7
490;2
491;0
492;2
493;2
494;0
495;2
496;3
497;4
498;1
499;3
500;1
501;2
502;1
503;2
504;2
505;2
506;2
507;1
508;3
509;2
510;2
511;1
512;0
513;1
514;0
515;3
516;2
517;1
518;0
519;0
520;0
521;2
522;3
523;2
524;0
525;1
526;1
527;0
528;2
529;0
530;0
531;0
532;1
533;0
534;0
535;1
536;0
537;0
538;0
539;0
540;0
541;0
542;0
543;0
544;0
545;0
546;0
547;0
548;0
549;0
550;0
551;0
552;0
553;0
554;0
555;0
556;0
557;0
558;0
559;0
560;0
561;0
562;0
563;0
564;0
565;0
566;0
567;0
568;0
569;0
570;0
571;0
572;0
573;0
574;0
575;0
576;0
577;0
578;0
579;0
580;0
581;0
582;0
583;0
584;0
585;0
586;0
587;0
588;0
589;0
590;0
591;0
592;0
593;0
594;0
595;0
596;0
597;0
598;0
599;0
600;0
601;0
602;0
603;0
604;0
605;0
606;0
607;0
608;0
609;0
610;0
611;0
612;0
613;0
614;0
615;0
616;0
617;0
618;0
619;0
620;0
621;0
622;0
623;0
624;0
625;0
626;0
627;0
628;0
629;0
630;0
631;0
632;0
633;0
634;0
635;0
636;0
637;0
638;0
639;0
640;0
641;0
642;0
643;0
644;0
645;0
646;0
647;0
648;0
649;0
650;0
651;0
652;0
653;0
654;0
655;0
656;0
657;0
658;0
659;0
660;0
661;0
662;0
663;0
664;0
665;0
666;0
667;0
668;0
669;0
670;0
671;0
672;0
673;0
674;0
675;0
676;0
677;0
678;0
679;0
680;0
681;0
682;0
683;0
684;0
685;0
686;0
687;0
688;0
689;0
690;0
691;0
692;0
693;0
694;0
695;0
696;0
697;0
698;0
699;0
700;0
701;0
702;0
703;0
704;0
705;0
706;0
707;0
708;0
709;0
710;0
711;0
712;0
713;0
714;0
715;0
716;0
717;0
718;0
719;0
720;0
721;0
722;0
723;0
724;0
725;0
726;0
727;0
728;0
729;0
730;0
731;0
732;0
733;0
734;0
735;0
736;0
737;0
738;0
739;0
740;0
741;0
742;0
743;0
744;0
745;0
746;0
747;0
748;0
749;0
750;0
751;0
752;0
753;0
754;0
755;0
756;0
757;0
758;0
759;0
760;0
761;0
762;0
763;0
764;0
765;0
766;0
767;0
768;0
769;0
770;0
771;0
772;0
773;0
774;0
775;0
776;0
777;0
778;0
779;0
780;0
781;0
782;0
783;0
784;0
785;0
786;0
787;0
788;0
789;0
790;0
791;0
792;0
793;0
794;0
795;0
796;0
797;0
798;0
799;0
800;0
801;0
802;0
803;0
804;0
805;0
806;0
807;0
808;0
809;0
810;0
811;0
812;0
813;0
814;0
815;0
816;0
817;0
818;0
819;0
820;0
821;0
822;0
823;0
824;0
825;0
826;0
827;0
828;0
829;0
830;0
831;0
832;0
833;0
834;0
835;0
836;0
837;0
838;0
839;0
840;0
841;0
842;0
843;0
844;0
845;0
846;0
847;0
848;0
849;0
850;0
851;0
852;0
853;0
854;0
855;0
856;0
857;0
858;0
859;0
860;0
861;0
862;0
863;0
864;0
865;0
866;0
867;0
868;0
869;0
870;0
871;0
872;0
873;0
874;0
875;0
876;0
877;0
878;0
879;0
880;0
881;0
882;0
883;0
884;0
885;0
886;0
887;0
888;0
889;0
890;0
891;0
892;0
893;0
894;0
895;0
896;0
897;0
898;0
899;0
900;0
901;0
902;0
903;0
904;0
905;0
906;0
907;0
908;0
909;0
910;0
911;0
912;0
913;0
914;0
915;0
916;0
917;0
918;0
919;0
920;0
921;0
922;0
923;0
924;0
925;0
926;0
927;0
928;0
929;0
930;0
931;0
932;0
933;0
934;0
935;0
936;0
937;0
938;0
939;0
940;0
941;0
942;0
943;0
944;0
945;0
946;0
947;0
948;0
949;0
950;0
951;0
952;0
953;0
954;0
955;0
956;0
957;0
958;0
959;0
960;0
961;0
962;0
963;0
964;0
965;0
966;0
967;0
968;0
969;0
970;0
971;0
972;0
973;0
974;0
975;0
976;0
977;0
978;0
979;0
980;0
981;0
982;0
983;0
984;0
985;0
986;0
987;0
988;0
989;0
990;0
991;0
992;0
993;0
994;0
995;0
996;0
997;0
998;0
999;0
1000;0
1001;0
1002;0
1003;0
1004;0
1005;0
1006;0
1007;0
1008;0
1009;0
1010;0
1011;0
1012;0
1013;0
1014;0
1015;0
1016;0
1017;0
1018;0
1019;0
1020;0
1021;0
1022;0
1023;0
1024;0
