L 32,p 0.582600,Z 100000
/* Tamanio de cluster; Ocurrencias de cada tamaño de cluster */
1;2137430
2;502440
3;309004
4;208450
5;147409
6;109731
7;86357
8;70113
9;58108
10;48912
11;42060
12;36588
13;32077
14;28068
15;25177
16;22548
17;20391
18;18666
19;16926
20;15589
21;14500
22;13487
23;12360
24;11692
25;10772
26;10175
27;9614
28;8872
29;8260
30;7886
31;7665
32;7224
33;6879
34;6549
35;6264
36;5958
37;5562
38;5439
39;5338
40;4916
41;4768
42;4626
43;4509
44;4341
45;4189
46;3914
47;3863
48;3700
49;3585
50;3524
51;3434
52;3228
53;3143
54;3180
55;2997
56;2904
57;2867
58;2673
59;2745
60;2520
61;2553
62;2363
63;2383
64;2314
65;2375
66;2223
67;2201
68;2109
69;2015
70;2052
71;1990
72;1946
73;1842
74;1879
75;1764
76;1751
77;1742
78;1739
79;1673
80;1569
81;1628
82;1510
83;1580
84;1442
85;1462
86;1403
87;1398
88;1381
89;1337
90;1352
91;1306
92;1321
93;1299
94;1241
95;1203
96;1214
97;1225
98;1169
99;1133
100;1150
101;1105
102;1154
103;1094
104;1001
105;1050
106;962
107;1055
108;947
109;1022
110;989
111;955
112;946
113;932
114;903
115;900
116;898
117;899
118;868
119;908
120;834
121;807
122;865
123;818
124;797
125;769
126;839
127;734
128;780
129;777
130;800
131;746
132;745
133;709
134;626
135;683
136;699
137;701
138;672
139;623
140;695
141;662
142;628
143;692
144;628
145;621
146;649
147;580
148;618
149;558
150;584
151;602
152;591
153;607
154;558
155;548
156;565
157;528
158;584
159;514
160;546
161;588
162;537
163;492
164;483
165;493
166;517
167;480
168;537
169;497
170;510
171;492
172;476
173;476
174;428
175;462
176;432
177;474
178;477
179;472
180;404
181;433
182;408
183;464
184;433
185;416
186;429
187;412
188;401
189;412
190;450
191;383
192;396
193;379
194;382
195;369
196;378
197;382
198;343
199;403
200;365
201;384
202;381
203;375
204;346
205;348
206;343
207;318
208;344
209;367
210;317
211;353
212;337
213;319
214;336
215;351
216;288
217;312
218;330
219;317
220;304
221;284
222;292
223;309
224;323
225;285
226;273
227;330
228;287
229;269
230;260
231;304
232;285
233;258
234;250
235;261
236;265
237;258
238;286
239;270
240;275
241;269
242;253
243;257
244;248
245;221
246;265
247;249
248;245
249;247
250;284
251;261
252;276
253;249
254;212
255;240
256;242
257;253
258;235
259;245
260;218
261;221
262;214
263;212
264;226
265;231
266;202
267;200
268;237
269;193
270;204
271;209
272;209
273;221
274;218
275;208
276;186
277;188
278;186
279;210
280;213
281;213
282;177
283;216
284;187
285;196
286;182
287;174
288;180
289;157
290;179
291;177
292;170
293;176
294;185
295;166
296;163
297;179
298;162
299;145
300;158
301;155
302;175
303;147
304;168
305;170
306;153
307;159
308;138
309;158
310;140
311;126
312;147
313;131
314;142
315;150
316;140
317;126
318;113
319;144
320;142
321;128
322;130
323;131
324;131
325;126
326;131
327;119
328;118
329;119
330;96
331;123
332;130
333;93
334;94
335;105
336;108
337;118
338;110
339;98
340;124
341;121
342;110
343;114
344;98
345;88
346;94
347;92
348;96
349;89
350;106
351;86
352;107
353;108
354;85
355;81
356;96
357;81
358;88
359;73
360;78
361;75
362;101
363;75
364;76
365;82
366;79
367;81
368;65
369;69
370;75
371;83
372;57
373;79
374;65
375;61
376;69
377;82
378;49
379;61
380;72
381;77
382;52
383;63
384;48
385;59
386;49
387;60
388;42
389;55
390;56
391;53
392;54
393;47
394;54
395;57
396;54
397;39
398;43
399;42
400;44
401;55
402;41
403;45
404;49
405;41
406;44
407;28
408;33
409;34
410;42
411;27
412;27
413;32
414;28
415;34
416;30
417;21
418;24
419;23
420;29
421;29
422;30
423;23
424;28
425;25
426;26
427;21
428;28
429;14
430;17
431;13
432;22
433;17
434;20
435;21
436;22
437;11
438;14
439;18
440;13
441;17
442;14
443;13
444;13
445;20
446;9
447;17
448;9
449;12
450;17
451;8
452;8
453;17
454;13
455;16
456;9
457;5
458;14
459;14
460;6
461;11
462;10
463;9
464;13
465;5
466;6
467;5
468;11
469;6
470;6
471;4
472;11
473;8
474;6
475;4
476;5
477;8
478;2
479;4
480;3
481;4
482;4
483;2
484;3
485;2
486;5
487;9
488;1
489;3
490;2
491;2
492;0
493;1
494;2
495;1
496;2
497;1
498;1
499;3
500;0
501;1
502;1
503;2
504;0
505;1
506;1
507;1
508;1
509;1
510;4
511;0
512;0
513;2
514;1
515;1
516;0
517;1
518;2
519;0
520;0
521;0
522;0
523;0
524;1
525;0
526;0
527;0
528;0
529;0
530;0
531;0
532;0
533;0
534;0
535;0
536;0
537;1
538;0
539;0
540;0
541;0
542;1
543;0
544;0
545;0
546;0
547;0
548;0
549;1
550;0
551;0
552;0
553;1
554;0
555;0
556;0
557;0
558;0
559;0
560;0
561;0
562;0
563;0
564;0
565;0
566;0
567;0
568;0
569;0
570;0
571;0
572;0
573;0
574;0
575;0
576;0
577;0
578;0
579;0
580;0
581;0
582;0
583;0
584;0
585;0
586;0
587;0
588;0
589;0
590;0
591;0
592;0
593;0
594;0
595;0
596;0
597;0
598;0
599;0
600;0
601;0
602;0
603;0
604;0
605;0
606;0
607;0
608;0
609;0
610;0
611;0
612;0
613;0
614;0
615;0
616;0
617;0
618;0
619;0
620;0
621;0
622;0
623;0
624;0
625;0
626;0
627;0
628;0
629;0
630;0
631;0
632;0
633;0
634;0
635;0
636;0
637;0
638;0
639;0
640;0
641;0
642;0
643;0
644;0
645;0
646;0
647;0
648;0
649;0
650;0
651;0
652;0
653;0
654;0
655;0
656;0
657;0
658;0
659;0
660;0
661;0
662;0
663;0
664;0
665;0
666;0
667;0
668;0
669;0
670;0
671;0
672;0
673;0
674;0
675;0
676;0
677;0
678;0
679;0
680;0
681;0
682;0
683;0
684;0
685;0
686;0
687;0
688;0
689;0
690;0
691;0
692;0
693;0
694;0
695;0
696;0
697;0
698;0
699;0
700;0
701;0
702;0
703;0
704;0
705;0
706;0
707;0
708;0
709;0
710;0
711;0
712;0
713;0
714;0
715;0
716;0
717;0
718;0
719;0
720;0
721;0
722;0
723;0
724;0
725;0
726;0
727;0
728;0
729;0
730;0
731;0
732;0
733;0
734;0
735;0
736;0
737;0
738;0
739;0
740;0
741;0
742;0
743;0
744;0
745;0
746;0
747;0
748;0
749;0
750;0
751;0
752;0
753;0
754;0
755;0
756;0
757;0
758;0
759;0
760;0
761;0
762;0
763;0
764;0
765;0
766;0
767;0
768;0
769;0
770;0
771;0
772;0
773;0
774;0
775;0
776;0
777;0
778;0
779;0
780;0
781;0
782;0
783;0
784;0
785;0
786;0
787;0
788;0
789;0
790;0
791;0
792;0
793;0
794;0
795;0
796;0
797;0
798;0
799;0
800;0
801;0
802;0
803;0
804;0
805;0
806;0
807;0
808;0
809;0
810;0
811;0
812;0
813;0
814;0
815;0
816;0
817;0
818;0
819;0
820;0
821;0
822;0
823;0
824;0
825;0
826;0
827;0
828;0
829;0
830;0
831;0
832;0
833;0
834;0
835;0
836;0
837;0
838;0
839;0
840;0
841;0
842;0
843;0
844;0
845;0
846;0
847;0
848;0
849;0
850;0
851;0
852;0
853;0
854;0
855;0
856;0
857;0
858;0
859;0
860;0
861;0
862;0
863;0
864;0
865;0
866;0
867;0
868;0
869;0
870;0
871;0
872;0
873;0
874;0
875;0
876;0
877;0
878;0
879;0
880;0
881;0
882;0
883;0
884;0
885;0
886;0
887;0
888;0
889;0
890;0
891;0
892;0
893;0
894;0
895;0
896;0
897;0
898;0
899;0
900;0
901;0
902;0
903;0
904;0
905;0
906;0
907;0
908;0
909;0
910;0
911;0
912;0
913;0
914;0
915;0
916;0
917;0
918;0
919;0
920;0
921;0
922;0
923;0
924;0
925;0
926;0
927;0
928;0
929;0
930;0
931;0
932;0
933;0
934;0
935;0
936;0
937;0
938;0
939;0
940;0
941;0
942;0
943;0
944;0
945;0
946;0
947;0
948;0
949;0
950;0
951;0
952;0
953;0
954;0
955;0
956;0
957;0
958;0
959;0
960;0
961;0
962;0
963;0
964;0
965;0
966;0
967;0
968;0
969;0
970;0
971;0
972;0
973;0
974;0
975;0
976;0
977;0
978;0
979;0
980;0
981;0
982;0
983;0
984;0
985;0
986;0
987;0
988;0
989;0
990;0
991;0
992;0
993;0
994;0
995;0
996;0
997;0
998;0
999;0
1000;0
1001;0
1002;0
1003;0
1004;0
1005;0
1006;0
1007;0
1008;0
1009;0
1010;0
1011;0
1012;0
1013;0
1014;0
1015;0
1016;0
1017;0
1018;0
1019;0
1020;0
1021;0
1022;0
1023;0
1024;0
