L 32,p 0.581600,Z 100000
/* Tamanio de cluster; Ocurrencias de cada tamaño de cluster */
1;2156650
2;507818
3;313210
4;211409
5;148593
6;111195
7;86813
8;70647
9;58743
10;49537
11;42468
12;36532
13;31980
14;28506
15;25551
16;23047
17;21042
18;18908
19;17328
20;15805
21;14739
22;13712
23;12517
24;11890
25;10916
26;10309
27;9806
28;9293
29;8436
30;8182
31;7822
32;7285
33;7075
34;6758
35;6421
36;6067
37;5748
38;5612
39;5177
40;4922
41;4815
42;4675
43;4415
44;4381
45;4196
46;4066
47;3921
48;3726
49;3715
50;3537
51;3354
52;3332
53;3148
54;3100
55;2982
56;2920
57;2884
58;2731
59;2674
60;2567
61;2483
62;2505
63;2396
64;2448
65;2321
66;2297
67;2115
68;2246
69;2111
70;2021
71;2032
72;1966
73;1853
74;1911
75;1778
76;1753
77;1793
78;1664
79;1638
80;1674
81;1665
82;1642
83;1634
84;1556
85;1463
86;1438
87;1490
88;1386
89;1401
90;1354
91;1319
92;1303
93;1336
94;1244
95;1229
96;1228
97;1261
98;1186
99;1149
100;1179
101;1106
102;1097
103;1111
104;1120
105;1078
106;1043
107;1063
108;955
109;1025
110;1010
111;1011
112;984
113;931
114;956
115;945
116;887
117;878
118;854
119;854
120;837
121;799
122;878
123;828
124;853
125;813
126;797
127;763
128;757
129;793
130;795
131;760
132;757
133;704
134;680
135;749
136;758
137;707
138;711
139;684
140;667
141;647
142;681
143;649
144;639
145;671
146;623
147;613
148;627
149;594
150;618
151;530
152;550
153;593
154;570
155;567
156;550
157;562
158;509
159;526
160;527
161;521
162;535
163;504
164;493
165;503
166;486
167;520
168;447
169;478
170;497
171;448
172;477
173;454
174;491
175;484
176;486
177;441
178;454
179;506
180;407
181;446
182;448
183;450
184;402
185;399
186;400
187;433
188;436
189;415
190;373
191;396
192;422
193;390
194;389
195;413
196;373
197;347
198;397
199;350
200;386
201;361
202;407
203;341
204;360
205;362
206;360
207;358
208;341
209;325
210;341
211;345
212;332
213;323
214;307
215;313
216;339
217;333
218;347
219;294
220;328
221;294
222;306
223;321
224;326
225;330
226;299
227;309
228;314
229;311
230;283
231;265
232;277
233;231
234;256
235;296
236;288
237;268
238;285
239;267
240;244
241;265
242;243
243;249
244;266
245;229
246;260
247;250
248;250
249;283
250;250
251;228
252;233
253;230
254;239
255;231
256;238
257;223
258;225
259;231
260;251
261;229
262;246
263;228
264;247
265;209
266;204
267;198
268;212
269;198
270;194
271;204
272;191
273;212
274;180
275;202
276;197
277;203
278;213
279;181
280;161
281;209
282;193
283;183
284;184
285;177
286;187
287;186
288;188
289;168
290;180
291;181
292;150
293;160
294;184
295;178
296;149
297;157
298;159
299;173
300;175
301;178
302;161
303;156
304;161
305;147
306;163
307;141
308;120
309;157
310;131
311;138
312;146
313;151
314;125
315;145
316;137
317;134
318;120
319;140
320;144
321;122
322;127
323;140
324;130
325;139
326;132
327;118
328;136
329;111
330;122
331;114
332;131
333;129
334;115
335;110
336;105
337;116
338;110
339;103
340;123
341;98
342;98
343;108
344;95
345;92
346;115
347;94
348;116
349;89
350;95
351;80
352;85
353;79
354;94
355;82
356;81
357;97
358;75
359;85
360;76
361;88
362;86
363;85
364;80
365;78
366;93
367;71
368;70
369;63
370;76
371;69
372;64
373;73
374;63
375;57
376;74
377;75
378;68
379;56
380;57
381;59
382;58
383;54
384;38
385;49
386;45
387;49
388;47
389;57
390;54
391;50
392;46
393;63
394;65
395;36
396;44
397;35
398;54
399;35
400;42
401;40
402;48
403;34
404;42
405;25
406;34
407;27
408;29
409;31
410;34
411;35
412;30
413;25
414;28
415;32
416;27
417;32
418;33
419;39
420;18
421;27
422;25
423;21
424;23
425;28
426;22
427;19
428;16
429;28
430;20
431;16
432;23
433;16
434;16
435;16
436;23
437;13
438;13
439;25
440;14
441;19
442;13
443;17
444;14
445;16
446;15
447;13
448;17
449;16
450;19
451;11
452;10
453;12
454;12
455;9
456;7
457;8
458;11
459;10
460;12
461;6
462;14
463;3
464;7
465;7
466;6
467;7
468;7
469;5
470;7
471;4
472;5
473;4
474;6
475;3
476;6
477;2
478;3
479;5
480;1
481;3
482;2
483;0
484;7
485;3
486;4
487;9
488;2
489;3
490;0
491;1
492;1
493;4
494;2
495;0
496;3
497;1
498;3
499;4
500;0
501;2
502;0
503;1
504;3
505;0
506;4
507;3
508;3
509;2
510;0
511;1
512;0
513;2
514;1
515;0
516;0
517;1
518;2
519;0
520;0
521;0
522;0
523;0
524;0
525;1
526;0
527;0
528;0
529;0
530;1
531;0
532;0
533;0
534;0
535;0
536;0
537;0
538;0
539;0
540;0
541;0
542;0
543;0
544;0
545;0
546;0
547;0
548;0
549;0
550;0
551;0
552;0
553;0
554;0
555;0
556;0
557;0
558;0
559;0
560;0
561;0
562;0
563;0
564;0
565;0
566;0
567;0
568;0
569;0
570;0
571;0
572;0
573;0
574;0
575;0
576;0
577;0
578;0
579;0
580;0
581;0
582;0
583;0
584;0
585;0
586;0
587;0
588;0
589;0
590;0
591;0
592;0
593;0
594;0
595;0
596;0
597;0
598;0
599;0
600;0
601;0
602;0
603;0
604;0
605;0
606;0
607;0
608;0
609;0
610;0
611;0
612;0
613;0
614;0
615;0
616;0
617;0
618;0
619;0
620;0
621;0
622;0
623;0
624;0
625;0
626;0
627;0
628;0
629;0
630;0
631;0
632;0
633;0
634;0
635;0
636;0
637;0
638;0
639;0
640;0
641;0
642;0
643;0
644;0
645;0
646;0
647;0
648;0
649;0
650;0
651;0
652;0
653;0
654;0
655;0
656;0
657;0
658;0
659;0
660;0
661;0
662;0
663;0
664;0
665;0
666;0
667;0
668;0
669;0
670;0
671;0
672;0
673;0
674;0
675;0
676;0
677;0
678;0
679;0
680;0
681;0
682;0
683;0
684;0
685;0
686;0
687;0
688;0
689;0
690;0
691;0
692;0
693;0
694;0
695;0
696;0
697;0
698;0
699;0
700;0
701;0
702;0
703;0
704;0
705;0
706;0
707;0
708;0
709;0
710;0
711;0
712;0
713;0
714;0
715;0
716;0
717;0
718;0
719;0
720;0
721;0
722;0
723;0
724;0
725;0
726;0
727;0
728;0
729;0
730;0
731;0
732;0
733;0
734;0
735;0
736;0
737;0
738;0
739;0
740;0
741;0
742;0
743;0
744;0
745;0
746;0
747;0
748;0
749;0
750;0
751;0
752;0
753;0
754;0
755;0
756;0
757;0
758;0
759;0
760;0
761;0
762;0
763;0
764;0
765;0
766;0
767;0
768;0
769;0
770;0
771;0
772;0
773;0
774;0
775;0
776;0
777;0
778;0
779;0
780;0
781;0
782;0
783;0
784;0
785;0
786;0
787;0
788;0
789;0
790;0
791;0
792;0
793;0
794;0
795;0
796;0
797;0
798;0
799;0
800;0
801;0
802;0
803;0
804;0
805;0
806;0
807;0
808;0
809;0
810;0
811;0
812;0
813;0
814;0
815;0
816;0
817;0
818;0
819;0
820;0
821;0
822;0
823;0
824;0
825;0
826;0
827;0
828;0
829;0
830;0
831;0
832;0
833;0
834;0
835;0
836;0
837;0
838;0
839;0
840;0
841;0
842;0
843;0
844;0
845;0
846;0
847;0
848;0
849;0
850;0
851;0
852;0
853;0
854;0
855;0
856;0
857;0
858;0
859;0
860;0
861;0
862;0
863;0
864;0
865;0
866;0
867;0
868;0
869;0
870;0
871;0
872;0
873;0
874;0
875;0
876;0
877;0
878;0
879;0
880;0
881;0
882;0
883;0
884;0
885;0
886;0
887;0
888;0
889;0
890;0
891;0
892;0
893;0
894;0
895;0
896;0
897;0
898;0
899;0
900;0
901;0
902;0
903;0
904;0
905;0
906;0
907;0
908;0
909;0
910;0
911;0
912;0
913;0
914;0
915;0
916;0
917;0
918;0
919;0
920;0
921;0
922;0
923;0
924;0
925;0
926;0
927;0
928;0
929;0
930;0
931;0
932;0
933;0
934;0
935;0
936;0
937;0
938;0
939;0
940;0
941;0
942;0
943;0
944;0
945;0
946;0
947;0
948;0
949;0
950;0
951;0
952;0
953;0
954;0
955;0
956;0
957;0
958;0
959;0
960;0
961;0
962;0
963;0
964;0
965;0
966;0
967;0
968;0
969;0
970;0
971;0
972;0
973;0
974;0
975;0
976;0
977;0
978;0
979;0
980;0
981;0
982;0
983;0
984;0
985;0
986;0
987;0
988;0
989;0
990;0
991;0
992;0
993;0
994;0
995;0
996;0
997;0
998;0
999;0
1000;0
1001;0
1002;0
1003;0
1004;0
1005;0
1006;0
1007;0
1008;0
1009;0
1010;0
1011;0
1012;0
1013;0
1014;0
1015;0
1016;0
1017;0
1018;0
1019;0
1020;0
1021;0
1022;0
1023;0
1024;0
