L 32,p 0.581700,Z 100000
/* Tamanio de cluster; Ocurrencias de cada tamaño de cluster */
1;2153909
2;507192
3;312184
4;209785
5;148989
6;111035
7;86991
8;70871
9;59015
10;49324
11;42238
12;36721
13;32132
14;28442
15;25679
16;22773
17;20891
18;19039
19;17308
20;15864
21;14538
22;13507
23;12571
24;11697
25;11115
26;10200
27;9610
28;9036
29;8561
30;8168
31;7707
32;7420
33;6912
34;6662
35;6292
36;5953
37;5829
38;5521
39;5222
40;5145
41;4793
42;4577
43;4549
44;4386
45;4200
46;4056
47;3871
48;3653
49;3643
50;3459
51;3299
52;3326
53;3040
54;3068
55;2974
56;2895
57;2897
58;2731
59;2745
60;2681
61;2589
62;2447
63;2335
64;2383
65;2221
66;2192
67;2297
68;2100
69;2174
70;2040
71;2059
72;1953
73;1854
74;1915
75;1844
76;1833
77;1765
78;1707
79;1651
80;1612
81;1528
82;1622
83;1561
84;1477
85;1490
86;1436
87;1426
88;1404
89;1410
90;1413
91;1303
92;1353
93;1331
94;1292
95;1231
96;1247
97;1229
98;1209
99;1223
100;1163
101;1171
102;1158
103;1088
104;1121
105;1058
106;1071
107;1042
108;1012
109;1025
110;1007
111;915
112;1012
113;943
114;925
115;887
116;881
117;902
118;861
119;901
120;877
121;873
122;833
123;822
124;824
125;807
126;724
127;766
128;798
129;747
130;723
131;764
132;737
133;720
134;729
135;674
136;765
137;665
138;697
139;666
140;651
141;673
142;708
143;605
144;650
145;617
146;598
147;618
148;584
149;618
150;617
151;611
152;538
153;550
154;533
155;546
156;565
157;554
158;557
159;549
160;538
161;512
162;516
163;523
164;515
165;529
166;506
167;514
168;514
169;492
170;492
171;485
172;512
173;509
174;457
175;485
176;435
177;453
178;456
179;458
180;438
181;439
182;438
183;455
184;440
185;407
186;412
187;418
188;409
189;397
190;394
191;396
192;429
193;405
194;408
195;381
196;378
197;378
198;403
199;386
200;392
201;373
202;335
203;343
204;356
205;353
206;359
207;360
208;344
209;368
210;317
211;348
212;312
213;354
214;330
215;339
216;321
217;347
218;326
219;331
220;337
221;317
222;337
223;332
224;310
225;295
226;308
227;300
228;274
229;299
230;244
231;278
232;252
233;251
234;304
235;245
236;279
237;277
238;265
239;240
240;250
241;270
242;290
243;251
244;240
245;254
246;274
247;260
248;239
249;239
250;227
251;253
252;228
253;259
254;220
255;247
256;265
257;245
258;229
259;223
260;246
261;245
262;201
263;212
264;236
265;222
266;212
267;215
268;212
269;237
270;223
271;200
272;247
273;184
274;189
275;198
276;200
277;205
278;212
279;185
280;196
281;181
282;198
283;185
284;166
285;165
286;206
287;201
288;195
289;163
290;180
291;147
292;165
293;179
294;162
295;191
296;186
297;175
298;142
299;140
300;163
301;174
302;139
303;152
304;179
305;144
306;160
307;146
308;125
309;141
310;126
311;121
312;134
313;154
314;135
315;129
316;135
317;127
318;137
319;151
320;146
321;133
322;119
323;134
324;127
325;119
326;117
327;112
328;132
329;134
330;141
331;109
332;111
333;125
334;117
335;111
336;108
337;110
338;111
339;93
340;101
341;110
342;103
343;96
344;107
345;84
346;91
347;102
348;102
349;101
350;107
351;91
352;94
353;88
354;84
355;89
356;82
357;76
358;82
359;72
360;82
361;92
362;78
363;73
364;81
365;74
366;79
367;86
368;67
369;58
370;75
371;57
372;71
373;56
374;67
375;63
376;49
377;60
378;61
379;59
380;64
381;53
382;57
383;48
384;51
385;59
386;36
387;62
388;42
389;32
390;49
391;58
392;51
393;40
394;53
395;52
396;44
397;60
398;44
399;38
400;40
401;56
402;53
403;31
404;32
405;39
406;29
407;49
408;45
409;28
410;29
411;42
412;24
413;38
414;35
415;32
416;30
417;32
418;36
419;17
420;23
421;22
422;19
423;29
424;21
425;18
426;26
427;19
428;25
429;16
430;20
431;32
432;19
433;20
434;22
435;21
436;15
437;15
438;20
439;8
440;15
441;15
442;22
443;9
444;18
445;11
446;13
447;17
448;10
449;6
450;6
451;10
452;6
453;13
454;16
455;9
456;10
457;6
458;11
459;12
460;7
461;6
462;8
463;6
464;7
465;7
466;6
467;6
468;3
469;5
470;7
471;5
472;6
473;7
474;9
475;2
476;4
477;7
478;7
479;4
480;3
481;5
482;6
483;1
484;2
485;8
486;4
487;2
488;2
489;4
490;6
491;2
492;3
493;2
494;1
495;5
496;1
497;5
498;2
499;0
500;3
501;1
502;1
503;0
504;2
505;0
506;1
507;0
508;0
509;0
510;1
511;1
512;0
513;0
514;0
515;1
516;0
517;2
518;1
519;0
520;0
521;2
522;0
523;0
524;1
525;0
526;0
527;0
528;1
529;1
530;1
531;0
532;0
533;0
534;0
535;0
536;0
537;0
538;0
539;0
540;0
541;0
542;0
543;0
544;0
545;0
546;0
547;0
548;0
549;0
550;0
551;0
552;0
553;0
554;0
555;0
556;0
557;0
558;0
559;0
560;0
561;0
562;0
563;0
564;0
565;0
566;0
567;0
568;0
569;0
570;0
571;0
572;0
573;0
574;0
575;0
576;0
577;0
578;0
579;0
580;0
581;0
582;0
583;0
584;0
585;0
586;0
587;0
588;0
589;0
590;0
591;0
592;0
593;0
594;0
595;0
596;0
597;0
598;0
599;0
600;0
601;0
602;0
603;0
604;0
605;0
606;0
607;0
608;0
609;0
610;0
611;0
612;0
613;0
614;0
615;0
616;0
617;0
618;0
619;0
620;0
621;0
622;0
623;0
624;0
625;0
626;0
627;0
628;0
629;0
630;0
631;0
632;0
633;0
634;0
635;0
636;0
637;0
638;0
639;0
640;0
641;0
642;0
643;0
644;0
645;0
646;0
647;0
648;0
649;0
650;0
651;0
652;0
653;0
654;0
655;0
656;0
657;0
658;0
659;0
660;0
661;0
662;0
663;0
664;0
665;0
666;0
667;0
668;0
669;0
670;0
671;0
672;0
673;0
674;0
675;0
676;0
677;0
678;0
679;0
680;0
681;0
682;0
683;0
684;0
685;0
686;0
687;0
688;0
689;0
690;0
691;0
692;0
693;0
694;0
695;0
696;0
697;0
698;0
699;0
700;0
701;0
702;0
703;0
704;0
705;0
706;0
707;0
708;0
709;0
710;0
711;0
712;0
713;0
714;0
715;0
716;0
717;0
718;0
719;0
720;0
721;0
722;0
723;0
724;0
725;0
726;0
727;0
728;0
729;0
730;0
731;0
732;0
733;0
734;0
735;0
736;0
737;0
738;0
739;0
740;0
741;0
742;0
743;0
744;0
745;0
746;0
747;0
748;0
749;0
750;0
751;0
752;0
753;0
754;0
755;0
756;0
757;0
758;0
759;0
760;0
761;0
762;0
763;0
764;0
765;0
766;0
767;0
768;0
769;0
770;0
771;0
772;0
773;0
774;0
775;0
776;0
777;0
778;0
779;0
780;0
781;0
782;0
783;0
784;0
785;0
786;0
787;0
788;0
789;0
790;0
791;0
792;0
793;0
794;0
795;0
796;0
797;0
798;0
799;0
800;0
801;0
802;0
803;0
804;0
805;0
806;0
807;0
808;0
809;0
810;0
811;0
812;0
813;0
814;0
815;0
816;0
817;0
818;0
819;0
820;0
821;0
822;0
823;0
824;0
825;0
826;0
827;0
828;0
829;0
830;0
831;0
832;0
833;0
834;0
835;0
836;0
837;0
838;0
839;0
840;0
841;0
842;0
843;0
844;0
845;0
846;0
847;0
848;0
849;0
850;0
851;0
852;0
853;0
854;0
855;0
856;0
857;0
858;0
859;0
860;0
861;0
862;0
863;0
864;0
865;0
866;0
867;0
868;0
869;0
870;0
871;0
872;0
873;0
874;0
875;0
876;0
877;0
878;0
879;0
880;0
881;0
882;0
883;0
884;0
885;0
886;0
887;0
888;0
889;0
890;0
891;0
892;0
893;0
894;0
895;0
896;0
897;0
898;0
899;0
900;0
901;0
902;0
903;0
904;0
905;0
906;0
907;0
908;0
909;0
910;0
911;0
912;0
913;0
914;0
915;0
916;0
917;0
918;0
919;0
920;0
921;0
922;0
923;0
924;0
925;0
926;0
927;0
928;0
929;0
930;0
931;0
932;0
933;0
934;0
935;0
936;0
937;0
938;0
939;0
940;0
941;0
942;0
943;0
944;0
945;0
946;0
947;0
948;0
949;0
950;0
951;0
952;0
953;0
954;0
955;0
956;0
957;0
958;0
959;0
960;0
961;0
962;0
963;0
964;0
965;0
966;0
967;0
968;0
969;0
970;0
971;0
972;0
973;0
974;0
975;0
976;0
977;0
978;0
979;0
980;0
981;0
982;0
983;0
984;0
985;0
986;0
987;0
988;0
989;0
990;0
991;0
992;0
993;0
994;0
995;0
996;0
997;0
998;0
999;0
1000;0
1001;0
1002;0
1003;0
1004;0
1005;0
1006;0
1007;0
1008;0
1009;0
1010;0
1011;0
1012;0
1013;0
1014;0
1015;0
1016;0
1017;0
1018;0
1019;0
1020;0
1021;0
1022;0
1023;0
1024;0
