L 32,p 0.586900,Z 100000
/* Tamanio de cluster; Ocurrencias de cada tamaño de cluster */
1;2073578
2;483938
3;296609
4;199856
5;140786
6;104460
7;81816
8;66536
9;54985
10;46256
11;39467
12;34572
13;30231
14;26693
15;23885
16;21393
17;19395
18;17237
19;16165
20;14878
21;13676
22;12583
23;11617
24;10913
25;10084
26;9481
27;9118
28;8529
29;8003
30;7553
31;7210
32;6922
33;6424
34;6280
35;5863
36;5555
37;5307
38;5101
39;5050
40;4687
41;4582
42;4373
43;4192
44;4060
45;3980
46;3783
47;3633
48;3480
49;3343
50;3283
51;3248
52;3002
53;2893
54;2759
55;2812
56;2789
57;2553
58;2536
59;2573
60;2472
61;2377
62;2317
63;2175
64;2155
65;2112
66;2095
67;2075
68;2048
69;1948
70;1897
71;1789
72;1782
73;1737
74;1713
75;1657
76;1586
77;1665
78;1591
79;1638
80;1590
81;1503
82;1544
83;1500
84;1393
85;1398
86;1396
87;1317
88;1368
89;1227
90;1232
91;1245
92;1252
93;1207
94;1189
95;1210
96;1124
97;1099
98;1151
99;1059
100;1053
101;1051
102;1041
103;976
104;1021
105;971
106;955
107;947
108;987
109;931
110;978
111;852
112;940
113;866
114;835
115;859
116;834
117;815
118;789
119;834
120;785
121;736
122;762
123;794
124;799
125;738
126;764
127;732
128;705
129;726
130;694
131;700
132;708
133;675
134;646
135;652
136;672
137;617
138;669
139;645
140;607
141;674
142;607
143;591
144;572
145;620
146;604
147;634
148;576
149;580
150;552
151;506
152;547
153;513
154;488
155;543
156;499
157;483
158;491
159;461
160;538
161;480
162;518
163;533
164;445
165;470
166;459
167;467
168;461
169;499
170;469
171;454
172;472
173;463
174;459
175;422
176;429
177;426
178;401
179;391
180;395
181;430
182;446
183;391
184;423
185;401
186;402
187;373
188;389
189;380
190;372
191;376
192;377
193;370
194;375
195;355
196;341
197;351
198;375
199;361
200;338
201;334
202;354
203;357
204;363
205;318
206;359
207;369
208;298
209;341
210;340
211;300
212;324
213;353
214;333
215;300
216;334
217;293
218;308
219;329
220;293
221;325
222;308
223;308
224;301
225;298
226;284
227;324
228;264
229;292
230;294
231;273
232;262
233;286
234;281
235;278
236;265
237;256
238;259
239;277
240;256
241;269
242;254
243;247
244;254
245;247
246;210
247;244
248;254
249;232
250;212
251;236
252;254
253;220
254;211
255;225
256;229
257;235
258;238
259;214
260;212
261;228
262;217
263;207
264;208
265;207
266;183
267;208
268;212
269;177
270;201
271;224
272;204
273;204
274;213
275;183
276;174
277;187
278;203
279;169
280;188
281;191
282;163
283;178
284;172
285;181
286;190
287;169
288;168
289;187
290;163
291;156
292;169
293;170
294;173
295;161
296;159
297;167
298;151
299;160
300;181
301;174
302;148
303;162
304;148
305;160
306;149
307;143
308;128
309;145
310;167
311;132
312;141
313;132
314;154
315;142
316;152
317;130
318;135
319;139
320;153
321;154
322;140
323;124
324;156
325;155
326;134
327;129
328;128
329;137
330;115
331;136
332;123
333;126
334;119
335;118
336;120
337;116
338;112
339;96
340;129
341;104
342;127
343;125
344;95
345;110
346;97
347;111
348;93
349;98
350;93
351;91
352;107
353;99
354;94
355;104
356;92
357;90
358;112
359;93
360;100
361;78
362;94
363;75
364;85
365;60
366;96
367;69
368;71
369;79
370;82
371;82
372;76
373;64
374;96
375;75
376;76
377;70
378;71
379;73
380;57
381;64
382;82
383;73
384;69
385;66
386;54
387;61
388;72
389;57
390;84
391;57
392;43
393;51
394;52
395;63
396;47
397;48
398;45
399;38
400;43
401;48
402;38
403;44
404;42
405;44
406;36
407;53
408;42
409;37
410;44
411;35
412;36
413;30
414;36
415;30
416;44
417;35
418;38
419;28
420;32
421;32
422;37
423;34
424;20
425;42
426;31
427;31
428;35
429;30
430;23
431;19
432;23
433;31
434;25
435;14
436;24
437;29
438;22
439;18
440;14
441;17
442;19
443;37
444;28
445;23
446;19
447;19
448;15
449;16
450;10
451;17
452;17
453;19
454;13
455;8
456;15
457;18
458;7
459;17
460;10
461;11
462;14
463;13
464;9
465;12
466;12
467;8
468;6
469;6
470;14
471;6
472;4
473;7
474;10
475;5
476;9
477;7
478;6
479;4
480;10
481;3
482;5
483;6
484;8
485;5
486;5
487;5
488;3
489;5
490;2
491;6
492;8
493;4
494;2
495;2
496;1
497;2
498;1
499;1
500;3
501;1
502;1
503;1
504;1
505;1
506;4
507;3
508;0
509;1
510;1
511;2
512;2
513;2
514;2
515;1
516;3
517;1
518;1
519;1
520;1
521;1
522;0
523;0
524;0
525;1
526;0
527;1
528;1
529;0
530;0
531;0
532;0
533;1
534;0
535;0
536;1
537;0
538;0
539;0
540;0
541;0
542;0
543;0
544;0
545;0
546;0
547;0
548;0
549;1
550;0
551;0
552;0
553;0
554;1
555;0
556;0
557;0
558;0
559;0
560;0
561;0
562;0
563;0
564;0
565;0
566;0
567;0
568;0
569;0
570;0
571;0
572;0
573;0
574;0
575;0
576;0
577;0
578;0
579;0
580;0
581;0
582;0
583;0
584;0
585;0
586;0
587;0
588;0
589;0
590;0
591;0
592;0
593;0
594;0
595;0
596;0
597;0
598;0
599;0
600;0
601;0
602;0
603;0
604;0
605;0
606;0
607;0
608;0
609;0
610;0
611;0
612;0
613;0
614;0
615;0
616;0
617;0
618;0
619;0
620;0
621;0
622;0
623;0
624;0
625;0
626;0
627;0
628;0
629;0
630;0
631;0
632;0
633;0
634;0
635;0
636;0
637;0
638;0
639;0
640;0
641;0
642;0
643;0
644;0
645;0
646;0
647;0
648;0
649;0
650;0
651;0
652;0
653;0
654;0
655;0
656;0
657;0
658;0
659;0
660;0
661;0
662;0
663;0
664;0
665;0
666;0
667;0
668;0
669;0
670;0
671;0
672;0
673;0
674;0
675;0
676;0
677;0
678;0
679;0
680;0
681;0
682;0
683;0
684;0
685;0
686;0
687;0
688;0
689;0
690;0
691;0
692;0
693;0
694;0
695;0
696;0
697;0
698;0
699;0
700;0
701;0
702;0
703;0
704;0
705;0
706;0
707;0
708;0
709;0
710;0
711;0
712;0
713;0
714;0
715;0
716;0
717;0
718;0
719;0
720;0
721;0
722;0
723;0
724;0
725;0
726;0
727;0
728;0
729;0
730;0
731;0
732;0
733;0
734;0
735;0
736;0
737;0
738;0
739;0
740;0
741;0
742;0
743;0
744;0
745;0
746;0
747;0
748;0
749;0
750;0
751;0
752;0
753;0
754;0
755;0
756;0
757;0
758;0
759;0
760;0
761;0
762;0
763;0
764;0
765;0
766;0
767;0
768;0
769;0
770;0
771;0
772;0
773;0
774;0
775;0
776;0
777;0
778;0
779;0
780;0
781;0
782;0
783;0
784;0
785;0
786;0
787;0
788;0
789;0
790;0
791;0
792;0
793;0
794;0
795;0
796;0
797;0
798;0
799;0
800;0
801;0
802;0
803;0
804;0
805;0
806;0
807;0
808;0
809;0
810;0
811;0
812;0
813;0
814;0
815;0
816;0
817;0
818;0
819;0
820;0
821;0
822;0
823;0
824;0
825;0
826;0
827;0
828;0
829;0
830;0
831;0
832;0
833;0
834;0
835;0
836;0
837;0
838;0
839;0
840;0
841;0
842;0
843;0
844;0
845;0
846;0
847;0
848;0
849;0
850;0
851;0
852;0
853;0
854;0
855;0
856;0
857;0
858;0
859;0
860;0
861;0
862;0
863;0
864;0
865;0
866;0
867;0
868;0
869;0
870;0
871;0
872;0
873;0
874;0
875;0
876;0
877;0
878;0
879;0
880;0
881;0
882;0
883;0
884;0
885;0
886;0
887;0
888;0
889;0
890;0
891;0
892;0
893;0
894;0
895;0
896;0
897;0
898;0
899;0
900;0
901;0
902;0
903;0
904;0
905;0
906;0
907;0
908;0
909;0
910;0
911;0
912;0
913;0
914;0
915;0
916;0
917;0
918;0
919;0
920;0
921;0
922;0
923;0
924;0
925;0
926;0
927;0
928;0
929;0
930;0
931;0
932;0
933;0
934;0
935;0
936;0
937;0
938;0
939;0
940;0
941;0
942;0
943;0
944;0
945;0
946;0
947;0
948;0
949;0
950;0
951;0
952;0
953;0
954;0
955;0
956;0
957;0
958;0
959;0
960;0
961;0
962;0
963;0
964;0
965;0
966;0
967;0
968;0
969;0
970;0
971;0
972;0
973;0
974;0
975;0
976;0
977;0
978;0
979;0
980;0
981;0
982;0
983;0
984;0
985;0
986;0
987;0
988;0
989;0
990;0
991;0
992;0
993;0
994;0
995;0
996;0
997;0
998;0
999;0
1000;0
1001;0
1002;0
1003;0
1004;0
1005;0
1006;0
1007;0
1008;0
1009;0
1010;0
1011;0
1012;0
1013;0
1014;0
1015;0
1016;0
1017;0
1018;0
1019;0
1020;0
1021;0
1022;0
1023;0
1024;0
