L 32,p 0.589800,Z 100000
/* Tamanio de cluster; Ocurrencias de cada tamaño de cluster */
1;2030714
2;470257
3;287723
4;193459
5;136307
6;101168
7;79280
8;64270
9;53359
10;44849
11;38048
12;33309
13;28960
14;25714
15;23031
16;20684
17;18672
18;16860
19;15794
20;14254
21;12949
22;12080
23;11041
24;10404
25;9785
26;9103
27;8669
28;8114
29;7459
30;7186
31;6865
32;6323
33;6170
34;5858
35;5563
36;5370
37;5149
38;4935
39;4647
40;4471
41;4371
42;4121
43;3974
44;3862
45;3668
46;3584
47;3488
48;3370
49;3222
50;3076
51;2971
52;2948
53;2838
54;2733
55;2570
56;2545
57;2605
58;2471
59;2381
60;2384
61;2169
62;2164
63;2140
64;2088
65;1987
66;1885
67;1993
68;1853
69;1815
70;1946
71;1769
72;1693
73;1782
74;1612
75;1600
76;1564
77;1592
78;1521
79;1365
80;1414
81;1457
82;1320
83;1364
84;1305
85;1299
86;1262
87;1203
88;1211
89;1293
90;1189
91;1175
92;1170
93;1137
94;1130
95;1110
96;1098
97;1057
98;1065
99;1026
100;972
101;993
102;960
103;1003
104;935
105;938
106;887
107;918
108;887
109;918
110;881
111;843
112;845
113;866
114;850
115;833
116;819
117;777
118;824
119;759
120;739
121;773
122;780
123;727
124;703
125;708
126;719
127;716
128;667
129;670
130;653
131;692
132;675
133;677
134;634
135;661
136;656
137;661
138;609
139;578
140;584
141;624
142;616
143;555
144;568
145;537
146;549
147;563
148;582
149;554
150;478
151;529
152;512
153;529
154;520
155;507
156;513
157;516
158;525
159;485
160;493
161;482
162;485
163;472
164;480
165;474
166;435
167;474
168;441
169;445
170;475
171;424
172;443
173;449
174;400
175;365
176;433
177;421
178;452
179;419
180;385
181;414
182;410
183;409
184;407
185;417
186;362
187;363
188;354
189;370
190;371
191;362
192;341
193;365
194;353
195;353
196;343
197;363
198;362
199;354
200;364
201;303
202;342
203;349
204;318
205;327
206;340
207;325
208;316
209;341
210;321
211;313
212;313
213;287
214;341
215;314
216;291
217;290
218;320
219;308
220;246
221;297
222;266
223;272
224;291
225;275
226;269
227;260
228;275
229;255
230;228
231;273
232;280
233;278
234;283
235;275
236;258
237;277
238;270
239;243
240;261
241;222
242;255
243;234
244;235
245;264
246;247
247;260
248;266
249;234
250;260
251;206
252;228
253;236
254;234
255;241
256;218
257;231
258;197
259;212
260;230
261;215
262;226
263;212
264;219
265;199
266;226
267;210
268;214
269;219
270;189
271;203
272;190
273;219
274;226
275;186
276;198
277;160
278;219
279;201
280;171
281;164
282;193
283;184
284;190
285;182
286;206
287;169
288;183
289;202
290;179
291;187
292;156
293;180
294;158
295;163
296;173
297;151
298;164
299;170
300;140
301;159
302;163
303;147
304;157
305;138
306;164
307;160
308;162
309;147
310;150
311;160
312;152
313;132
314;149
315;134
316;132
317;163
318;138
319;147
320;130
321;127
322;130
323;138
324;151
325;111
326;122
327;124
328;122
329;116
330;135
331;130
332;112
333;128
334;125
335;111
336;135
337;115
338;129
339;113
340;127
341;133
342;116
343;94
344;121
345;112
346;104
347;102
348;98
349;116
350;97
351;100
352;118
353;93
354;105
355;101
356;106
357;99
358;94
359;91
360;97
361;91
362;116
363;104
364;104
365;83
366;85
367;79
368;66
369;88
370;78
371;68
372;95
373;78
374;85
375;76
376;59
377;69
378;75
379;65
380;69
381;52
382;74
383;69
384;66
385;56
386;49
387;58
388;67
389;64
390;68
391;59
392;53
393;64
394;60
395;57
396;53
397;54
398;59
399;46
400;39
401;49
402;51
403;62
404;48
405;50
406;41
407;34
408;39
409;50
410;42
411;44
412;43
413;55
414;27
415;57
416;34
417;39
418;30
419;39
420;35
421;45
422;29
423;43
424;28
425;26
426;19
427;30
428;31
429;36
430;36
431;26
432;35
433;26
434;27
435;44
436;31
437;23
438;32
439;29
440;18
441;20
442;24
443;24
444;20
445;19
446;23
447;19
448;30
449;20
450;15
451;15
452;18
453;13
454;21
455;10
456;15
457;14
458;10
459;15
460;11
461;17
462;17
463;13
464;16
465;20
466;11
467;11
468;4
469;8
470;9
471;9
472;14
473;6
474;14
475;5
476;6
477;6
478;5
479;8
480;7
481;6
482;2
483;7
484;9
485;7
486;5
487;4
488;3
489;5
490;2
491;2
492;2
493;4
494;2
495;5
496;5
497;6
498;3
499;5
500;3
501;3
502;1
503;4
504;3
505;2
506;0
507;2
508;5
509;2
510;3
511;0
512;4
513;1
514;3
515;0
516;1
517;0
518;1
519;2
520;0
521;1
522;2
523;1
524;2
525;0
526;1
527;0
528;0
529;0
530;1
531;0
532;0
533;1
534;0
535;0
536;0
537;0
538;0
539;0
540;0
541;0
542;0
543;0
544;0
545;0
546;0
547;1
548;0
549;0
550;0
551;0
552;0
553;0
554;0
555;0
556;0
557;0
558;0
559;0
560;0
561;1
562;0
563;0
564;0
565;0
566;0
567;0
568;0
569;0
570;0
571;0
572;0
573;0
574;0
575;0
576;0
577;0
578;0
579;0
580;0
581;0
582;0
583;0
584;0
585;0
586;0
587;0
588;0
589;0
590;0
591;0
592;0
593;0
594;0
595;0
596;0
597;0
598;0
599;0
600;0
601;0
602;0
603;0
604;0
605;0
606;0
607;0
608;0
609;0
610;0
611;0
612;0
613;0
614;0
615;0
616;0
617;0
618;0
619;0
620;0
621;0
622;0
623;0
624;0
625;0
626;0
627;0
628;0
629;0
630;0
631;0
632;0
633;0
634;0
635;0
636;0
637;0
638;0
639;0
640;0
641;0
642;0
643;0
644;0
645;0
646;0
647;0
648;0
649;0
650;0
651;0
652;0
653;0
654;0
655;0
656;0
657;0
658;0
659;0
660;0
661;0
662;0
663;0
664;0
665;0
666;0
667;0
668;0
669;0
670;0
671;0
672;0
673;0
674;0
675;0
676;0
677;0
678;0
679;0
680;0
681;0
682;0
683;0
684;0
685;0
686;0
687;0
688;0
689;0
690;0
691;0
692;0
693;0
694;0
695;0
696;0
697;0
698;0
699;0
700;0
701;0
702;0
703;0
704;0
705;0
706;0
707;0
708;0
709;0
710;0
711;0
712;0
713;0
714;0
715;0
716;0
717;0
718;0
719;0
720;0
721;0
722;0
723;0
724;0
725;0
726;0
727;0
728;0
729;0
730;0
731;0
732;0
733;0
734;0
735;0
736;0
737;0
738;0
739;0
740;0
741;0
742;0
743;0
744;0
745;0
746;0
747;0
748;0
749;0
750;0
751;0
752;0
753;0
754;0
755;0
756;0
757;0
758;0
759;0
760;0
761;0
762;0
763;0
764;0
765;0
766;0
767;0
768;0
769;0
770;0
771;0
772;0
773;0
774;0
775;0
776;0
777;0
778;0
779;0
780;0
781;0
782;0
783;0
784;0
785;0
786;0
787;0
788;0
789;0
790;0
791;0
792;0
793;0
794;0
795;0
796;0
797;0
798;0
799;0
800;0
801;0
802;0
803;0
804;0
805;0
806;0
807;0
808;0
809;0
810;0
811;0
812;0
813;0
814;0
815;0
816;0
817;0
818;0
819;0
820;0
821;0
822;0
823;0
824;0
825;0
826;0
827;0
828;0
829;0
830;0
831;0
832;0
833;0
834;0
835;0
836;0
837;0
838;0
839;0
840;0
841;0
842;0
843;0
844;0
845;0
846;0
847;0
848;0
849;0
850;0
851;0
852;0
853;0
854;0
855;0
856;0
857;0
858;0
859;0
860;0
861;0
862;0
863;0
864;0
865;0
866;0
867;0
868;0
869;0
870;0
871;0
872;0
873;0
874;0
875;0
876;0
877;0
878;0
879;0
880;0
881;0
882;0
883;0
884;0
885;0
886;0
887;0
888;0
889;0
890;0
891;0
892;0
893;0
894;0
895;0
896;0
897;0
898;0
899;0
900;0
901;0
902;0
903;0
904;0
905;0
906;0
907;0
908;0
909;0
910;0
911;0
912;0
913;0
914;0
915;0
916;0
917;0
918;0
919;0
920;0
921;0
922;0
923;0
924;0
925;0
926;0
927;0
928;0
929;0
930;0
931;0
932;0
933;0
934;0
935;0
936;0
937;0
938;0
939;0
940;0
941;0
942;0
943;0
944;0
945;0
946;0
947;0
948;0
949;0
950;0
951;0
952;0
953;0
954;0
955;0
956;0
957;0
958;0
959;0
960;0
961;0
962;0
963;0
964;0
965;0
966;0
967;0
968;0
969;0
970;0
971;0
972;0
973;0
974;0
975;0
976;0
977;0
978;0
979;0
980;0
981;0
982;0
983;0
984;0
985;0
986;0
987;0
988;0
989;0
990;0
991;0
992;0
993;0
994;0
995;0
996;0
997;0
998;0
999;0
1000;0
1001;0
1002;0
1003;0
1004;0
1005;0
1006;0
1007;0
1008;0
1009;0
1010;0
1011;0
1012;0
1013;0
1014;0
1015;0
1016;0
1017;0
1018;0
1019;0
1020;0
1021;0
1022;0
1023;0
1024;0
