L 32,p 0.583100,Z 100000
/* Tamanio de cluster; Ocurrencias de cada tamaño de cluster */
1;2131325
2;499854
3;306598
4;208601
5;146658
6;109019
7;85642
8;69307
9;57576
10;48299
11;42041
12;35933
13;31922
14;28069
15;25130
16;22337
17;20428
18;18532
19;17083
20;15490
21;14323
22;13173
23;12173
24;11527
25;10713
26;10002
27;9364
28;8925
29;8564
30;8019
31;7464
32;7246
33;6593
34;6442
35;6253
36;5785
37;5607
38;5429
39;5083
40;4971
41;4908
42;4573
43;4353
44;4262
45;4098
46;3984
47;3878
48;3812
49;3688
50;3527
51;3407
52;3168
53;3207
54;3132
55;3015
56;2914
57;2775
58;2652
59;2673
60;2604
61;2418
62;2430
63;2333
64;2321
65;2241
66;2198
67;2068
68;2123
69;2088
70;1994
71;1958
72;1853
73;1956
74;1803
75;1814
76;1736
77;1725
78;1643
79;1577
80;1592
81;1602
82;1485
83;1565
84;1411
85;1467
86;1378
87;1396
88;1414
89;1363
90;1361
91;1307
92;1280
93;1283
94;1243
95;1271
96;1173
97;1172
98;1178
99;1160
100;1116
101;1098
102;1070
103;1112
104;1071
105;1089
106;1025
107;1000
108;933
109;968
110;947
111;921
112;923
113;959
114;941
115;922
116;896
117;861
118;898
119;807
120;845
121;822
122;848
123;752
124;798
125;865
126;757
127;728
128;791
129;729
130;734
131;738
132;665
133;707
134;712
135;691
136;671
137;745
138;668
139;699
140;631
141;628
142;610
143;599
144;635
145;631
146;609
147;602
148;621
149;595
150;566
151;605
152;556
153;572
154;545
155;520
156;566
157;554
158;532
159;591
160;514
161;558
162;510
163;504
164;514
165;484
166;475
167;504
168;509
169;510
170;479
171;468
172;461
173;446
174;466
175;469
176;432
177;435
178;460
179;412
180;446
181;423
182;448
183;437
184;434
185;432
186;423
187;429
188;408
189;382
190;427
191;383
192;377
193;412
194;377
195;390
196;396
197;382
198;365
199;409
200;345
201;381
202;377
203;370
204;332
205;349
206;344
207;346
208;320
209;320
210;351
211;333
212;332
213;337
214;322
215;328
216;304
217;334
218;311
219;327
220;307
221;294
222;284
223;297
224;278
225;294
226;335
227;330
228;275
229;273
230;296
231;290
232;252
233;275
234;261
235;296
236;288
237;265
238;268
239;264
240;233
241;252
242;264
243;243
244;245
245;251
246;269
247;242
248;235
249;222
250;230
251;225
252;249
253;256
254;260
255;258
256;218
257;241
258;224
259;236
260;200
261;228
262;226
263;202
264;203
265;220
266;198
267;218
268;223
269;213
270;197
271;206
272;182
273;198
274;195
275;204
276;179
277;190
278;193
279;191
280;178
281;161
282;207
283;191
284;176
285;197
286;190
287;183
288;189
289;173
290;185
291;182
292;170
293;185
294;158
295;190
296;198
297;165
298;150
299;168
300;181
301;152
302;160
303;144
304;154
305;149
306;144
307;165
308;183
309;167
310;177
311;144
312;145
313;137
314;122
315;141
316;132
317;139
318;124
319;152
320;131
321;139
322;145
323;125
324;125
325;145
326;119
327;121
328;114
329;110
330;109
331;143
332;137
333;114
334;149
335;127
336;100
337;103
338;111
339;118
340;114
341;108
342;105
343;117
344;91
345;89
346;105
347;92
348;100
349;88
350;110
351;95
352;96
353;100
354;67
355;69
356;78
357;100
358;83
359;91
360;82
361;86
362;74
363;77
364;86
365;71
366;66
367;91
368;78
369;71
370;80
371;65
372;67
373;68
374;79
375;64
376;51
377;63
378;65
379;57
380;69
381;66
382;39
383;44
384;61
385;55
386;63
387;45
388;61
389;53
390;73
391;46
392;52
393;40
394;53
395;53
396;48
397;62
398;49
399;50
400;31
401;47
402;43
403;41
404;36
405;34
406;30
407;28
408;36
409;39
410;35
411;36
412;40
413;32
414;34
415;31
416;42
417;27
418;29
419;28
420;26
421;25
422;25
423;33
424;34
425;21
426;24
427;29
428;25
429;29
430;21
431;21
432;20
433;15
434;22
435;19
436;23
437;16
438;19
439;17
440;11
441;14
442;19
443;7
444;15
445;17
446;26
447;14
448;18
449;10
450;11
451;7
452;13
453;6
454;12
455;18
456;11
457;5
458;7
459;8
460;5
461;9
462;8
463;10
464;7
465;7
466;3
467;8
468;10
469;11
470;9
471;6
472;7
473;2
474;4
475;6
476;3
477;5
478;3
479;6
480;4
481;3
482;6
483;9
484;2
485;3
486;4
487;5
488;3
489;1
490;6
491;3
492;2
493;3
494;3
495;1
496;2
497;2
498;0
499;2
500;1
501;1
502;3
503;3
504;4
505;0
506;2
507;0
508;0
509;3
510;2
511;0
512;0
513;1
514;1
515;1
516;0
517;0
518;1
519;1
520;0
521;1
522;0
523;0
524;0
525;0
526;0
527;0
528;1
529;0
530;0
531;1
532;0
533;0
534;1
535;0
536;0
537;0
538;0
539;0
540;0
541;0
542;0
543;0
544;0
545;0
546;0
547;1
548;0
549;0
550;0
551;0
552;0
553;0
554;0
555;0
556;0
557;0
558;0
559;0
560;0
561;0
562;0
563;0
564;0
565;0
566;0
567;0
568;0
569;0
570;0
571;0
572;0
573;0
574;0
575;0
576;0
577;0
578;0
579;0
580;0
581;0
582;0
583;0
584;0
585;0
586;0
587;0
588;0
589;0
590;0
591;0
592;0
593;0
594;0
595;0
596;0
597;0
598;0
599;0
600;0
601;0
602;0
603;0
604;0
605;0
606;0
607;0
608;0
609;0
610;0
611;0
612;0
613;0
614;0
615;0
616;0
617;0
618;0
619;0
620;0
621;0
622;0
623;0
624;0
625;0
626;0
627;0
628;0
629;0
630;0
631;0
632;0
633;0
634;0
635;0
636;0
637;0
638;0
639;0
640;0
641;0
642;0
643;0
644;0
645;0
646;0
647;0
648;0
649;0
650;0
651;0
652;0
653;0
654;0
655;0
656;0
657;0
658;0
659;0
660;0
661;0
662;0
663;0
664;0
665;0
666;0
667;0
668;0
669;0
670;0
671;0
672;0
673;0
674;0
675;0
676;0
677;0
678;0
679;0
680;0
681;0
682;0
683;0
684;0
685;0
686;0
687;0
688;0
689;0
690;0
691;0
692;0
693;0
694;0
695;0
696;0
697;0
698;0
699;0
700;0
701;0
702;0
703;0
704;0
705;0
706;0
707;0
708;0
709;0
710;0
711;0
712;0
713;0
714;0
715;0
716;0
717;0
718;0
719;0
720;0
721;0
722;0
723;0
724;0
725;0
726;0
727;0
728;0
729;0
730;0
731;0
732;0
733;0
734;0
735;0
736;0
737;0
738;0
739;0
740;0
741;0
742;0
743;0
744;0
745;0
746;0
747;0
748;0
749;0
750;0
751;0
752;0
753;0
754;0
755;0
756;0
757;0
758;0
759;0
760;0
761;0
762;0
763;0
764;0
765;0
766;0
767;0
768;0
769;0
770;0
771;0
772;0
773;0
774;0
775;0
776;0
777;0
778;0
779;0
780;0
781;0
782;0
783;0
784;0
785;0
786;0
787;0
788;0
789;0
790;0
791;0
792;0
793;0
794;0
795;0
796;0
797;0
798;0
799;0
800;0
801;0
802;0
803;0
804;0
805;0
806;0
807;0
808;0
809;0
810;0
811;0
812;0
813;0
814;0
815;0
816;0
817;0
818;0
819;0
820;0
821;0
822;0
823;0
824;0
825;0
826;0
827;0
828;0
829;0
830;0
831;0
832;0
833;0
834;0
835;0
836;0
837;0
838;0
839;0
840;0
841;0
842;0
843;0
844;0
845;0
846;0
847;0
848;0
849;0
850;0
851;0
852;0
853;0
854;0
855;0
856;0
857;0
858;0
859;0
860;0
861;0
862;0
863;0
864;0
865;0
866;0
867;0
868;0
869;0
870;0
871;0
872;0
873;0
874;0
875;0
876;0
877;0
878;0
879;0
880;0
881;0
882;0
883;0
884;0
885;0
886;0
887;0
888;0
889;0
890;0
891;0
892;0
893;0
894;0
895;0
896;0
897;0
898;0
899;0
900;0
901;0
902;0
903;0
904;0
905;0
906;0
907;0
908;0
909;0
910;0
911;0
912;0
913;0
914;0
915;0
916;0
917;0
918;0
919;0
920;0
921;0
922;0
923;0
924;0
925;0
926;0
927;0
928;0
929;0
930;0
931;0
932;0
933;0
934;0
935;0
936;0
937;0
938;0
939;0
940;0
941;0
942;0
943;0
944;0
945;0
946;0
947;0
948;0
949;0
950;0
951;0
952;0
953;0
954;0
955;0
956;0
957;0
958;0
959;0
960;0
961;0
962;0
963;0
964;0
965;0
966;0
967;0
968;0
969;0
970;0
971;0
972;0
973;0
974;0
975;0
976;0
977;0
978;0
979;0
980;0
981;0
982;0
983;0
984;0
985;0
986;0
987;0
988;0
989;0
990;0
991;0
992;0
993;0
994;0
995;0
996;0
997;0
998;0
999;0
1000;0
1001;0
1002;0
1003;0
1004;0
1005;0
1006;0
1007;0
1008;0
1009;0
1010;0
1011;0
1012;0
1013;0
1014;0
1015;0
1016;0
1017;0
1018;0
1019;0
1020;0
1021;0
1022;0
1023;0
1024;0
