L 32,p 0.587100,Z 100000
/* Tamanio de cluster; Ocurrencias de cada tamaño de cluster */
1;2070803
2;481785
3;296458
4;198924
5;140077
6;104533
7;81376
8;66365
9;54482
10;46240
11;39525
12;34412
13;29960
14;26529
15;23636
16;21346
17;19256
18;17589
19;16252
20;14886
21;13605
22;12616
23;11481
24;10841
25;10082
26;9446
27;8895
28;8323
29;7881
30;7709
31;7080
32;6702
33;6283
34;6044
35;5731
36;5453
37;5371
38;5142
39;4810
40;4616
41;4399
42;4334
43;4099
44;4018
45;3859
46;3724
47;3539
48;3387
49;3283
50;3233
51;3154
52;3054
53;2938
54;2895
55;2808
56;2651
57;2581
58;2519
59;2558
60;2335
61;2252
62;2273
63;2265
64;2230
65;2124
66;2031
67;2014
68;1998
69;1901
70;1935
71;1739
72;1759
73;1818
74;1666
75;1674
76;1585
77;1664
78;1617
79;1608
80;1550
81;1494
82;1508
83;1408
84;1323
85;1347
86;1343
87;1352
88;1311
89;1306
90;1215
91;1251
92;1233
93;1192
94;1187
95;1169
96;1125
97;1150
98;1117
99;1054
100;1068
101;1011
102;931
103;1017
104;987
105;982
106;979
107;993
108;936
109;902
110;913
111;866
112;849
113;887
114;845
115;822
116;824
117;806
118;883
119;777
120;749
121;767
122;786
123;780
124;791
125;745
126;713
127;713
128;696
129;682
130;661
131;706
132;661
133;630
134;682
135;653
136;612
137;630
138;637
139;620
140;610
141;585
142;621
143;598
144;590
145;596
146;570
147;572
148;536
149;582
150;547
151;529
152;553
153;558
154;545
155;521
156;558
157;515
158;490
159;482
160;489
161;504
162;517
163;484
164;469
165;517
166;479
167;512
168;469
169;432
170;491
171;445
172;437
173;446
174;441
175;421
176;420
177;459
178;445
179;405
180;427
181;429
182;368
183;399
184;372
185;398
186;398
187;362
188;375
189;352
190;385
191;378
192;367
193;359
194;380
195;374
196;371
197;341
198;351
199;362
200;345
201;355
202;371
203;373
204;314
205;338
206;313
207;336
208;324
209;367
210;331
211;323
212;336
213;309
214;328
215;281
216;319
217;301
218;317
219;291
220;304
221;305
222;296
223;318
224;265
225;258
226;294
227;280
228;278
229;262
230;285
231;265
232;313
233;256
234;274
235;271
236;253
237;265
238;246
239;273
240;242
241;257
242;252
243;249
244;228
245;232
246;234
247;255
248;215
249;253
250;241
251;245
252;234
253;215
254;219
255;242
256;209
257;209
258;236
259;224
260;245
261;230
262;225
263;180
264;198
265;240
266;221
267;202
268;187
269;225
270;225
271;216
272;233
273;199
274;197
275;200
276;197
277;180
278;203
279;179
280;182
281;197
282;184
283;179
284;179
285;201
286;180
287;181
288;186
289;179
290;185
291;165
292;173
293;177
294;153
295;168
296;168
297;171
298;177
299;178
300;154
301;144
302;142
303;166
304;145
305;158
306;165
307;175
308;151
309;147
310;155
311;153
312;128
313;152
314;149
315;179
316;135
317;141
318;142
319;132
320;146
321;134
322;129
323;139
324;104
325;130
326;133
327;118
328;142
329;113
330;121
331;117
332;128
333;117
334;99
335;101
336;121
337;117
338;122
339;101
340;105
341;109
342;131
343;106
344;105
345;90
346;102
347;102
348;107
349;113
350;99
351;85
352;93
353;82
354;96
355;112
356;93
357;91
358;94
359;100
360;74
361;110
362;86
363;93
364;87
365;56
366;78
367;93
368;90
369;78
370;98
371;77
372;80
373;81
374;87
375;87
376;67
377;102
378;73
379;62
380;84
381;73
382;72
383;53
384;64
385;66
386;73
387;65
388;51
389;54
390;55
391;60
392;58
393;44
394;54
395;54
396;60
397;37
398;51
399;45
400;47
401;63
402;41
403;46
404;53
405;53
406;51
407;49
408;20
409;46
410;45
411;51
412;50
413;45
414;41
415;36
416;21
417;38
418;29
419;34
420;30
421;28
422;27
423;22
424;24
425;27
426;38
427;31
428;17
429;23
430;22
431;24
432;29
433;26
434;18
435;26
436;24
437;26
438;20
439;26
440;26
441;17
442;20
443;21
444;19
445;32
446;16
447;12
448;13
449;16
450;20
451;14
452;21
453;14
454;9
455;21
456;11
457;4
458;10
459;13
460;9
461;7
462;13
463;13
464;14
465;9
466;8
467;7
468;9
469;8
470;11
471;9
472;10
473;10
474;6
475;7
476;3
477;7
478;3
479;5
480;8
481;6
482;8
483;6
484;3
485;2
486;8
487;5
488;8
489;6
490;3
491;7
492;1
493;4
494;0
495;7
496;3
497;1
498;3
499;0
500;1
501;2
502;1
503;0
504;0
505;2
506;1
507;1
508;2
509;3
510;2
511;4
512;2
513;2
514;0
515;1
516;0
517;0
518;0
519;1
520;0
521;1
522;1
523;0
524;0
525;0
526;0
527;0
528;0
529;0
530;1
531;0
532;1
533;1
534;0
535;0
536;0
537;0
538;0
539;0
540;0
541;0
542;1
543;0
544;0
545;0
546;0
547;0
548;0
549;0
550;0
551;0
552;0
553;0
554;0
555;0
556;0
557;0
558;0
559;0
560;0
561;0
562;0
563;0
564;0
565;0
566;0
567;0
568;0
569;0
570;0
571;0
572;0
573;0
574;0
575;0
576;0
577;0
578;0
579;0
580;0
581;0
582;0
583;0
584;0
585;0
586;0
587;0
588;0
589;0
590;0
591;0
592;0
593;0
594;0
595;0
596;0
597;0
598;0
599;0
600;0
601;0
602;0
603;0
604;0
605;0
606;0
607;0
608;0
609;0
610;0
611;0
612;0
613;0
614;0
615;0
616;0
617;0
618;0
619;0
620;0
621;0
622;0
623;0
624;0
625;0
626;0
627;0
628;0
629;0
630;0
631;0
632;0
633;0
634;0
635;0
636;0
637;0
638;0
639;0
640;0
641;0
642;0
643;0
644;0
645;0
646;0
647;0
648;0
649;0
650;0
651;0
652;0
653;0
654;0
655;0
656;0
657;0
658;0
659;0
660;0
661;0
662;0
663;0
664;0
665;0
666;0
667;0
668;0
669;0
670;0
671;0
672;0
673;0
674;0
675;0
676;0
677;0
678;0
679;0
680;0
681;0
682;0
683;0
684;0
685;0
686;0
687;0
688;0
689;0
690;0
691;0
692;0
693;0
694;0
695;0
696;0
697;0
698;0
699;0
700;0
701;0
702;0
703;0
704;0
705;0
706;0
707;0
708;0
709;0
710;0
711;0
712;0
713;0
714;0
715;0
716;0
717;0
718;0
719;0
720;0
721;0
722;0
723;0
724;0
725;0
726;0
727;0
728;0
729;0
730;0
731;0
732;0
733;0
734;0
735;0
736;0
737;0
738;0
739;0
740;0
741;0
742;0
743;0
744;0
745;0
746;0
747;0
748;0
749;0
750;0
751;0
752;0
753;0
754;0
755;0
756;0
757;0
758;0
759;0
760;0
761;0
762;0
763;0
764;0
765;0
766;0
767;0
768;0
769;0
770;0
771;0
772;0
773;0
774;0
775;0
776;0
777;0
778;0
779;0
780;0
781;0
782;0
783;0
784;0
785;0
786;0
787;0
788;0
789;0
790;0
791;0
792;0
793;0
794;0
795;0
796;0
797;0
798;0
799;0
800;0
801;0
802;0
803;0
804;0
805;0
806;0
807;0
808;0
809;0
810;0
811;0
812;0
813;0
814;0
815;0
816;0
817;0
818;0
819;0
820;0
821;0
822;0
823;0
824;0
825;0
826;0
827;0
828;0
829;0
830;0
831;0
832;0
833;0
834;0
835;0
836;0
837;0
838;0
839;0
840;0
841;0
842;0
843;0
844;0
845;0
846;0
847;0
848;0
849;0
850;0
851;0
852;0
853;0
854;0
855;0
856;0
857;0
858;0
859;0
860;0
861;0
862;0
863;0
864;0
865;0
866;0
867;0
868;0
869;0
870;0
871;0
872;0
873;0
874;0
875;0
876;0
877;0
878;0
879;0
880;0
881;0
882;0
883;0
884;0
885;0
886;0
887;0
888;0
889;0
890;0
891;0
892;0
893;0
894;0
895;0
896;0
897;0
898;0
899;0
900;0
901;0
902;0
903;0
904;0
905;0
906;0
907;0
908;0
909;0
910;0
911;0
912;0
913;0
914;0
915;0
916;0
917;0
918;0
919;0
920;0
921;0
922;0
923;0
924;0
925;0
926;0
927;0
928;0
929;0
930;0
931;0
932;0
933;0
934;0
935;0
936;0
937;0
938;0
939;0
940;0
941;0
942;0
943;0
944;0
945;0
946;0
947;0
948;0
949;0
950;0
951;0
952;0
953;0
954;0
955;0
956;0
957;0
958;0
959;0
960;0
961;0
962;0
963;0
964;0
965;0
966;0
967;0
968;0
969;0
970;0
971;0
972;0
973;0
974;0
975;0
976;0
977;0
978;0
979;0
980;0
981;0
982;0
983;0
984;0
985;0
986;0
987;0
988;0
989;0
990;0
991;0
992;0
993;0
994;0
995;0
996;0
997;0
998;0
999;0
1000;0
1001;0
1002;0
1003;0
1004;0
1005;0
1006;0
1007;0
1008;0
1009;0
1010;0
1011;0
1012;0
1013;0
1014;0
1015;0
1016;0
1017;0
1018;0
1019;0
1020;0
1021;0
1022;0
1023;0
1024;0
