L 32,p 0.592000,Z 100000
/* Tamanio de cluster; Ocurrencias de cada tamaño de cluster */
1;1999453
2;461015
3;282094
4;188970
5;132869
6;98561
7;77182
8;62562
9;51379
10;43629
11;37463
12;32459
13;28107
14;24756
15;22300
16;20032
17;17881
18;16283
19;15109
20;13771
21;12795
22;11609
23;10943
24;10313
25;9460
26;8799
27;8358
28;7756
29;7251
30;7087
31;6594
32;6343
33;5974
34;5829
35;5364
36;5029
37;4969
38;4624
39;4577
40;4428
41;4230
42;3981
43;3875
44;3724
45;3604
46;3429
47;3332
48;3246
49;3170
50;3049
51;2930
52;2841
53;2720
54;2643
55;2486
56;2542
57;2436
58;2385
59;2315
60;2242
61;2193
62;2188
63;2029
64;2062
65;2009
66;1848
67;1887
68;1814
69;1802
70;1746
71;1754
72;1612
73;1646
74;1587
75;1510
76;1477
77;1515
78;1439
79;1475
80;1418
81;1419
82;1359
83;1332
84;1305
85;1237
86;1315
87;1215
88;1169
89;1158
90;1159
91;1179
92;1142
93;1152
94;1054
95;1147
96;1054
97;1022
98;1028
99;963
100;1021
101;961
102;960
103;947
104;916
105;910
106;922
107;848
108;849
109;874
110;862
111;801
112;787
113;755
114;827
115;780
116;773
117;746
118;723
119;749
120;769
121;730
122;686
123;691
124;700
125;710
126;725
127;707
128;653
129;677
130;632
131;599
132;577
133;656
134;598
135;614
136;640
137;572
138;578
139;533
140;571
141;553
142;566
143;535
144;606
145;561
146;547
147;585
148;507
149;498
150;482
151;508
152;485
153;501
154;477
155;503
156;455
157;494
158;483
159;474
160;455
161;453
162;453
163;482
164;442
165;464
166;420
167;422
168;403
169;424
170;439
171;425
172;391
173;414
174;409
175;357
176;409
177;379
178;398
179;419
180;364
181;389
182;378
183;401
184;371
185;392
186;362
187;354
188;331
189;377
190;332
191;367
192;354
193;323
194;323
195;342
196;339
197;338
198;354
199;351
200;340
201;348
202;327
203;283
204;269
205;326
206;321
207;313
208;283
209;306
210;319
211;315
212;328
213;340
214;306
215;296
216;273
217;255
218;291
219;275
220;272
221;290
222;308
223;274
224;236
225;276
226;272
227;280
228;258
229;242
230;272
231;285
232;265
233;262
234;236
235;246
236;258
237;245
238;244
239;223
240;259
241;257
242;243
243;230
244;239
245;237
246;235
247;231
248;205
249;212
250;230
251;222
252;218
253;232
254;241
255;231
256;229
257;239
258;200
259;203
260;221
261;166
262;177
263;197
264;205
265;216
266;211
267;187
268;195
269;189
270;216
271;221
272;184
273;203
274;185
275;165
276;161
277;180
278;190
279;173
280;205
281;192
282;168
283;196
284;189
285;188
286;164
287;158
288;174
289;167
290;170
291;170
292;148
293;190
294;182
295;176
296;159
297;194
298;157
299;154
300;152
301;131
302;158
303;151
304;165
305;166
306;138
307;155
308;141
309;135
310;167
311;155
312;129
313;170
314;143
315;132
316;140
317;154
318;150
319;121
320;137
321;121
322;145
323;143
324;132
325;127
326;126
327;135
328;148
329;133
330;113
331;124
332;126
333;122
334;122
335;122
336;117
337;116
338;129
339;114
340;122
341;111
342;88
343;117
344;115
345;105
346;122
347;109
348;106
349;94
350;97
351;111
352;98
353;111
354;110
355;111
356;103
357;129
358;88
359;98
360;91
361;79
362;100
363;86
364;93
365;95
366;95
367;110
368;91
369;90
370;87
371;90
372;81
373;78
374;88
375;87
376;79
377;65
378;78
379;69
380;73
381;62
382;65
383;84
384;68
385;80
386;74
387;70
388;71
389;61
390;67
391;63
392;66
393;73
394;83
395;53
396;54
397;58
398;69
399;53
400;54
401;60
402;42
403;67
404;44
405;44
406;45
407;46
408;42
409;45
410;55
411;47
412;49
413;31
414;46
415;48
416;28
417;41
418;45
419;42
420;31
421;52
422;41
423;43
424;43
425;30
426;30
427;27
428;36
429;39
430;35
431;30
432;33
433;23
434;27
435;23
436;23
437;31
438;22
439;25
440;20
441;24
442;31
443;17
444;29
445;22
446;24
447;23
448;22
449;24
450;17
451;23
452;26
453;18
454;18
455;35
456;22
457;18
458;11
459;9
460;8
461;16
462;15
463;8
464;8
465;12
466;13
467;15
468;18
469;12
470;13
471;9
472;4
473;14
474;6
475;9
476;4
477;13
478;12
479;11
480;11
481;9
482;5
483;8
484;11
485;11
486;10
487;5
488;5
489;3
490;6
491;7
492;7
493;3
494;5
495;3
496;1
497;5
498;2
499;4
500;3
501;3
502;2
503;3
504;0
505;2
506;2
507;2
508;4
509;6
510;3
511;6
512;0
513;3
514;1
515;2
516;2
517;1
518;2
519;2
520;0
521;1
522;0
523;3
524;1
525;0
526;0
527;1
528;1
529;0
530;0
531;2
532;1
533;0
534;1
535;1
536;0
537;0
538;1
539;0
540;0
541;0
542;1
543;1
544;0
545;0
546;0
547;0
548;1
549;0
550;0
551;0
552;0
553;0
554;0
555;0
556;0
557;0
558;0
559;0
560;0
561;0
562;0
563;0
564;0
565;0
566;0
567;0
568;0
569;0
570;0
571;0
572;0
573;0
574;0
575;0
576;0
577;0
578;0
579;0
580;0
581;0
582;0
583;0
584;0
585;0
586;0
587;0
588;0
589;0
590;0
591;0
592;0
593;0
594;0
595;0
596;0
597;0
598;0
599;0
600;0
601;0
602;0
603;0
604;0
605;0
606;0
607;0
608;0
609;0
610;0
611;0
612;0
613;0
614;0
615;0
616;0
617;0
618;0
619;0
620;0
621;0
622;0
623;0
624;0
625;0
626;0
627;0
628;0
629;0
630;0
631;0
632;0
633;0
634;0
635;0
636;0
637;0
638;0
639;0
640;0
641;0
642;0
643;0
644;0
645;0
646;0
647;0
648;0
649;0
650;0
651;0
652;0
653;0
654;0
655;0
656;0
657;0
658;0
659;0
660;0
661;0
662;0
663;0
664;0
665;0
666;0
667;0
668;0
669;0
670;0
671;0
672;0
673;0
674;0
675;0
676;0
677;0
678;0
679;0
680;0
681;0
682;0
683;0
684;0
685;0
686;0
687;0
688;0
689;0
690;0
691;0
692;0
693;0
694;0
695;0
696;0
697;0
698;0
699;0
700;0
701;0
702;0
703;0
704;0
705;0
706;0
707;0
708;0
709;0
710;0
711;0
712;0
713;0
714;0
715;0
716;0
717;0
718;0
719;0
720;0
721;0
722;0
723;0
724;0
725;0
726;0
727;0
728;0
729;0
730;0
731;0
732;0
733;0
734;0
735;0
736;0
737;0
738;0
739;0
740;0
741;0
742;0
743;0
744;0
745;0
746;0
747;0
748;0
749;0
750;0
751;0
752;0
753;0
754;0
755;0
756;0
757;0
758;0
759;0
760;0
761;0
762;0
763;0
764;0
765;0
766;0
767;0
768;0
769;0
770;0
771;0
772;0
773;0
774;0
775;0
776;0
777;0
778;0
779;0
780;0
781;0
782;0
783;0
784;0
785;0
786;0
787;0
788;0
789;0
790;0
791;0
792;0
793;0
794;0
795;0
796;0
797;0
798;0
799;0
800;0
801;0
802;0
803;0
804;0
805;0
806;0
807;0
808;0
809;0
810;0
811;0
812;0
813;0
814;0
815;0
816;0
817;0
818;0
819;0
820;0
821;0
822;0
823;0
824;0
825;0
826;0
827;0
828;0
829;0
830;0
831;0
832;0
833;0
834;0
835;0
836;0
837;0
838;0
839;0
840;0
841;0
842;0
843;0
844;0
845;0
846;0
847;0
848;0
849;0
850;0
851;0
852;0
853;0
854;0
855;0
856;0
857;0
858;0
859;0
860;0
861;0
862;0
863;0
864;0
865;0
866;0
867;0
868;0
869;0
870;0
871;0
872;0
873;0
874;0
875;0
876;0
877;0
878;0
879;0
880;0
881;0
882;0
883;0
884;0
885;0
886;0
887;0
888;0
889;0
890;0
891;0
892;0
893;0
894;0
895;0
896;0
897;0
898;0
899;0
900;0
901;0
902;0
903;0
904;0
905;0
906;0
907;0
908;0
909;0
910;0
911;0
912;0
913;0
914;0
915;0
916;0
917;0
918;0
919;0
920;0
921;0
922;0
923;0
924;0
925;0
926;0
927;0
928;0
929;0
930;0
931;0
932;0
933;0
934;0
935;0
936;0
937;0
938;0
939;0
940;0
941;0
942;0
943;0
944;0
945;0
946;0
947;0
948;0
949;0
950;0
951;0
952;0
953;0
954;0
955;0
956;0
957;0
958;0
959;0
960;0
961;0
962;0
963;0
964;0
965;0
966;0
967;0
968;0
969;0
970;0
971;0
972;0
973;0
974;0
975;0
976;0
977;0
978;0
979;0
980;0
981;0
982;0
983;0
984;0
985;0
986;0
987;0
988;0
989;0
990;0
991;0
992;0
993;0
994;0
995;0
996;0
997;0
998;0
999;0
1000;0
1001;0
1002;0
1003;0
1004;0
1005;0
1006;0
1007;0
1008;0
1009;0
1010;0
1011;0
1012;0
1013;0
1014;0
1015;0
1016;0
1017;0
1018;0
1019;0
1020;0
1021;0
1022;0
1023;0
1024;0
