L 32,p 0.590000,Z 100000
/* Tamanio de cluster; Ocurrencias de cada tamaño de cluster */
1;2029375
2;469755
3;288517
4;193794
5;136062
6;100792
7;78737
8;64066
9;52885
10;44807
11;37902
12;32767
13;29080
14;25609
15;22854
16;20460
17;18382
18;16681
19;15361
20;14273
21;12992
22;11877
23;11242
24;10381
25;9725
26;9240
27;8618
28;8195
29;7448
30;7132
31;6788
32;6554
33;6305
34;5875
35;5515
36;5449
37;4939
38;4919
39;4676
40;4406
41;4406
42;4095
43;3999
44;3780
45;3731
46;3578
47;3425
48;3441
49;3162
50;3084
51;2921
52;2961
53;2710
54;2741
55;2563
56;2661
57;2474
58;2418
59;2342
60;2278
61;2238
62;2180
63;2234
64;2093
65;2019
66;1981
67;1903
68;1885
69;1816
70;1843
71;1754
72;1665
73;1673
74;1618
75;1593
76;1581
77;1554
78;1548
79;1461
80;1464
81;1488
82;1382
83;1396
84;1328
85;1310
86;1283
87;1294
88;1236
89;1263
90;1236
91;1224
92;1129
93;1136
94;1123
95;1062
96;1084
97;1119
98;1066
99;1016
100;951
101;946
102;974
103;982
104;980
105;952
106;908
107;905
108;917
109;898
110;901
111;809
112;911
113;826
114;796
115;832
116;874
117;750
118;774
119;723
120;784
121;784
122;735
123;711
124;734
125;715
126;709
127;707
128;706
129;724
130;670
131;637
132;660
133;650
134;637
135;623
136;572
137;630
138;603
139;586
140;576
141;603
142;609
143;572
144;597
145;594
146;581
147;536
148;552
149;554
150;547
151;483
152;535
153;524
154;476
155;511
156;539
157;508
158;479
159;472
160;453
161;480
162;437
163;466
164;445
165;472
166;444
167;427
168;467
169;447
170;462
171;486
172;429
173;423
174;394
175;414
176;419
177;473
178;399
179;437
180;392
181;416
182;373
183;401
184;384
185;380
186;338
187;400
188;396
189;370
190;373
191;383
192;369
193;371
194;349
195;320
196;326
197;372
198;361
199;340
200;335
201;326
202;344
203;349
204;340
205;339
206;310
207;315
208;316
209;308
210;296
211;288
212;349
213;299
214;291
215;304
216;333
217;243
218;292
219;284
220;258
221;291
222;277
223;304
224;319
225;290
226;242
227;295
228;265
229;280
230;255
231;275
232;275
233;266
234;264
235;274
236;269
237;255
238;238
239;265
240;251
241;255
242;241
243;238
244;218
245;227
246;221
247;246
248;216
249;246
250;272
251;235
252;218
253;207
254;238
255;225
256;236
257;203
258;246
259;223
260;227
261;180
262;220
263;227
264;200
265;211
266;199
267;193
268;215
269;206
270;211
271;226
272;204
273;192
274;190
275;197
276;204
277;166
278;203
279;167
280;202
281;195
282;195
283;163
284;190
285;162
286;164
287;162
288;173
289;193
290;174
291;207
292;164
293;142
294;156
295;166
296;173
297;152
298;188
299;178
300;148
301;161
302;152
303;155
304;155
305;159
306;155
307;127
308;152
309;143
310;174
311;149
312;153
313;166
314;134
315;156
316;148
317;129
318;149
319;137
320;116
321;137
322;121
323;140
324;137
325;128
326;144
327;111
328;112
329;125
330;124
331;138
332;127
333;115
334;121
335;102
336;102
337;120
338;129
339;124
340;108
341;119
342;101
343;97
344;109
345;113
346;123
347;104
348;108
349;121
350;128
351;97
352;95
353;100
354;86
355;103
356;114
357;81
358;89
359;92
360;92
361;99
362;88
363;104
364;97
365;82
366;76
367;87
368;81
369;81
370;79
371;86
372;72
373;82
374;73
375;76
376;85
377;77
378;84
379;76
380;83
381;70
382;68
383;67
384;72
385;73
386;63
387;70
388;66
389;68
390;62
391;75
392;65
393;57
394;52
395;55
396;56
397;53
398;51
399;43
400;61
401;55
402;48
403;53
404;59
405;43
406;51
407;50
408;47
409;53
410;47
411;42
412;66
413;42
414;48
415;42
416;46
417;35
418;40
419;33
420;41
421;31
422;34
423;37
424;38
425;26
426;31
427;33
428;25
429;39
430;46
431;34
432;31
433;23
434;25
435;31
436;29
437;24
438;27
439;29
440;31
441;19
442;18
443;16
444;25
445;24
446;17
447;29
448;21
449;21
450;17
451;19
452;21
453;15
454;17
455;13
456;14
457;15
458;15
459;14
460;16
461;12
462;11
463;17
464;14
465;10
466;12
467;11
468;17
469;10
470;11
471;12
472;8
473;7
474;7
475;5
476;10
477;9
478;8
479;4
480;3
481;11
482;8
483;5
484;15
485;4
486;8
487;4
488;3
489;6
490;5
491;5
492;0
493;6
494;5
495;5
496;2
497;3
498;6
499;2
500;2
501;1
502;2
503;6
504;2
505;4
506;1
507;6
508;2
509;3
510;2
511;0
512;2
513;4
514;3
515;1
516;0
517;0
518;1
519;0
520;2
521;2
522;0
523;0
524;1
525;1
526;0
527;0
528;0
529;0
530;0
531;0
532;1
533;0
534;0
535;0
536;1
537;0
538;0
539;0
540;0
541;0
542;1
543;0
544;0
545;1
546;0
547;1
548;0
549;1
550;0
551;0
552;0
553;0
554;0
555;0
556;0
557;0
558;0
559;0
560;0
561;0
562;0
563;0
564;0
565;0
566;0
567;0
568;0
569;0
570;0
571;0
572;0
573;0
574;0
575;0
576;0
577;0
578;0
579;0
580;0
581;0
582;0
583;0
584;0
585;0
586;0
587;0
588;0
589;0
590;0
591;0
592;0
593;0
594;0
595;0
596;0
597;0
598;0
599;0
600;0
601;0
602;0
603;0
604;0
605;0
606;0
607;0
608;0
609;0
610;0
611;0
612;0
613;0
614;0
615;0
616;0
617;0
618;0
619;0
620;0
621;0
622;0
623;0
624;0
625;0
626;0
627;0
628;0
629;0
630;0
631;0
632;0
633;0
634;0
635;0
636;0
637;0
638;0
639;0
640;0
641;0
642;0
643;0
644;0
645;0
646;0
647;0
648;0
649;0
650;0
651;0
652;0
653;0
654;0
655;0
656;0
657;0
658;0
659;0
660;0
661;0
662;0
663;0
664;0
665;0
666;0
667;0
668;0
669;0
670;0
671;0
672;0
673;0
674;0
675;0
676;0
677;0
678;0
679;0
680;0
681;0
682;0
683;0
684;0
685;0
686;0
687;0
688;0
689;0
690;0
691;0
692;0
693;0
694;0
695;0
696;0
697;0
698;0
699;0
700;0
701;0
702;0
703;0
704;0
705;0
706;0
707;0
708;0
709;0
710;0
711;0
712;0
713;0
714;0
715;0
716;0
717;0
718;0
719;0
720;0
721;0
722;0
723;0
724;0
725;0
726;0
727;0
728;0
729;0
730;0
731;0
732;0
733;0
734;0
735;0
736;0
737;0
738;0
739;0
740;0
741;0
742;0
743;0
744;0
745;0
746;0
747;0
748;0
749;0
750;0
751;0
752;0
753;0
754;0
755;0
756;0
757;0
758;0
759;0
760;0
761;0
762;0
763;0
764;0
765;0
766;0
767;0
768;0
769;0
770;0
771;0
772;0
773;0
774;0
775;0
776;0
777;0
778;0
779;0
780;0
781;0
782;0
783;0
784;0
785;0
786;0
787;0
788;0
789;0
790;0
791;0
792;0
793;0
794;0
795;0
796;0
797;0
798;0
799;0
800;0
801;0
802;0
803;0
804;0
805;0
806;0
807;0
808;0
809;0
810;0
811;0
812;0
813;0
814;0
815;0
816;0
817;0
818;0
819;0
820;0
821;0
822;0
823;0
824;0
825;0
826;0
827;0
828;0
829;0
830;0
831;0
832;0
833;0
834;0
835;0
836;0
837;0
838;0
839;0
840;0
841;0
842;0
843;0
844;0
845;0
846;0
847;0
848;0
849;0
850;0
851;0
852;0
853;0
854;0
855;0
856;0
857;0
858;0
859;0
860;0
861;0
862;0
863;0
864;0
865;0
866;0
867;0
868;0
869;0
870;0
871;0
872;0
873;0
874;0
875;0
876;0
877;0
878;0
879;0
880;0
881;0
882;0
883;0
884;0
885;0
886;0
887;0
888;0
889;0
890;0
891;0
892;0
893;0
894;0
895;0
896;0
897;0
898;0
899;0
900;0
901;0
902;0
903;0
904;0
905;0
906;0
907;0
908;0
909;0
910;0
911;0
912;0
913;0
914;0
915;0
916;0
917;0
918;0
919;0
920;0
921;0
922;0
923;0
924;0
925;0
926;0
927;0
928;0
929;0
930;0
931;0
932;0
933;0
934;0
935;0
936;0
937;0
938;0
939;0
940;0
941;0
942;0
943;0
944;0
945;0
946;0
947;0
948;0
949;0
950;0
951;0
952;0
953;0
954;0
955;0
956;0
957;0
958;0
959;0
960;0
961;0
962;0
963;0
964;0
965;0
966;0
967;0
968;0
969;0
970;0
971;0
972;0
973;0
974;0
975;0
976;0
977;0
978;0
979;0
980;0
981;0
982;0
983;0
984;0
985;0
986;0
987;0
988;0
989;0
990;0
991;0
992;0
993;0
994;0
995;0
996;0
997;0
998;0
999;0
1000;0
1001;0
1002;0
1003;0
1004;0
1005;0
1006;0
1007;0
1008;0
1009;0
1010;0
1011;0
1012;0
1013;0
1014;0
1015;0
1016;0
1017;0
1018;0
1019;0
1020;0
1021;0
1022;0
1023;0
1024;0
