L 32,p 0.589000,Z 100000
/* Tamanio de cluster; Ocurrencias de cada tamaño de cluster */
1;2045789
2;474749
3;290033
4;195102
5;136957
6;102064
7;79891
8;64975
9;53591
10;44992
11;38390
12;33493
13;29287
14;25786
15;23239
16;20694
17;18878
18;17180
19;15654
20;14407
21;13063
22;12239
23;11239
24;10411
25;9944
26;9157
27;8777
28;8216
29;7704
30;7405
31;6885
32;6706
33;6204
34;5984
35;5764
36;5379
37;5235
38;4911
39;4717
40;4378
41;4344
42;4139
43;4043
44;3891
45;3758
46;3725
47;3467
48;3334
49;3234
50;3179
51;3044
52;3062
53;2804
54;2772
55;2685
56;2708
57;2581
58;2515
59;2380
60;2293
61;2266
62;2243
63;2230
64;2050
65;2083
66;2000
67;1992
68;1892
69;1841
70;1853
71;1747
72;1760
73;1719
74;1647
75;1632
76;1601
77;1632
78;1525
79;1476
80;1552
81;1466
82;1424
83;1453
84;1386
85;1406
86;1273
87;1280
88;1258
89;1269
90;1239
91;1118
92;1131
93;1174
94;1131
95;1102
96;1050
97;1032
98;1025
99;1020
100;1092
101;1034
102;964
103;984
104;972
105;975
106;980
107;945
108;912
109;930
110;881
111;857
112;856
113;818
114;820
115;823
116;822
117;782
118;793
119;715
120;768
121;748
122;723
123;776
124;731
125;711
126;726
127;733
128;791
129;668
130;671
131;683
132;673
133;621
134;651
135;649
136;621
137;611
138;632
139;586
140;632
141;585
142;567
143;635
144;585
145;567
146;596
147;549
148;552
149;564
150;562
151;534
152;526
153;519
154;537
155;501
156;524
157;515
158;475
159;499
160;500
161;462
162;463
163;525
164;463
165;468
166;467
167;451
168;456
169;439
170;466
171;484
172;422
173;438
174;436
175;429
176;416
177;407
178;421
179;399
180;418
181;429
182;396
183;392
184;349
185;394
186;389
187;416
188;355
189;402
190;370
191;408
192;355
193;374
194;373
195;326
196;346
197;385
198;350
199;366
200;332
201;355
202;345
203;354
204;317
205;317
206;313
207;345
208;314
209;317
210;292
211;305
212;299
213;338
214;295
215;305
216;289
217;301
218;286
219;267
220;300
221;306
222;321
223;259
224;288
225;299
226;262
227;288
228;304
229;287
230;292
231;253
232;293
233;264
234;260
235;249
236;234
237;258
238;267
239;271
240;261
241;232
242;249
243;236
244;250
245;252
246;228
247;248
248;231
249;248
250;234
251;244
252;245
253;251
254;237
255;204
256;231
257;240
258;221
259;216
260;208
261;228
262;225
263;209
264;207
265;223
266;215
267;209
268;200
269;206
270;200
271;191
272;193
273;186
274;177
275;201
276;187
277;196
278;182
279;201
280;224
281;176
282;201
283;203
284;188
285;170
286;201
287;186
288;172
289;181
290;162
291;175
292;164
293;166
294;160
295;186
296;185
297;168
298;159
299;146
300;167
301;167
302;165
303;169
304;155
305;176
306;138
307;154
308;167
309;139
310;142
311;154
312;133
313;112
314;151
315;128
316;129
317;151
318;137
319;144
320;142
321;134
322;128
323;124
324;134
325;127
326;153
327;133
328;111
329;115
330;131
331;127
332;136
333;128
334;137
335;112
336;121
337;116
338;119
339;120
340;134
341;121
342;125
343;105
344;100
345;92
346;104
347;77
348;130
349;98
350;99
351;82
352;93
353;103
354;111
355;103
356;87
357;98
358;81
359;108
360;85
361;90
362;70
363;96
364;76
365;93
366;81
367;82
368;87
369;82
370;85
371;92
372;66
373;59
374;80
375;95
376;72
377;72
378;66
379;85
380;65
381;60
382;69
383;56
384;62
385;61
386;69
387;63
388;60
389;63
390;67
391;66
392;64
393;69
394;58
395;54
396;57
397;49
398;70
399;56
400;57
401;60
402;39
403;52
404;42
405;48
406;43
407;45
408;52
409;40
410;43
411;40
412;37
413;39
414;58
415;40
416;48
417;41
418;39
419;40
420;28
421;37
422;47
423;31
424;27
425;23
426;42
427;33
428;26
429;31
430;29
431;32
432;38
433;17
434;19
435;32
436;24
437;22
438;23
439;25
440;24
441;21
442;18
443;22
444;20
445;24
446;12
447;18
448;14
449;23
450;16
451;14
452;21
453;20
454;17
455;10
456;19
457;14
458;22
459;14
460;18
461;8
462;11
463;10
464;8
465;12
466;12
467;19
468;6
469;9
470;9
471;13
472;9
473;7
474;11
475;7
476;10
477;11
478;4
479;9
480;5
481;10
482;7
483;3
484;8
485;11
486;4
487;4
488;5
489;10
490;4
491;4
492;2
493;4
494;4
495;1
496;4
497;5
498;4
499;2
500;5
501;3
502;2
503;0
504;1
505;2
506;0
507;0
508;2
509;3
510;2
511;2
512;4
513;1
514;1
515;3
516;1
517;0
518;1
519;0
520;0
521;1
522;1
523;0
524;0
525;1
526;0
527;3
528;0
529;0
530;0
531;0
532;0
533;1
534;1
535;0
536;0
537;1
538;0
539;2
540;0
541;0
542;0
543;0
544;0
545;0
546;1
547;0
548;0
549;0
550;0
551;0
552;0
553;0
554;0
555;0
556;0
557;0
558;0
559;0
560;0
561;0
562;1
563;0
564;0
565;0
566;0
567;1
568;0
569;0
570;0
571;0
572;0
573;0
574;0
575;0
576;0
577;0
578;0
579;0
580;0
581;0
582;0
583;0
584;0
585;0
586;0
587;0
588;0
589;0
590;0
591;0
592;0
593;0
594;0
595;0
596;0
597;0
598;0
599;0
600;0
601;0
602;0
603;0
604;0
605;0
606;0
607;0
608;0
609;0
610;0
611;0
612;0
613;0
614;0
615;0
616;0
617;0
618;0
619;0
620;0
621;0
622;0
623;0
624;0
625;0
626;0
627;0
628;0
629;0
630;0
631;0
632;0
633;0
634;0
635;0
636;0
637;0
638;0
639;0
640;0
641;0
642;0
643;0
644;0
645;0
646;0
647;0
648;0
649;0
650;0
651;0
652;0
653;0
654;0
655;0
656;0
657;0
658;0
659;0
660;0
661;0
662;0
663;0
664;0
665;0
666;0
667;0
668;0
669;0
670;0
671;0
672;0
673;0
674;0
675;0
676;0
677;0
678;0
679;0
680;0
681;0
682;0
683;0
684;0
685;0
686;0
687;0
688;0
689;0
690;0
691;0
692;0
693;0
694;0
695;0
696;0
697;0
698;0
699;0
700;0
701;0
702;0
703;0
704;0
705;0
706;0
707;0
708;0
709;0
710;0
711;0
712;0
713;0
714;0
715;0
716;0
717;0
718;0
719;0
720;0
721;0
722;0
723;0
724;0
725;0
726;0
727;0
728;0
729;0
730;0
731;0
732;0
733;0
734;0
735;0
736;0
737;0
738;0
739;0
740;0
741;0
742;0
743;0
744;0
745;0
746;0
747;0
748;0
749;0
750;0
751;0
752;0
753;0
754;0
755;0
756;0
757;0
758;0
759;0
760;0
761;0
762;0
763;0
764;0
765;0
766;0
767;0
768;0
769;0
770;0
771;0
772;0
773;0
774;0
775;0
776;0
777;0
778;0
779;0
780;0
781;0
782;0
783;0
784;0
785;0
786;0
787;0
788;0
789;0
790;0
791;0
792;0
793;0
794;0
795;0
796;0
797;0
798;0
799;0
800;0
801;0
802;0
803;0
804;0
805;0
806;0
807;0
808;0
809;0
810;0
811;0
812;0
813;0
814;0
815;0
816;0
817;0
818;0
819;0
820;0
821;0
822;0
823;0
824;0
825;0
826;0
827;0
828;0
829;0
830;0
831;0
832;0
833;0
834;0
835;0
836;0
837;0
838;0
839;0
840;0
841;0
842;0
843;0
844;0
845;0
846;0
847;0
848;0
849;0
850;0
851;0
852;0
853;0
854;0
855;0
856;0
857;0
858;0
859;0
860;0
861;0
862;0
863;0
864;0
865;0
866;0
867;0
868;0
869;0
870;0
871;0
872;0
873;0
874;0
875;0
876;0
877;0
878;0
879;0
880;0
881;0
882;0
883;0
884;0
885;0
886;0
887;0
888;0
889;0
890;0
891;0
892;0
893;0
894;0
895;0
896;0
897;0
898;0
899;0
900;0
901;0
902;0
903;0
904;0
905;0
906;0
907;0
908;0
909;0
910;0
911;0
912;0
913;0
914;0
915;0
916;0
917;0
918;0
919;0
920;0
921;0
922;0
923;0
924;0
925;0
926;0
927;0
928;0
929;0
930;0
931;0
932;0
933;0
934;0
935;0
936;0
937;0
938;0
939;0
940;0
941;0
942;0
943;0
944;0
945;0
946;0
947;0
948;0
949;0
950;0
951;0
952;0
953;0
954;0
955;0
956;0
957;0
958;0
959;0
960;0
961;0
962;0
963;0
964;0
965;0
966;0
967;0
968;0
969;0
970;0
971;0
972;0
973;0
974;0
975;0
976;0
977;0
978;0
979;0
980;0
981;0
982;0
983;0
984;0
985;0
986;0
987;0
988;0
989;0
990;0
991;0
992;0
993;0
994;0
995;0
996;0
997;0
998;0
999;0
1000;0
1001;0
1002;0
1003;0
1004;0
1005;0
1006;0
1007;0
1008;0
1009;0
1010;0
1011;0
1012;0
1013;0
1014;0
1015;0
1016;0
1017;0
1018;0
1019;0
1020;0
1021;0
1022;0
1023;0
1024;0
