L 32,p 0.589600,Z 100000
/* Tamanio de cluster; Ocurrencias de cada tamaño de cluster */
1;2033502
2;471211
3;288826
4;194385
5;136511
6;101620
7;79497
8;64188
9;53521
10;44994
11;38450
12;33068
13;29287
14;25549
15;22954
16;20548
17;18794
18;17234
19;15553
20;14168
21;12908
22;12205
23;11077
24;10603
25;9768
26;9317
27;8731
28;8325
29;7642
30;7101
31;6787
32;6576
33;6262
34;5854
35;5600
36;5367
37;5070
38;4827
39;4719
40;4568
41;4268
42;4123
43;4034
44;3849
45;3842
46;3578
47;3467
48;3320
49;3427
50;3233
51;3075
52;2882
53;2827
54;2787
55;2663
56;2604
57;2555
58;2462
59;2421
60;2401
61;2305
62;2131
63;2114
64;2062
65;2091
66;1962
67;1986
68;1898
69;1785
70;1862
71;1823
72;1800
73;1672
74;1641
75;1609
76;1665
77;1508
78;1594
79;1489
80;1598
81;1551
82;1444
83;1369
84;1361
85;1339
86;1287
87;1198
88;1252
89;1206
90;1196
91;1209
92;1175
93;1176
94;1144
95;1126
96;1126
97;1064
98;1064
99;1013
100;963
101;999
102;1037
103;1025
104;966
105;955
106;914
107;924
108;869
109;867
110;875
111;860
112;847
113;833
114;875
115;779
116;735
117;780
118;790
119;731
120;753
121;781
122;738
123;747
124;753
125;694
126;707
127;708
128;692
129;663
130;676
131;682
132;647
133;652
134;577
135;636
136;646
137;613
138;622
139;602
140;603
141;587
142;577
143;594
144;578
145;586
146;525
147;533
148;549
149;528
150;499
151;530
152;531
153;512
154;569
155;530
156;473
157;526
158;464
159;494
160;473
161;477
162;488
163;458
164;473
165;457
166;448
167;494
168;433
169;434
170;422
171;440
172;419
173;472
174;400
175;437
176;397
177;420
178;421
179;376
180;383
181;426
182;370
183;396
184;368
185;398
186;398
187;417
188;367
189;373
190;382
191;337
192;354
193;340
194;373
195;371
196;307
197;310
198;382
199;338
200;338
201;378
202;341
203;343
204;303
205;319
206;348
207;255
208;286
209;297
210;321
211;318
212;284
213;300
214;292
215;295
216;333
217;288
218;278
219;286
220;311
221;298
222;273
223;293
224;310
225;278
226;275
227;291
228;286
229;254
230;269
231;238
232;283
233;238
234;257
235;286
236;254
237;271
238;249
239;229
240;240
241;258
242;212
243;235
244;237
245;247
246;227
247;221
248;250
249;226
250;258
251;215
252;239
253;218
254;217
255;213
256;233
257;230
258;226
259;236
260;208
261;219
262;207
263;201
264;220
265;220
266;207
267;202
268;202
269;207
270;203
271;203
272;208
273;187
274;173
275;186
276;197
277;197
278;200
279;216
280;171
281;191
282;172
283;195
284;186
285;161
286;173
287;160
288;162
289;167
290;157
291;174
292;166
293;168
294;183
295;162
296;164
297;170
298;164
299;173
300;153
301;176
302;151
303;164
304;163
305;167
306;149
307;164
308;146
309;143
310;146
311;157
312;152
313;143
314;164
315;153
316;127
317;144
318;148
319;135
320;152
321;128
322;140
323;134
324;132
325;140
326;144
327;120
328;131
329;139
330;119
331;136
332;102
333;107
334;142
335;104
336;125
337;131
338;109
339;121
340;93
341;122
342;115
343;111
344;125
345;107
346;117
347;96
348;104
349;104
350;96
351;108
352;105
353;101
354;89
355;92
356;95
357;99
358;112
359;100
360;96
361;80
362;95
363;93
364;71
365;102
366;86
367;64
368;94
369;78
370;69
371;67
372;58
373;76
374;93
375;76
376;89
377;70
378;78
379;80
380;69
381;80
382;69
383;63
384;63
385;68
386;61
387;59
388;65
389;63
390;52
391;53
392;72
393;41
394;59
395;69
396;58
397;48
398;45
399;50
400;54
401;43
402;53
403;51
404;58
405;48
406;39
407;42
408;38
409;48
410;51
411;42
412;43
413;44
414;34
415;48
416;46
417;37
418;47
419;39
420;35
421;46
422;46
423;34
424;30
425;34
426;32
427;33
428;28
429;34
430;29
431;22
432;24
433;22
434;23
435;25
436;23
437;25
438;18
439;30
440;29
441;21
442;24
443;19
444;20
445;26
446;13
447;18
448;20
449;15
450;25
451;22
452;15
453;19
454;14
455;20
456;15
457;23
458;14
459;18
460;14
461;12
462;10
463;17
464;10
465;8
466;6
467;17
468;8
469;6
470;7
471;8
472;10
473;5
474;5
475;6
476;11
477;7
478;12
479;9
480;5
481;6
482;6
483;5
484;8
485;3
486;9
487;5
488;7
489;5
490;1
491;4
492;1
493;2
494;2
495;5
496;4
497;2
498;3
499;2
500;3
501;4
502;7
503;1
504;2
505;5
506;1
507;1
508;0
509;1
510;5
511;0
512;1
513;1
514;5
515;3
516;4
517;4
518;3
519;0
520;1
521;0
522;0
523;0
524;0
525;0
526;0
527;0
528;0
529;0
530;1
531;1
532;0
533;0
534;0
535;0
536;0
537;1
538;0
539;1
540;0
541;0
542;0
543;0
544;0
545;0
546;0
547;0
548;0
549;0
550;0
551;0
552;0
553;0
554;0
555;0
556;0
557;0
558;0
559;0
560;0
561;0
562;0
563;0
564;0
565;0
566;0
567;0
568;0
569;0
570;0
571;0
572;0
573;0
574;0
575;0
576;0
577;0
578;0
579;0
580;0
581;0
582;0
583;0
584;0
585;0
586;0
587;0
588;0
589;0
590;0
591;0
592;0
593;0
594;0
595;0
596;0
597;0
598;0
599;0
600;0
601;0
602;0
603;0
604;0
605;0
606;0
607;0
608;0
609;0
610;0
611;0
612;0
613;0
614;0
615;0
616;0
617;0
618;0
619;0
620;0
621;0
622;0
623;0
624;0
625;0
626;0
627;0
628;0
629;0
630;0
631;0
632;0
633;0
634;0
635;0
636;0
637;0
638;0
639;0
640;0
641;0
642;0
643;0
644;0
645;0
646;0
647;0
648;0
649;0
650;0
651;0
652;0
653;0
654;0
655;0
656;0
657;0
658;0
659;0
660;0
661;0
662;0
663;0
664;0
665;0
666;0
667;0
668;0
669;0
670;0
671;0
672;0
673;0
674;0
675;0
676;0
677;0
678;0
679;0
680;0
681;0
682;0
683;0
684;0
685;0
686;0
687;0
688;0
689;0
690;0
691;0
692;0
693;0
694;0
695;0
696;0
697;0
698;0
699;0
700;0
701;0
702;0
703;0
704;0
705;0
706;0
707;0
708;0
709;0
710;0
711;0
712;0
713;0
714;0
715;0
716;0
717;0
718;0
719;0
720;0
721;0
722;0
723;0
724;0
725;0
726;0
727;0
728;0
729;0
730;0
731;0
732;0
733;0
734;0
735;0
736;0
737;0
738;0
739;0
740;0
741;0
742;0
743;0
744;0
745;0
746;0
747;0
748;0
749;0
750;0
751;0
752;0
753;0
754;0
755;0
756;0
757;0
758;0
759;0
760;0
761;0
762;0
763;0
764;0
765;0
766;0
767;0
768;0
769;0
770;0
771;0
772;0
773;0
774;0
775;0
776;0
777;0
778;0
779;0
780;0
781;0
782;0
783;0
784;0
785;0
786;0
787;0
788;0
789;0
790;0
791;0
792;0
793;0
794;0
795;0
796;0
797;0
798;0
799;0
800;0
801;0
802;0
803;0
804;0
805;0
806;0
807;0
808;0
809;0
810;0
811;0
812;0
813;0
814;0
815;0
816;0
817;0
818;0
819;0
820;0
821;0
822;0
823;0
824;0
825;0
826;0
827;0
828;0
829;0
830;0
831;0
832;0
833;0
834;0
835;0
836;0
837;0
838;0
839;0
840;0
841;0
842;0
843;0
844;0
845;0
846;0
847;0
848;0
849;0
850;0
851;0
852;0
853;0
854;0
855;0
856;0
857;0
858;0
859;0
860;0
861;0
862;0
863;0
864;0
865;0
866;0
867;0
868;0
869;0
870;0
871;0
872;0
873;0
874;0
875;0
876;0
877;0
878;0
879;0
880;0
881;0
882;0
883;0
884;0
885;0
886;0
887;0
888;0
889;0
890;0
891;0
892;0
893;0
894;0
895;0
896;0
897;0
898;0
899;0
900;0
901;0
902;0
903;0
904;0
905;0
906;0
907;0
908;0
909;0
910;0
911;0
912;0
913;0
914;0
915;0
916;0
917;0
918;0
919;0
920;0
921;0
922;0
923;0
924;0
925;0
926;0
927;0
928;0
929;0
930;0
931;0
932;0
933;0
934;0
935;0
936;0
937;0
938;0
939;0
940;0
941;0
942;0
943;0
944;0
945;0
946;0
947;0
948;0
949;0
950;0
951;0
952;0
953;0
954;0
955;0
956;0
957;0
958;0
959;0
960;0
961;0
962;0
963;0
964;0
965;0
966;0
967;0
968;0
969;0
970;0
971;0
972;0
973;0
974;0
975;0
976;0
977;0
978;0
979;0
980;0
981;0
982;0
983;0
984;0
985;0
986;0
987;0
988;0
989;0
990;0
991;0
992;0
993;0
994;0
995;0
996;0
997;0
998;0
999;0
1000;0
1001;0
1002;0
1003;0
1004;0
1005;0
1006;0
1007;0
1008;0
1009;0
1010;0
1011;0
1012;0
1013;0
1014;0
1015;0
1016;0
1017;0
1018;0
1019;0
1020;0
1021;0
1022;0
1023;0
1024;0
