L 32,p 0.583500,Z 100000
/* Tamanio de cluster; Ocurrencias de cada tamaño de cluster */
1;2126061
2;498657
3;306165
4;206872
5;145935
6;108386
7;85654
8;69368
9;57668
10;48105
11;41090
12;35965
13;31616
14;28084
15;24910
16;22477
17;20285
18;18426
19;16656
20;15527
21;14329
22;13357
23;12021
24;11416
25;10818
26;9991
27;9505
28;8849
29;8408
30;7916
31;7638
32;7087
33;6758
34;6343
35;6088
36;6017
37;5634
38;5452
39;5128
40;5029
41;4676
42;4566
43;4376
44;4186
45;4133
46;3943
47;3820
48;3676
49;3526
50;3424
51;3283
52;3159
53;3121
54;2989
55;2976
56;2887
57;2776
58;2673
59;2633
60;2606
61;2404
62;2374
63;2339
64;2326
65;2190
66;2177
67;2110
68;2118
69;2037
70;2015
71;1962
72;1945
73;1830
74;1793
75;1804
76;1782
77;1781
78;1665
79;1591
80;1586
81;1657
82;1442
83;1541
84;1440
85;1487
86;1442
87;1431
88;1339
89;1373
90;1345
91;1286
92;1290
93;1240
94;1194
95;1173
96;1156
97;1178
98;1140
99;1134
100;1154
101;1160
102;1138
103;1075
104;1004
105;1066
106;1046
107;973
108;1031
109;979
110;967
111;936
112;951
113;893
114;913
115;966
116;846
117;888
118;919
119;840
120;852
121;827
122;816
123;813
124;761
125;788
126;776
127;766
128;783
129;772
130;712
131;726
132;702
133;689
134;687
135;710
136;719
137;737
138;668
139;684
140;594
141;631
142;583
143;624
144;671
145;677
146;613
147;595
148;636
149;583
150;576
151;565
152;634
153;510
154;539
155;536
156;590
157;542
158;520
159;495
160;507
161;514
162;538
163;490
164;527
165;503
166;474
167;509
168;491
169;500
170;454
171;486
172;472
173;448
174;428
175;458
176;475
177;464
178;456
179;404
180;423
181;416
182;406
183;399
184;407
185;396
186;406
187;444
188;396
189;377
190;418
191;388
192;413
193;371
194;376
195;359
196;407
197;412
198;405
199;370
200;399
201;346
202;381
203;372
204;326
205;369
206;359
207;361
208;326
209;367
210;316
211;327
212;319
213;293
214;310
215;289
216;363
217;294
218;311
219;318
220;290
221;319
222;313
223;298
224;302
225;297
226;284
227;280
228;273
229;280
230;252
231;288
232;284
233;277
234;281
235;279
236;269
237;279
238;265
239;277
240;261
241;276
242;287
243;244
244;230
245;252
246;257
247;250
248;254
249;232
250;221
251;251
252;226
253;217
254;266
255;247
256;241
257;224
258;232
259;224
260;209
261;223
262;236
263;240
264;196
265;209
266;213
267;219
268;215
269;227
270;184
271;197
272;203
273;210
274;210
275;196
276;197
277;178
278;206
279;188
280;174
281;187
282;176
283;185
284;179
285;196
286;184
287;192
288;189
289;161
290;170
291;170
292;173
293;164
294;177
295;190
296;181
297;165
298;160
299;177
300;178
301;157
302;138
303;174
304;158
305;167
306;147
307;139
308;165
309;160
310;130
311;149
312;121
313;140
314;149
315;142
316;125
317;158
318;152
319;139
320;146
321;145
322;136
323;115
324;119
325;134
326;106
327;116
328;129
329;137
330;108
331;115
332;121
333;124
334;123
335;112
336;116
337;117
338;113
339;113
340;103
341;102
342;111
343;109
344;104
345;92
346;105
347;98
348;101
349;85
350;113
351;121
352;102
353;108
354;93
355;95
356;75
357;94
358;106
359;85
360;79
361;84
362;91
363;84
364;76
365;77
366;83
367;69
368;83
369;68
370;72
371;65
372;82
373;76
374;83
375;72
376;68
377;56
378;70
379;67
380;66
381;79
382;59
383;80
384;55
385;62
386;56
387;58
388;78
389;62
390;42
391;54
392;64
393;42
394;52
395;51
396;41
397;47
398;58
399;53
400;46
401;41
402;46
403;40
404;36
405;46
406;37
407;40
408;39
409;23
410;35
411;25
412;31
413;37
414;24
415;28
416;32
417;20
418;35
419;37
420;27
421;29
422;30
423;35
424;21
425;19
426;22
427;27
428;25
429;33
430;28
431;22
432;19
433;25
434;25
435;26
436;20
437;15
438;21
439;15
440;15
441;13
442;20
443;9
444;14
445;26
446;16
447;15
448;12
449;14
450;15
451;13
452;13
453;15
454;11
455;15
456;11
457;9
458;6
459;15
460;11
461;8
462;9
463;4
464;8
465;8
466;9
467;8
468;5
469;5
470;7
471;9
472;5
473;11
474;9
475;7
476;6
477;8
478;7
479;5
480;5
481;5
482;3
483;4
484;3
485;4
486;2
487;1
488;7
489;3
490;2
491;4
492;1
493;4
494;1
495;4
496;3
497;4
498;1
499;2
500;3
501;2
502;1
503;1
504;2
505;1
506;3
507;3
508;2
509;1
510;1
511;5
512;0
513;3
514;1
515;0
516;0
517;1
518;0
519;0
520;2
521;1
522;0
523;2
524;1
525;0
526;0
527;0
528;1
529;0
530;0
531;0
532;0
533;0
534;0
535;1
536;0
537;0
538;2
539;0
540;0
541;1
542;0
543;1
544;1
545;1
546;0
547;0
548;0
549;0
550;0
551;0
552;0
553;0
554;0
555;0
556;0
557;0
558;0
559;0
560;0
561;0
562;0
563;0
564;0
565;0
566;0
567;0
568;0
569;0
570;0
571;0
572;0
573;0
574;0
575;0
576;0
577;0
578;0
579;0
580;0
581;0
582;0
583;0
584;0
585;0
586;0
587;0
588;0
589;0
590;0
591;0
592;0
593;0
594;0
595;0
596;0
597;0
598;0
599;0
600;0
601;0
602;0
603;0
604;0
605;0
606;0
607;0
608;0
609;0
610;0
611;0
612;0
613;0
614;0
615;0
616;0
617;0
618;0
619;0
620;0
621;0
622;0
623;0
624;0
625;0
626;0
627;0
628;0
629;0
630;0
631;0
632;0
633;0
634;0
635;0
636;0
637;0
638;0
639;0
640;0
641;0
642;0
643;0
644;0
645;0
646;0
647;0
648;0
649;0
650;0
651;0
652;0
653;0
654;0
655;0
656;0
657;0
658;0
659;0
660;0
661;0
662;0
663;0
664;0
665;0
666;0
667;0
668;0
669;0
670;0
671;0
672;0
673;0
674;0
675;0
676;0
677;0
678;0
679;0
680;0
681;0
682;0
683;0
684;0
685;0
686;0
687;0
688;0
689;0
690;0
691;0
692;0
693;0
694;0
695;0
696;0
697;0
698;0
699;0
700;0
701;0
702;0
703;0
704;0
705;0
706;0
707;0
708;0
709;0
710;0
711;0
712;0
713;0
714;0
715;0
716;0
717;0
718;0
719;0
720;0
721;0
722;0
723;0
724;0
725;0
726;0
727;0
728;0
729;0
730;0
731;0
732;0
733;0
734;0
735;0
736;0
737;0
738;0
739;0
740;0
741;0
742;0
743;0
744;0
745;0
746;0
747;0
748;0
749;0
750;0
751;0
752;0
753;0
754;0
755;0
756;0
757;0
758;0
759;0
760;0
761;0
762;0
763;0
764;0
765;0
766;0
767;0
768;0
769;0
770;0
771;0
772;0
773;0
774;0
775;0
776;0
777;0
778;0
779;0
780;0
781;0
782;0
783;0
784;0
785;0
786;0
787;0
788;0
789;0
790;0
791;0
792;0
793;0
794;0
795;0
796;0
797;0
798;0
799;0
800;0
801;0
802;0
803;0
804;0
805;0
806;0
807;0
808;0
809;0
810;0
811;0
812;0
813;0
814;0
815;0
816;0
817;0
818;0
819;0
820;0
821;0
822;0
823;0
824;0
825;0
826;0
827;0
828;0
829;0
830;0
831;0
832;0
833;0
834;0
835;0
836;0
837;0
838;0
839;0
840;0
841;0
842;0
843;0
844;0
845;0
846;0
847;0
848;0
849;0
850;0
851;0
852;0
853;0
854;0
855;0
856;0
857;0
858;0
859;0
860;0
861;0
862;0
863;0
864;0
865;0
866;0
867;0
868;0
869;0
870;0
871;0
872;0
873;0
874;0
875;0
876;0
877;0
878;0
879;0
880;0
881;0
882;0
883;0
884;0
885;0
886;0
887;0
888;0
889;0
890;0
891;0
892;0
893;0
894;0
895;0
896;0
897;0
898;0
899;0
900;0
901;0
902;0
903;0
904;0
905;0
906;0
907;0
908;0
909;0
910;0
911;0
912;0
913;0
914;0
915;0
916;0
917;0
918;0
919;0
920;0
921;0
922;0
923;0
924;0
925;0
926;0
927;0
928;0
929;0
930;0
931;0
932;0
933;0
934;0
935;0
936;0
937;0
938;0
939;0
940;0
941;0
942;0
943;0
944;0
945;0
946;0
947;0
948;0
949;0
950;0
951;0
952;0
953;0
954;0
955;0
956;0
957;0
958;0
959;0
960;0
961;0
962;0
963;0
964;0
965;0
966;0
967;0
968;0
969;0
970;0
971;0
972;0
973;0
974;0
975;0
976;0
977;0
978;0
979;0
980;0
981;0
982;0
983;0
984;0
985;0
986;0
987;0
988;0
989;0
990;0
991;0
992;0
993;0
994;0
995;0
996;0
997;0
998;0
999;0
1000;0
1001;0
1002;0
1003;0
1004;0
1005;0
1006;0
1007;0
1008;0
1009;0
1010;0
1011;0
1012;0
1013;0
1014;0
1015;0
1016;0
1017;0
1018;0
1019;0
1020;0
1021;0
1022;0
1023;0
1024;0
