L 32,p 0.592500,Z 100000
/* Tamanio de cluster; Ocurrencias de cada tamaño de cluster */
1;1991387
2;457414
3;279872
4;188093
5;132049
6;97616
7;76588
8;62096
9;51541
10;43021
11;37162
12;32107
13;28118
14;24630
15;22006
16;19602
17;17835
18;16219
19;14904
20;13589
21;12438
22;11685
23;10779
24;9925
25;9307
26;8854
27;8360
28;7692
29;7368
30;6969
31;6569
32;6255
33;6005
34;5643
35;5349
36;5069
37;4948
38;4686
39;4406
40;4197
41;4067
42;3991
43;3840
44;3647
45;3640
46;3425
47;3285
48;3032
49;3089
50;2969
51;2870
52;2752
53;2659
54;2644
55;2461
56;2576
57;2419
58;2272
59;2219
60;2230
61;2187
62;2069
63;2058
64;1999
65;1933
66;1852
67;1840
68;1851
69;1774
70;1628
71;1715
72;1719
73;1642
74;1534
75;1611
76;1518
77;1458
78;1392
79;1381
80;1415
81;1374
82;1401
83;1306
84;1313
85;1252
86;1278
87;1177
88;1148
89;1197
90;1139
91;1153
92;1127
93;1063
94;1069
95;1058
96;1023
97;990
98;1013
99;989
100;939
101;971
102;937
103;958
104;934
105;857
106;882
107;858
108;861
109;883
110;808
111;831
112;802
113;832
114;854
115;820
116;757
117;705
118;817
119;797
120;752
121;716
122;724
123;716
124;692
125;677
126;699
127;609
128;650
129;685
130;589
131;668
132;645
133;594
134;592
135;554
136;594
137;632
138;611
139;574
140;567
141;559
142;548
143;574
144;590
145;545
146;507
147;559
148;503
149;489
150;522
151;507
152;502
153;494
154;508
155;495
156;464
157;471
158;450
159;457
160;476
161;447
162;443
163;466
164;437
165;424
166;415
167;435
168;399
169;459
170;426
171;415
172;441
173;391
174;367
175;435
176;404
177;374
178;396
179;364
180;393
181;395
182;399
183;396
184;355
185;379
186;384
187;381
188;368
189;295
190;349
191;361
192;373
193;359
194;293
195;325
196;340
197;362
198;337
199;324
200;327
201;333
202;311
203;300
204;338
205;336
206;318
207;309
208;309
209;303
210;289
211;305
212;300
213;309
214;283
215;282
216;318
217;279
218;274
219;270
220;324
221;282
222;269
223;280
224;270
225;244
226;265
227;280
228;260
229;266
230;263
231;263
232;269
233;232
234;251
235;231
236;242
237;257
238;241
239;259
240;245
241;259
242;221
243;261
244;234
245;245
246;205
247;227
248;228
249;227
250;236
251;235
252;220
253;246
254;228
255;195
256;213
257;235
258;224
259;220
260;198
261;216
262;229
263;213
264;232
265;206
266;192
267;201
268;188
269;162
270;214
271;200
272;220
273;205
274;180
275;208
276;175
277;177
278;182
279;186
280;185
281;196
282;172
283;175
284;184
285;192
286;157
287;151
288;163
289;171
290;186
291;169
292;184
293;169
294;163
295;195
296;177
297;168
298;153
299;154
300;161
301;150
302;157
303;156
304;160
305;136
306;148
307;131
308;137
309;163
310;145
311;159
312;146
313;152
314;171
315;119
316;132
317;134
318;151
319;147
320;142
321;129
322;150
323;114
324;135
325;137
326;135
327;126
328;127
329;126
330;91
331;112
332;129
333;131
334;128
335;131
336;123
337;126
338;147
339;100
340;131
341;128
342;117
343;126
344;85
345;121
346;117
347;114
348;109
349;85
350;130
351;112
352;109
353;125
354;83
355;94
356;88
357;94
358;85
359;78
360;100
361;90
362;105
363;82
364;93
365;89
366;94
367;97
368;85
369;87
370;80
371;88
372;96
373;91
374;74
375;96
376;77
377;69
378;79
379;64
380;69
381;87
382;79
383;75
384;75
385;71
386;71
387;78
388;70
389;52
390;68
391;59
392;56
393;68
394;65
395;74
396;71
397;65
398;74
399;69
400;58
401;59
402;56
403;60
404;50
405;40
406;48
407;44
408;49
409;53
410;43
411;47
412;56
413;44
414;38
415;44
416;37
417;42
418;42
419;51
420;42
421;43
422;41
423;49
424;30
425;38
426;34
427;30
428;32
429;25
430;39
431;27
432;32
433;20
434;40
435;27
436;37
437;31
438;34
439;28
440;20
441;30
442;24
443;22
444;16
445;17
446;30
447;23
448;24
449;21
450;23
451;21
452;17
453;27
454;21
455;13
456;18
457;17
458;16
459;21
460;22
461;9
462;15
463;18
464;6
465;12
466;9
467;14
468;20
469;9
470;18
471;7
472;16
473;9
474;11
475;10
476;6
477;8
478;5
479;6
480;5
481;10
482;7
483;9
484;8
485;10
486;6
487;5
488;5
489;7
490;6
491;7
492;4
493;7
494;4
495;1
496;6
497;2
498;2
499;5
500;4
501;4
502;6
503;2
504;2
505;2
506;2
507;2
508;7
509;2
510;1
511;3
512;5
513;2
514;6
515;1
516;2
517;1
518;0
519;0
520;2
521;1
522;0
523;2
524;1
525;1
526;0
527;1
528;0
529;1
530;1
531;3
532;0
533;2
534;0
535;0
536;1
537;2
538;0
539;1
540;0
541;0
542;1
543;0
544;3
545;0
546;0
547;1
548;0
549;0
550;0
551;0
552;0
553;0
554;0
555;1
556;0
557;0
558;0
559;0
560;0
561;0
562;0
563;0
564;0
565;0
566;0
567;0
568;0
569;0
570;0
571;0
572;0
573;0
574;0
575;0
576;0
577;0
578;0
579;0
580;0
581;0
582;0
583;0
584;0
585;0
586;0
587;0
588;0
589;0
590;0
591;0
592;0
593;0
594;0
595;0
596;0
597;0
598;0
599;0
600;0
601;0
602;0
603;0
604;0
605;0
606;0
607;0
608;0
609;0
610;0
611;0
612;0
613;0
614;0
615;0
616;0
617;0
618;0
619;0
620;0
621;0
622;0
623;0
624;0
625;0
626;0
627;0
628;0
629;0
630;0
631;0
632;0
633;0
634;0
635;0
636;0
637;0
638;0
639;0
640;0
641;0
642;0
643;0
644;0
645;0
646;0
647;0
648;0
649;0
650;0
651;0
652;0
653;0
654;0
655;0
656;0
657;0
658;0
659;0
660;0
661;0
662;0
663;0
664;0
665;0
666;0
667;0
668;0
669;0
670;0
671;0
672;0
673;0
674;0
675;0
676;0
677;0
678;0
679;0
680;0
681;0
682;0
683;0
684;0
685;0
686;0
687;0
688;0
689;0
690;0
691;0
692;0
693;0
694;0
695;0
696;0
697;0
698;0
699;0
700;0
701;0
702;0
703;0
704;0
705;0
706;0
707;0
708;0
709;0
710;0
711;0
712;0
713;0
714;0
715;0
716;0
717;0
718;0
719;0
720;0
721;0
722;0
723;0
724;0
725;0
726;0
727;0
728;0
729;0
730;0
731;0
732;0
733;0
734;0
735;0
736;0
737;0
738;0
739;0
740;0
741;0
742;0
743;0
744;0
745;0
746;0
747;0
748;0
749;0
750;0
751;0
752;0
753;0
754;0
755;0
756;0
757;0
758;0
759;0
760;0
761;0
762;0
763;0
764;0
765;0
766;0
767;0
768;0
769;0
770;0
771;0
772;0
773;0
774;0
775;0
776;0
777;0
778;0
779;0
780;0
781;0
782;0
783;0
784;0
785;0
786;0
787;0
788;0
789;0
790;0
791;0
792;0
793;0
794;0
795;0
796;0
797;0
798;0
799;0
800;0
801;0
802;0
803;0
804;0
805;0
806;0
807;0
808;0
809;0
810;0
811;0
812;0
813;0
814;0
815;0
816;0
817;0
818;0
819;0
820;0
821;0
822;0
823;0
824;0
825;0
826;0
827;0
828;0
829;0
830;0
831;0
832;0
833;0
834;0
835;0
836;0
837;0
838;0
839;0
840;0
841;0
842;0
843;0
844;0
845;0
846;0
847;0
848;0
849;0
850;0
851;0
852;0
853;0
854;0
855;0
856;0
857;0
858;0
859;0
860;0
861;0
862;0
863;0
864;0
865;0
866;0
867;0
868;0
869;0
870;0
871;0
872;0
873;0
874;0
875;0
876;0
877;0
878;0
879;0
880;0
881;0
882;0
883;0
884;0
885;0
886;0
887;0
888;0
889;0
890;0
891;0
892;0
893;0
894;0
895;0
896;0
897;0
898;0
899;0
900;0
901;0
902;0
903;0
904;0
905;0
906;0
907;0
908;0
909;0
910;0
911;0
912;0
913;0
914;0
915;0
916;0
917;0
918;0
919;0
920;0
921;0
922;0
923;0
924;0
925;0
926;0
927;0
928;0
929;0
930;0
931;0
932;0
933;0
934;0
935;0
936;0
937;0
938;0
939;0
940;0
941;0
942;0
943;0
944;0
945;0
946;0
947;0
948;0
949;0
950;0
951;0
952;0
953;0
954;0
955;0
956;0
957;0
958;0
959;0
960;0
961;0
962;0
963;0
964;0
965;0
966;0
967;0
968;0
969;0
970;0
971;0
972;0
973;0
974;0
975;0
976;0
977;0
978;0
979;0
980;0
981;0
982;0
983;0
984;0
985;0
986;0
987;0
988;0
989;0
990;0
991;0
992;0
993;0
994;0
995;0
996;0
997;0
998;0
999;0
1000;0
1001;0
1002;0
1003;0
1004;0
1005;0
1006;0
1007;0
1008;0
1009;0
1010;0
1011;0
1012;0
1013;0
1014;0
1015;0
1016;0
1017;0
1018;0
1019;0
1020;0
1021;0
1022;0
1023;0
1024;0
