L 32,p 0.591200,Z 100000
/* Tamanio de cluster; Ocurrencias de cada tamaño de cluster */
1;2009954
2;463573
3;283729
4;190331
5;134235
6;99725
7;78235
8;63533
9;51998
10;43645
11;37491
12;32454
13;28738
14;24980
15;22236
16;20348
17;18232
18;16605
19;15123
20;13841
21;12769
22;11996
23;10932
24;10231
25;9498
26;8922
27;8413
28;7908
29;7519
30;7009
31;6785
32;6303
33;6011
34;5864
35;5490
36;5174
37;4933
38;4716
39;4720
40;4300
41;4209
42;4049
43;3842
44;3827
45;3619
46;3477
47;3363
48;3182
49;3134
50;2915
51;2996
52;2791
53;2837
54;2771
55;2541
56;2564
57;2477
58;2424
59;2280
60;2241
61;2176
62;2163
63;2113
64;2097
65;1917
66;2013
67;1933
68;1850
69;1821
70;1694
71;1728
72;1592
73;1611
74;1588
75;1634
76;1486
77;1528
78;1469
79;1441
80;1377
81;1384
82;1348
83;1370
84;1375
85;1238
86;1288
87;1230
88;1200
89;1127
90;1192
91;1157
92;1180
93;1051
94;1088
95;1116
96;1040
97;1019
98;1048
99;1039
100;964
101;1008
102;965
103;907
104;921
105;943
106;992
107;862
108;857
109;827
110;898
111;873
112;848
113;849
114;809
115;783
116;806
117;819
118;782
119;757
120;750
121;763
122;734
123;749
124;699
125;676
126;717
127;644
128;695
129;692
130;631
131;667
132;713
133;642
134;635
135;559
136;641
137;598
138;597
139;590
140;597
141;541
142;542
143;562
144;563
145;504
146;562
147;548
148;506
149;527
150;522
151;520
152;520
153;472
154;508
155;456
156;526
157;491
158;523
159;494
160;453
161;501
162;471
163;463
164;478
165;476
166;454
167;441
168;432
169;438
170;442
171;448
172;411
173;413
174;427
175;435
176;417
177;383
178;397
179;377
180;390
181;372
182;411
183;348
184;414
185;356
186;404
187;384
188;383
189;431
190;328
191;338
192;361
193;334
194;383
195;326
196;356
197;349
198;346
199;344
200;325
201;332
202;334
203;343
204;298
205;307
206;317
207;316
208;327
209;318
210;311
211;327
212;280
213;322
214;256
215;304
216;292
217;298
218;294
219;270
220;298
221;272
222;280
223;255
224;304
225;275
226;288
227;215
228;232
229;269
230;270
231;245
232;268
233;220
234;276
235;238
236;271
237;256
238;256
239;215
240;246
241;242
242;239
243;254
244;251
245;232
246;237
247;223
248;232
249;220
250;217
251;258
252;270
253;241
254;235
255;218
256;230
257;231
258;230
259;194
260;213
261;216
262;202
263;197
264;220
265;203
266;205
267;210
268;195
269;189
270;209
271;232
272;176
273;198
274;204
275;198
276;186
277;201
278;201
279;181
280;170
281;190
282;182
283;177
284;178
285;210
286;197
287;178
288;143
289;182
290;148
291;187
292;179
293;176
294;168
295;160
296;165
297;163
298;142
299;155
300;170
301;187
302;146
303;150
304;155
305;141
306;161
307;158
308;143
309;151
310;157
311;153
312;138
313;170
314;152
315;155
316;127
317;136
318;140
319;155
320;135
321;133
322;120
323;117
324;128
325;134
326;148
327;112
328;123
329;101
330;137
331;103
332;118
333;131
334;113
335;127
336;114
337;129
338;118
339;114
340;114
341;123
342;111
343;118
344;112
345;102
346;112
347;88
348;111
349;101
350;95
351;108
352;103
353;82
354;85
355;130
356;85
357;112
358;92
359;95
360;85
361;98
362;90
363;105
364;90
365;81
366;69
367;76
368;105
369;93
370;86
371;92
372;89
373;78
374;76
375;70
376;80
377;108
378;75
379;61
380;66
381;60
382;75
383;56
384;71
385;72
386;65
387;65
388;60
389;67
390;48
391;78
392;68
393;69
394;51
395;60
396;50
397;58
398;55
399;57
400;59
401;51
402;54
403;45
404;65
405;52
406;57
407;40
408;54
409;36
410;39
411;41
412;47
413;41
414;45
415;54
416;35
417;56
418;37
419;42
420;48
421;35
422;39
423;31
424;31
425;39
426;29
427;33
428;33
429;29
430;36
431;25
432;36
433;30
434;27
435;23
436;25
437;29
438;32
439;27
440;20
441;36
442;20
443;20
444;21
445;27
446;17
447;22
448;21
449;21
450;25
451;21
452;23
453;21
454;21
455;19
456;22
457;23
458;22
459;20
460;22
461;13
462;18
463;14
464;19
465;17
466;13
467;8
468;14
469;11
470;7
471;14
472;7
473;19
474;16
475;10
476;13
477;6
478;7
479;9
480;10
481;5
482;11
483;9
484;5
485;6
486;5
487;8
488;5
489;6
490;6
491;7
492;0
493;3
494;4
495;4
496;5
497;3
498;2
499;2
500;6
501;5
502;2
503;2
504;2
505;1
506;4
507;1
508;8
509;4
510;3
511;1
512;4
513;3
514;0
515;3
516;1
517;3
518;0
519;0
520;1
521;0
522;1
523;1
524;2
525;2
526;1
527;1
528;1
529;2
530;0
531;1
532;0
533;0
534;0
535;1
536;1
537;0
538;0
539;0
540;0
541;0
542;0
543;0
544;0
545;0
546;0
547;1
548;0
549;0
550;0
551;0
552;0
553;0
554;0
555;0
556;0
557;0
558;0
559;0
560;0
561;0
562;0
563;0
564;0
565;0
566;0
567;0
568;0
569;0
570;0
571;0
572;0
573;0
574;0
575;0
576;0
577;0
578;0
579;0
580;0
581;0
582;0
583;0
584;0
585;0
586;0
587;0
588;0
589;0
590;0
591;0
592;0
593;0
594;0
595;0
596;0
597;0
598;0
599;0
600;0
601;0
602;0
603;0
604;0
605;0
606;0
607;0
608;0
609;0
610;0
611;0
612;0
613;0
614;0
615;0
616;0
617;0
618;0
619;0
620;0
621;0
622;0
623;0
624;0
625;0
626;0
627;0
628;0
629;0
630;0
631;0
632;0
633;0
634;0
635;0
636;0
637;0
638;0
639;0
640;0
641;0
642;0
643;0
644;0
645;0
646;0
647;0
648;0
649;0
650;0
651;0
652;0
653;0
654;0
655;0
656;0
657;0
658;0
659;0
660;0
661;0
662;0
663;0
664;0
665;0
666;0
667;0
668;0
669;0
670;0
671;0
672;0
673;0
674;0
675;0
676;0
677;0
678;0
679;0
680;0
681;0
682;0
683;0
684;0
685;0
686;0
687;0
688;0
689;0
690;0
691;0
692;0
693;0
694;0
695;0
696;0
697;0
698;0
699;0
700;0
701;0
702;0
703;0
704;0
705;0
706;0
707;0
708;0
709;0
710;0
711;0
712;0
713;0
714;0
715;0
716;0
717;0
718;0
719;0
720;0
721;0
722;0
723;0
724;0
725;0
726;0
727;0
728;0
729;0
730;0
731;0
732;0
733;0
734;0
735;0
736;0
737;0
738;0
739;0
740;0
741;0
742;0
743;0
744;0
745;0
746;0
747;0
748;0
749;0
750;0
751;0
752;0
753;0
754;0
755;0
756;0
757;0
758;0
759;0
760;0
761;0
762;0
763;0
764;0
765;0
766;0
767;0
768;0
769;0
770;0
771;0
772;0
773;0
774;0
775;0
776;0
777;0
778;0
779;0
780;0
781;0
782;0
783;0
784;0
785;0
786;0
787;0
788;0
789;0
790;0
791;0
792;0
793;0
794;0
795;0
796;0
797;0
798;0
799;0
800;0
801;0
802;0
803;0
804;0
805;0
806;0
807;0
808;0
809;0
810;0
811;0
812;0
813;0
814;0
815;0
816;0
817;0
818;0
819;0
820;0
821;0
822;0
823;0
824;0
825;0
826;0
827;0
828;0
829;0
830;0
831;0
832;0
833;0
834;0
835;0
836;0
837;0
838;0
839;0
840;0
841;0
842;0
843;0
844;0
845;0
846;0
847;0
848;0
849;0
850;0
851;0
852;0
853;0
854;0
855;0
856;0
857;0
858;0
859;0
860;0
861;0
862;0
863;0
864;0
865;0
866;0
867;0
868;0
869;0
870;0
871;0
872;0
873;0
874;0
875;0
876;0
877;0
878;0
879;0
880;0
881;0
882;0
883;0
884;0
885;0
886;0
887;0
888;0
889;0
890;0
891;0
892;0
893;0
894;0
895;0
896;0
897;0
898;0
899;0
900;0
901;0
902;0
903;0
904;0
905;0
906;0
907;0
908;0
909;0
910;0
911;0
912;0
913;0
914;0
915;0
916;0
917;0
918;0
919;0
920;0
921;0
922;0
923;0
924;0
925;0
926;0
927;0
928;0
929;0
930;0
931;0
932;0
933;0
934;0
935;0
936;0
937;0
938;0
939;0
940;0
941;0
942;0
943;0
944;0
945;0
946;0
947;0
948;0
949;0
950;0
951;0
952;0
953;0
954;0
955;0
956;0
957;0
958;0
959;0
960;0
961;0
962;0
963;0
964;0
965;0
966;0
967;0
968;0
969;0
970;0
971;0
972;0
973;0
974;0
975;0
976;0
977;0
978;0
979;0
980;0
981;0
982;0
983;0
984;0
985;0
986;0
987;0
988;0
989;0
990;0
991;0
992;0
993;0
994;0
995;0
996;0
997;0
998;0
999;0
1000;0
1001;0
1002;0
1003;0
1004;0
1005;0
1006;0
1007;0
1008;0
1009;0
1010;0
1011;0
1012;0
1013;0
1014;0
1015;0
1016;0
1017;0
1018;0
1019;0
1020;0
1021;0
1022;0
1023;0
1024;0
