L 32,p 0.581900,Z 100000
/* Tamanio de cluster; Ocurrencias de cada tamaño de cluster */
1;2149160
2;505474
3;311042
4;210347
5;147683
6;111229
7;86703
8;70338
9;58428
10;49795
11;42233
12;36633
13;31874
14;28538
15;25692
16;22955
17;20508
18;18980
19;17232
20;15861
21;14560
22;13379
23;12885
24;11738
25;10830
26;10233
27;9696
28;9000
29;8574
30;8203
31;7728
32;7426
33;6917
34;6487
35;6367
36;5982
37;5718
38;5592
39;5251
40;5035
41;4906
42;4702
43;4501
44;4351
45;4172
46;4073
47;3872
48;3740
49;3654
50;3599
51;3397
52;3376
53;3201
54;3157
55;3028
56;2925
57;2821
58;2728
59;2678
60;2610
61;2519
62;2536
63;2441
64;2388
65;2380
66;2270
67;2138
68;2098
69;2092
70;2125
71;1979
72;1944
73;1927
74;1921
75;1692
76;1779
77;1741
78;1782
79;1701
80;1629
81;1605
82;1607
83;1565
84;1565
85;1528
86;1427
87;1446
88;1333
89;1435
90;1365
91;1329
92;1320
93;1291
94;1239
95;1208
96;1233
97;1217
98;1169
99;1142
100;1183
101;1158
102;1109
103;1068
104;1092
105;1000
106;993
107;1096
108;988
109;976
110;1040
111;916
112;931
113;914
114;938
115;883
116;888
117;870
118;881
119;857
120;819
121;841
122;786
123;821
124;784
125;771
126;833
127;789
128;769
129;832
130;760
131;750
132;732
133;715
134;686
135;720
136;709
137;685
138;699
139;619
140;652
141;664
142;633
143;656
144;666
145;628
146;628
147;590
148;623
149;579
150;573
151;619
152;572
153;626
154;542
155;583
156;550
157;596
158;557
159;540
160;577
161;485
162;561
163;521
164;493
165;507
166;551
167;487
168;489
169;497
170;488
171;497
172;503
173;462
174;488
175;452
176;482
177;463
178;456
179;455
180;446
181;480
182;421
183;436
184;430
185;419
186;401
187;394
188;431
189;429
190;427
191;429
192;393
193;397
194;384
195;372
196;396
197;383
198;357
199;389
200;374
201;346
202;346
203;371
204;349
205;349
206;364
207;345
208;333
209;335
210;327
211;324
212;345
213;323
214;319
215;325
216;322
217;286
218;322
219;325
220;311
221;306
222;297
223;309
224;292
225;304
226;326
227;281
228;286
229;302
230;270
231;294
232;314
233;267
234;283
235;256
236;266
237;268
238;274
239;248
240;258
241;258
242;271
243;278
244;273
245;247
246;265
247;230
248;231
249;260
250;218
251;258
252;237
253;237
254;241
255;229
256;223
257;221
258;224
259;230
260;236
261;222
262;249
263;201
264;240
265;198
266;230
267;217
268;213
269;223
270;174
271;205
272;183
273;172
274;176
275;198
276;181
277;191
278;188
279;194
280;199
281;181
282;188
283;162
284;181
285;165
286;186
287;193
288;186
289;167
290;176
291;188
292;174
293;167
294;180
295;163
296;163
297;154
298;174
299;161
300;152
301;151
302;170
303;132
304;161
305;137
306;136
307;142
308;150
309;155
310;125
311;140
312;143
313;154
314;138
315;132
316;141
317;123
318;128
319;135
320;146
321;130
322;125
323;130
324;123
325;110
326;123
327;109
328;120
329;101
330;120
331;99
332;119
333;106
334;120
335;94
336;113
337;113
338;109
339;115
340;121
341;112
342;107
343;96
344;92
345;106
346;114
347;89
348;79
349;100
350;95
351;82
352;87
353;79
354;79
355;82
356;100
357;93
358;78
359;76
360;76
361;87
362;88
363;60
364;68
365;75
366;67
367;74
368;68
369;61
370;74
371;57
372;71
373;62
374;84
375;59
376;53
377;58
378;54
379;64
380;53
381;75
382;50
383;52
384;50
385;56
386;41
387;50
388;43
389;51
390;48
391;42
392;39
393;38
394;53
395;32
396;37
397;38
398;48
399;32
400;46
401;36
402;35
403;35
404;44
405;42
406;48
407;34
408;40
409;30
410;36
411;29
412;33
413;32
414;34
415;26
416;31
417;36
418;33
419;41
420;33
421;28
422;19
423;26
424;16
425;28
426;31
427;20
428;18
429;23
430;18
431;19
432;32
433;14
434;19
435;15
436;17
437;23
438;25
439;17
440;11
441;17
442;15
443;18
444;11
445;15
446;20
447;18
448;16
449;8
450;12
451;13
452;17
453;15
454;17
455;11
456;9
457;5
458;7
459;12
460;11
461;10
462;5
463;5
464;11
465;7
466;8
467;9
468;4
469;4
470;7
471;7
472;9
473;9
474;9
475;4
476;7
477;5
478;7
479;3
480;5
481;5
482;7
483;3
484;7
485;2
486;0
487;1
488;2
489;3
490;2
491;3
492;5
493;4
494;1
495;2
496;6
497;2
498;2
499;2
500;3
501;1
502;3
503;1
504;2
505;1
506;4
507;1
508;1
509;1
510;1
511;2
512;1
513;3
514;1
515;3
516;2
517;2
518;0
519;1
520;0
521;0
522;0
523;0
524;1
525;0
526;1
527;2
528;2
529;0
530;0
531;0
532;0
533;0
534;0
535;0
536;0
537;1
538;1
539;1
540;0
541;0
542;0
543;0
544;0
545;0
546;1
547;0
548;0
549;0
550;0
551;0
552;0
553;0
554;0
555;0
556;0
557;0
558;0
559;0
560;0
561;0
562;0
563;0
564;0
565;0
566;0
567;0
568;0
569;0
570;0
571;0
572;0
573;0
574;0
575;0
576;0
577;0
578;0
579;0
580;0
581;0
582;0
583;0
584;0
585;0
586;0
587;0
588;0
589;0
590;0
591;0
592;0
593;0
594;0
595;0
596;0
597;0
598;0
599;0
600;0
601;0
602;0
603;0
604;0
605;0
606;0
607;0
608;0
609;0
610;0
611;0
612;0
613;0
614;0
615;0
616;0
617;0
618;0
619;0
620;0
621;0
622;0
623;0
624;0
625;0
626;0
627;0
628;0
629;0
630;0
631;0
632;0
633;0
634;0
635;0
636;0
637;0
638;0
639;0
640;0
641;0
642;0
643;0
644;0
645;0
646;0
647;0
648;0
649;0
650;0
651;0
652;0
653;0
654;0
655;0
656;0
657;0
658;0
659;0
660;0
661;0
662;0
663;0
664;0
665;0
666;0
667;0
668;0
669;0
670;0
671;0
672;0
673;0
674;0
675;0
676;0
677;0
678;0
679;0
680;0
681;0
682;0
683;0
684;0
685;0
686;0
687;0
688;0
689;0
690;0
691;0
692;0
693;0
694;0
695;0
696;0
697;0
698;0
699;0
700;0
701;0
702;0
703;0
704;0
705;0
706;0
707;0
708;0
709;0
710;0
711;0
712;0
713;0
714;0
715;0
716;0
717;0
718;0
719;0
720;0
721;0
722;0
723;0
724;0
725;0
726;0
727;0
728;0
729;0
730;0
731;0
732;0
733;0
734;0
735;0
736;0
737;0
738;0
739;0
740;0
741;0
742;0
743;0
744;0
745;0
746;0
747;0
748;0
749;0
750;0
751;0
752;0
753;0
754;0
755;0
756;0
757;0
758;0
759;0
760;0
761;0
762;0
763;0
764;0
765;0
766;0
767;0
768;0
769;0
770;0
771;0
772;0
773;0
774;0
775;0
776;0
777;0
778;0
779;0
780;0
781;0
782;0
783;0
784;0
785;0
786;0
787;0
788;0
789;0
790;0
791;0
792;0
793;0
794;0
795;0
796;0
797;0
798;0
799;0
800;0
801;0
802;0
803;0
804;0
805;0
806;0
807;0
808;0
809;0
810;0
811;0
812;0
813;0
814;0
815;0
816;0
817;0
818;0
819;0
820;0
821;0
822;0
823;0
824;0
825;0
826;0
827;0
828;0
829;0
830;0
831;0
832;0
833;0
834;0
835;0
836;0
837;0
838;0
839;0
840;0
841;0
842;0
843;0
844;0
845;0
846;0
847;0
848;0
849;0
850;0
851;0
852;0
853;0
854;0
855;0
856;0
857;0
858;0
859;0
860;0
861;0
862;0
863;0
864;0
865;0
866;0
867;0
868;0
869;0
870;0
871;0
872;0
873;0
874;0
875;0
876;0
877;0
878;0
879;0
880;0
881;0
882;0
883;0
884;0
885;0
886;0
887;0
888;0
889;0
890;0
891;0
892;0
893;0
894;0
895;0
896;0
897;0
898;0
899;0
900;0
901;0
902;0
903;0
904;0
905;0
906;0
907;0
908;0
909;0
910;0
911;0
912;0
913;0
914;0
915;0
916;0
917;0
918;0
919;0
920;0
921;0
922;0
923;0
924;0
925;0
926;0
927;0
928;0
929;0
930;0
931;0
932;0
933;0
934;0
935;0
936;0
937;0
938;0
939;0
940;0
941;0
942;0
943;0
944;0
945;0
946;0
947;0
948;0
949;0
950;0
951;0
952;0
953;0
954;0
955;0
956;0
957;0
958;0
959;0
960;0
961;0
962;0
963;0
964;0
965;0
966;0
967;0
968;0
969;0
970;0
971;0
972;0
973;0
974;0
975;0
976;0
977;0
978;0
979;0
980;0
981;0
982;0
983;0
984;0
985;0
986;0
987;0
988;0
989;0
990;0
991;0
992;0
993;0
994;0
995;0
996;0
997;0
998;0
999;0
1000;0
1001;0
1002;0
1003;0
1004;0
1005;0
1006;0
1007;0
1008;0
1009;0
1010;0
1011;0
1012;0
1013;0
1014;0
1015;0
1016;0
1017;0
1018;0
1019;0
1020;0
1021;0
1022;0
1023;0
1024;0
