L 32,p 0.590600,Z 100000
/* Tamanio de cluster; Ocurrencias de cada tamaño de cluster */
1;2019338
2;466224
3;285833
4;192207
5;135204
6;100836
7;78398
8;63562
9;52892
10;44397
11;37857
12;32701
13;28750
14;25309
15;22410
16;20754
17;18486
18;16789
19;15296
20;14116
21;12836
22;12013
23;11204
24;10330
25;9639
26;9250
27;8535
28;7980
29;7603
30;7098
31;6746
32;6443
33;6103
34;5841
35;5467
36;5333
37;4999
38;4818
39;4605
40;4397
41;4274
42;4093
43;3931
44;3825
45;3694
46;3510
47;3462
48;3276
49;3133
50;3135
51;3011
52;2857
53;2756
54;2743
55;2581
56;2584
57;2540
58;2404
59;2450
60;2264
61;2202
62;2169
63;2050
64;2135
65;1963
66;1910
67;1904
68;1892
69;1821
70;1829
71;1771
72;1735
73;1609
74;1593
75;1580
76;1594
77;1532
78;1468
79;1492
80;1501
81;1386
82;1356
83;1344
84;1356
85;1308
86;1251
87;1293
88;1256
89;1240
90;1176
91;1180
92;1098
93;1105
94;1144
95;1106
96;1109
97;1141
98;1054
99;1024
100;913
101;977
102;985
103;953
104;891
105;961
106;872
107;884
108;899
109;892
110;842
111;824
112;826
113;840
114;845
115;834
116;772
117;775
118;709
119;744
120;782
121;744
122;694
123;736
124;751
125;718
126;659
127;674
128;695
129;677
130;701
131;691
132;611
133;590
134;662
135;607
136;604
137;590
138;596
139;585
140;562
141;642
142;579
143;569
144;593
145;551
146;526
147;497
148;538
149;562
150;549
151;532
152;524
153;512
154;465
155;493
156;528
157;485
158;517
159;494
160;515
161;466
162;453
163;490
164;471
165;454
166;432
167;469
168;436
169;442
170;439
171;401
172;404
173;422
174;437
175;413
176;450
177;402
178;368
179;405
180;374
181;393
182;374
183;356
184;399
185;387
186;395
187;362
188;365
189;388
190;360
191;333
192;372
193;366
194;373
195;322
196;352
197;341
198;337
199;356
200;328
201;359
202;351
203;352
204;358
205;320
206;315
207;288
208;292
209;299
210;295
211;335
212;306
213;311
214;296
215;262
216;288
217;297
218;316
219;304
220;308
221;291
222;273
223;265
224;316
225;289
226;221
227;283
228;266
229;281
230;243
231;256
232;270
233;257
234;259
235;244
236;272
237;269
238;246
239;237
240;258
241;248
242;237
243;243
244;237
245;244
246;266
247;254
248;258
249;230
250;237
251;214
252;239
253;223
254;224
255;237
256;223
257;211
258;198
259;244
260;221
261;215
262;206
263;186
264;208
265;217
266;203
267;203
268;188
269;196
270;188
271;229
272;191
273;175
274;173
275;225
276;180
277;200
278;162
279;194
280;205
281;182
282;166
283;197
284;185
285;161
286;192
287;170
288;179
289;176
290;169
291;165
292;162
293;175
294;173
295;184
296;168
297;153
298;160
299;169
300;165
301;159
302;152
303;141
304;144
305;148
306;160
307;157
308;146
309;136
310;131
311;150
312;153
313;126
314;155
315;156
316;143
317;146
318;129
319;131
320;131
321;143
322;138
323;124
324;139
325;121
326;125
327;115
328;137
329;137
330;128
331;120
332;122
333;129
334;135
335;135
336;116
337;115
338;124
339;98
340;104
341;115
342;94
343;109
344;123
345;118
346;129
347;97
348;105
349;102
350;115
351;94
352;111
353;97
354;102
355;89
356;74
357;87
358;109
359;110
360;93
361;83
362;90
363;85
364;88
365;83
366;78
367;73
368;82
369;88
370;87
371;79
372;82
373;79
374;77
375;69
376;79
377;78
378;80
379;81
380;73
381;77
382;77
383;80
384;63
385;78
386;55
387;49
388;54
389;64
390;52
391;60
392;74
393;67
394;54
395;66
396;48
397;76
398;48
399;60
400;59
401;54
402;42
403;50
404;37
405;55
406;42
407;46
408;54
409;45
410;40
411;52
412;44
413;37
414;33
415;40
416;34
417;55
418;36
419;34
420;35
421;43
422;32
423;49
424;40
425;28
426;39
427;26
428;38
429;28
430;24
431;33
432;24
433;29
434;34
435;38
436;23
437;26
438;24
439;20
440;26
441;23
442;29
443;14
444;17
445;18
446;20
447;15
448;19
449;20
450;26
451;15
452;17
453;15
454;17
455;18
456;23
457;14
458;6
459;11
460;17
461;7
462;14
463;7
464;12
465;10
466;10
467;21
468;11
469;18
470;9
471;12
472;9
473;11
474;10
475;8
476;8
477;8
478;7
479;13
480;7
481;3
482;4
483;4
484;3
485;6
486;7
487;7
488;3
489;0
490;4
491;3
492;8
493;1
494;3
495;9
496;3
497;4
498;6
499;5
500;2
501;4
502;2
503;3
504;2
505;2
506;2
507;2
508;1
509;1
510;0
511;0
512;4
513;2
514;5
515;0
516;1
517;1
518;1
519;2
520;1
521;2
522;1
523;4
524;0
525;0
526;2
527;1
528;1
529;0
530;2
531;1
532;0
533;1
534;0
535;1
536;2
537;0
538;1
539;0
540;0
541;0
542;0
543;0
544;0
545;0
546;1
547;0
548;0
549;0
550;0
551;0
552;0
553;0
554;1
555;0
556;0
557;0
558;0
559;0
560;0
561;1
562;0
563;1
564;0
565;0
566;0
567;0
568;0
569;0
570;0
571;0
572;0
573;0
574;0
575;0
576;0
577;0
578;0
579;0
580;0
581;0
582;0
583;0
584;0
585;0
586;0
587;0
588;0
589;0
590;0
591;0
592;0
593;0
594;0
595;0
596;0
597;0
598;0
599;0
600;0
601;0
602;0
603;0
604;0
605;0
606;0
607;0
608;0
609;0
610;0
611;0
612;0
613;0
614;0
615;0
616;0
617;0
618;0
619;0
620;0
621;0
622;0
623;0
624;0
625;0
626;0
627;0
628;0
629;0
630;0
631;0
632;0
633;0
634;0
635;0
636;0
637;0
638;0
639;0
640;0
641;0
642;0
643;0
644;0
645;0
646;0
647;0
648;0
649;0
650;0
651;0
652;0
653;0
654;0
655;0
656;0
657;0
658;0
659;0
660;0
661;0
662;0
663;0
664;0
665;0
666;0
667;0
668;0
669;0
670;0
671;0
672;0
673;0
674;0
675;0
676;0
677;0
678;0
679;0
680;0
681;0
682;0
683;0
684;0
685;0
686;0
687;0
688;0
689;0
690;0
691;0
692;0
693;0
694;0
695;0
696;0
697;0
698;0
699;0
700;0
701;0
702;0
703;0
704;0
705;0
706;0
707;0
708;0
709;0
710;0
711;0
712;0
713;0
714;0
715;0
716;0
717;0
718;0
719;0
720;0
721;0
722;0
723;0
724;0
725;0
726;0
727;0
728;0
729;0
730;0
731;0
732;0
733;0
734;0
735;0
736;0
737;0
738;0
739;0
740;0
741;0
742;0
743;0
744;0
745;0
746;0
747;0
748;0
749;0
750;0
751;0
752;0
753;0
754;0
755;0
756;0
757;0
758;0
759;0
760;0
761;0
762;0
763;0
764;0
765;0
766;0
767;0
768;0
769;0
770;0
771;0
772;0
773;0
774;0
775;0
776;0
777;0
778;0
779;0
780;0
781;0
782;0
783;0
784;0
785;0
786;0
787;0
788;0
789;0
790;0
791;0
792;0
793;0
794;0
795;0
796;0
797;0
798;0
799;0
800;0
801;0
802;0
803;0
804;0
805;0
806;0
807;0
808;0
809;0
810;0
811;0
812;0
813;0
814;0
815;0
816;0
817;0
818;0
819;0
820;0
821;0
822;0
823;0
824;0
825;0
826;0
827;0
828;0
829;0
830;0
831;0
832;0
833;0
834;0
835;0
836;0
837;0
838;0
839;0
840;0
841;0
842;0
843;0
844;0
845;0
846;0
847;0
848;0
849;0
850;0
851;0
852;0
853;0
854;0
855;0
856;0
857;0
858;0
859;0
860;0
861;0
862;0
863;0
864;0
865;0
866;0
867;0
868;0
869;0
870;0
871;0
872;0
873;0
874;0
875;0
876;0
877;0
878;0
879;0
880;0
881;0
882;0
883;0
884;0
885;0
886;0
887;0
888;0
889;0
890;0
891;0
892;0
893;0
894;0
895;0
896;0
897;0
898;0
899;0
900;0
901;0
902;0
903;0
904;0
905;0
906;0
907;0
908;0
909;0
910;0
911;0
912;0
913;0
914;0
915;0
916;0
917;0
918;0
919;0
920;0
921;0
922;0
923;0
924;0
925;0
926;0
927;0
928;0
929;0
930;0
931;0
932;0
933;0
934;0
935;0
936;0
937;0
938;0
939;0
940;0
941;0
942;0
943;0
944;0
945;0
946;0
947;0
948;0
949;0
950;0
951;0
952;0
953;0
954;0
955;0
956;0
957;0
958;0
959;0
960;0
961;0
962;0
963;0
964;0
965;0
966;0
967;0
968;0
969;0
970;0
971;0
972;0
973;0
974;0
975;0
976;0
977;0
978;0
979;0
980;0
981;0
982;0
983;0
984;0
985;0
986;0
987;0
988;0
989;0
990;0
991;0
992;0
993;0
994;0
995;0
996;0
997;0
998;0
999;0
1000;0
1001;0
1002;0
1003;0
1004;0
1005;0
1006;0
1007;0
1008;0
1009;0
1010;0
1011;0
1012;0
1013;0
1014;0
1015;0
1016;0
1017;0
1018;0
1019;0
1020;0
1021;0
1022;0
1023;0
1024;0
