L 32,p 0.588700,Z 100000
/* Tamanio de cluster; Ocurrencias de cada tamaño de cluster */
1;2047808
2;475372
3;290726
4;195419
5;137325
6;102602
7;80286
8;64798
9;54040
10;45431
11;38847
12;33453
13;29597
14;26233
15;23415
16;20884
17;18596
18;17476
19;15630
20;14366
21;13317
22;12291
23;11294
24;10669
25;9977
26;9321
27;8757
28;8230
29;7850
30;7357
31;6932
32;6582
33;6412
34;6001
35;5579
36;5606
37;5145
38;4981
39;4780
40;4512
41;4513
42;4116
43;4142
44;3855
45;3798
46;3605
47;3511
48;3397
49;3245
50;3202
51;3027
52;3016
53;2923
54;2808
55;2758
56;2582
57;2564
58;2520
59;2429
60;2363
61;2276
62;2213
63;2172
64;2159
65;2115
66;2055
67;1997
68;1848
69;1984
70;1824
71;1711
72;1796
73;1704
74;1634
75;1586
76;1600
77;1516
78;1511
79;1508
80;1479
81;1428
82;1409
83;1444
84;1275
85;1364
86;1311
87;1241
88;1228
89;1323
90;1256
91;1178
92;1181
93;1135
94;1136
95;1107
96;1114
97;1044
98;1089
99;1028
100;1055
101;1029
102;1018
103;1000
104;911
105;968
106;996
107;864
108;920
109;862
110;837
111;902
112;882
113;886
114;850
115;901
116;768
117;789
118;766
119;766
120;782
121;771
122;733
123;744
124;782
125;701
126;745
127;676
128;710
129;725
130;666
131;699
132;657
133;636
134;622
135;669
136;642
137;628
138;660
139;644
140;582
141;565
142;622
143;582
144;600
145;587
146;552
147;547
148;528
149;541
150;572
151;509
152;509
153;516
154;510
155;498
156;501
157;523
158;498
159;506
160;467
161;460
162;499
163;476
164;481
165;456
166;475
167;469
168;459
169;407
170;436
171;452
172;442
173;412
174;452
175;471
176;415
177;388
178;410
179;422
180;422
181;428
182;384
183;399
184;373
185;400
186;362
187;362
188;398
189;385
190;354
191;362
192;400
193;353
194;383
195;388
196;355
197;341
198;342
199;307
200;376
201;332
202;343
203;318
204;335
205;307
206;378
207;375
208;330
209;367
210;336
211;305
212;330
213;329
214;297
215;302
216;305
217;307
218;283
219;322
220;299
221;270
222;243
223;296
224;303
225;250
226;287
227;255
228;262
229;258
230;263
231;290
232;270
233;274
234;257
235;261
236;223
237;266
238;275
239;254
240;250
241;229
242;263
243;262
244;254
245;240
246;239
247;216
248;234
249;229
250;229
251;212
252;231
253;196
254;228
255;259
256;221
257;206
258;213
259;249
260;250
261;207
262;192
263;229
264;219
265;240
266;215
267;232
268;220
269;209
270;222
271;194
272;196
273;213
274;152
275;203
276;196
277;205
278;193
279;191
280;196
281;233
282;191
283;169
284;177
285;189
286;185
287;163
288;209
289;176
290;174
291;164
292;179
293;170
294;148
295;169
296;173
297;176
298;168
299;178
300;154
301;143
302;171
303;186
304;161
305;167
306;160
307;169
308;147
309;144
310;151
311;134
312;152
313;145
314;146
315;123
316;134
317;132
318;158
319;116
320;139
321;131
322;137
323;129
324;113
325;119
326;107
327;141
328;142
329;125
330;131
331;126
332;127
333;117
334;123
335;116
336;131
337;124
338;96
339;133
340;124
341;124
342;122
343;114
344;100
345;99
346;113
347;102
348;105
349;108
350;108
351;86
352;94
353;98
354;90
355;111
356;97
357;84
358;101
359;92
360;93
361;72
362;94
363;80
364;88
365;91
366;75
367;83
368;85
369;66
370;99
371;82
372;60
373;76
374;75
375;61
376;65
377;68
378;73
379;73
380;61
381;60
382;72
383;65
384;64
385;71
386;67
387;54
388;65
389;68
390;63
391;45
392;66
393;63
394;60
395;55
396;59
397;74
398;52
399;45
400;42
401;42
402;44
403;43
404;49
405;56
406;50
407;51
408;43
409;44
410;51
411;42
412;56
413;47
414;43
415;52
416;35
417;34
418;36
419;34
420;38
421;41
422;37
423;38
424;31
425;28
426;25
427;34
428;38
429;33
430;30
431;30
432;16
433;28
434;40
435;24
436;21
437;19
438;19
439;21
440;26
441;24
442;21
443;24
444;18
445;13
446;22
447;18
448;21
449;20
450;20
451;21
452;19
453;18
454;13
455;21
456;21
457;22
458;9
459;15
460;11
461;12
462;4
463;12
464;12
465;9
466;19
467;9
468;13
469;10
470;7
471;12
472;2
473;6
474;6
475;9
476;6
477;12
478;10
479;11
480;6
481;5
482;5
483;7
484;4
485;3
486;2
487;10
488;5
489;4
490;3
491;9
492;4
493;4
494;2
495;8
496;5
497;3
498;3
499;3
500;3
501;2
502;1
503;1
504;3
505;3
506;3
507;1
508;1
509;1
510;3
511;2
512;1
513;1
514;1
515;1
516;2
517;3
518;1
519;1
520;1
521;0
522;1
523;1
524;4
525;1
526;0
527;1
528;0
529;1
530;2
531;0
532;2
533;0
534;0
535;0
536;1
537;1
538;0
539;2
540;0
541;0
542;0
543;0
544;0
545;0
546;2
547;0
548;0
549;0
550;1
551;1
552;2
553;0
554;0
555;0
556;0
557;0
558;0
559;0
560;0
561;0
562;0
563;0
564;0
565;0
566;0
567;0
568;0
569;0
570;0
571;0
572;0
573;0
574;0
575;0
576;0
577;0
578;0
579;0
580;0
581;0
582;0
583;0
584;0
585;0
586;0
587;0
588;0
589;0
590;0
591;0
592;0
593;0
594;0
595;0
596;0
597;0
598;0
599;0
600;0
601;0
602;0
603;0
604;0
605;0
606;0
607;0
608;0
609;0
610;0
611;0
612;0
613;0
614;0
615;0
616;0
617;0
618;0
619;0
620;0
621;0
622;0
623;0
624;0
625;0
626;0
627;0
628;0
629;0
630;0
631;0
632;0
633;0
634;0
635;0
636;0
637;0
638;0
639;0
640;0
641;0
642;0
643;0
644;0
645;0
646;0
647;0
648;0
649;0
650;0
651;0
652;0
653;0
654;0
655;0
656;0
657;0
658;0
659;0
660;0
661;0
662;0
663;0
664;0
665;0
666;0
667;0
668;0
669;0
670;0
671;0
672;0
673;0
674;0
675;0
676;0
677;0
678;0
679;0
680;0
681;0
682;0
683;0
684;0
685;0
686;0
687;0
688;0
689;0
690;0
691;0
692;0
693;0
694;0
695;0
696;0
697;0
698;0
699;0
700;0
701;0
702;0
703;0
704;0
705;0
706;0
707;0
708;0
709;0
710;0
711;0
712;0
713;0
714;0
715;0
716;0
717;0
718;0
719;0
720;0
721;0
722;0
723;0
724;0
725;0
726;0
727;0
728;0
729;0
730;0
731;0
732;0
733;0
734;0
735;0
736;0
737;0
738;0
739;0
740;0
741;0
742;0
743;0
744;0
745;0
746;0
747;0
748;0
749;0
750;0
751;0
752;0
753;0
754;0
755;0
756;0
757;0
758;0
759;0
760;0
761;0
762;0
763;0
764;0
765;0
766;0
767;0
768;0
769;0
770;0
771;0
772;0
773;0
774;0
775;0
776;0
777;0
778;0
779;0
780;0
781;0
782;0
783;0
784;0
785;0
786;0
787;0
788;0
789;0
790;0
791;0
792;0
793;0
794;0
795;0
796;0
797;0
798;0
799;0
800;0
801;0
802;0
803;0
804;0
805;0
806;0
807;0
808;0
809;0
810;0
811;0
812;0
813;0
814;0
815;0
816;0
817;0
818;0
819;0
820;0
821;0
822;0
823;0
824;0
825;0
826;0
827;0
828;0
829;0
830;0
831;0
832;0
833;0
834;0
835;0
836;0
837;0
838;0
839;0
840;0
841;0
842;0
843;0
844;0
845;0
846;0
847;0
848;0
849;0
850;0
851;0
852;0
853;0
854;0
855;0
856;0
857;0
858;0
859;0
860;0
861;0
862;0
863;0
864;0
865;0
866;0
867;0
868;0
869;0
870;0
871;0
872;0
873;0
874;0
875;0
876;0
877;0
878;0
879;0
880;0
881;0
882;0
883;0
884;0
885;0
886;0
887;0
888;0
889;0
890;0
891;0
892;0
893;0
894;0
895;0
896;0
897;0
898;0
899;0
900;0
901;0
902;0
903;0
904;0
905;0
906;0
907;0
908;0
909;0
910;0
911;0
912;0
913;0
914;0
915;0
916;0
917;0
918;0
919;0
920;0
921;0
922;0
923;0
924;0
925;0
926;0
927;0
928;0
929;0
930;0
931;0
932;0
933;0
934;0
935;0
936;0
937;0
938;0
939;0
940;0
941;0
942;0
943;0
944;0
945;0
946;0
947;0
948;0
949;0
950;0
951;0
952;0
953;0
954;0
955;0
956;0
957;0
958;0
959;0
960;0
961;0
962;0
963;0
964;0
965;0
966;0
967;0
968;0
969;0
970;0
971;0
972;0
973;0
974;0
975;0
976;0
977;0
978;0
979;0
980;0
981;0
982;0
983;0
984;0
985;0
986;0
987;0
988;0
989;0
990;0
991;0
992;0
993;0
994;0
995;0
996;0
997;0
998;0
999;0
1000;0
1001;0
1002;0
1003;0
1004;0
1005;0
1006;0
1007;0
1008;0
1009;0
1010;0
1011;0
1012;0
1013;0
1014;0
1015;0
1016;0
1017;0
1018;0
1019;0
1020;0
1021;0
1022;0
1023;0
1024;0
