L 32,p 0.588100,Z 100000
/* Tamanio de cluster; Ocurrencias de cada tamaño de cluster */
1;2053045
2;477821
3;292279
4;196945
5;137981
6;103649
7;81746
8;65713
9;54338
10;45254
11;38867
12;34029
13;29518
14;26180
15;23475
16;21173
17;19335
18;17553
19;15938
20;14510
21;13482
22;12422
23;11521
24;10626
25;10092
26;9378
27;8853
28;8302
29;7813
30;7487
31;7007
32;6669
33;6350
34;6159
35;5775
36;5588
37;5379
38;4983
39;4906
40;4755
41;4445
42;4312
43;4048
44;3960
45;3755
46;3548
47;3493
48;3334
49;3304
50;3245
51;3086
52;2985
53;3002
54;2715
55;2616
56;2636
57;2571
58;2604
59;2364
60;2375
61;2370
62;2236
63;2128
64;2210
65;2107
66;2076
67;1985
68;2021
69;1818
70;1868
71;1851
72;1803
73;1718
74;1674
75;1715
76;1598
77;1576
78;1558
79;1492
80;1559
81;1458
82;1470
83;1394
84;1333
85;1400
86;1386
87;1316
88;1294
89;1259
90;1247
91;1173
92;1183
93;1190
94;1127
95;1186
96;1096
97;1106
98;1016
99;1087
100;979
101;1010
102;1000
103;1059
104;937
105;1020
106;938
107;922
108;919
109;934
110;832
111;876
112;776
113;795
114;809
115;815
116;810
117;847
118;844
119;801
120;798
121;746
122;747
123;766
124;747
125;743
126;704
127;718
128;727
129;702
130;708
131;682
132;685
133;661
134;675
135;630
136;636
137;632
138;623
139;624
140;667
141;590
142;576
143;589
144;571
145;554
146;597
147;547
148;571
149;552
150;533
151;504
152;546
153;534
154;568
155;508
156;465
157;531
158;514
159;521
160;492
161;511
162;526
163;529
164;492
165;450
166;515
167;451
168;475
169;445
170;416
171;420
172;439
173;417
174;462
175;408
176;441
177;433
178;396
179;393
180;451
181;432
182;415
183;396
184;383
185;353
186;392
187;379
188;410
189;373
190;389
191;361
192;362
193;383
194;362
195;376
196;366
197;379
198;354
199;346
200;334
201;337
202;384
203;361
204;324
205;370
206;321
207;306
208;295
209;328
210;319
211;332
212;313
213;320
214;330
215;298
216;309
217;330
218;268
219;282
220;298
221;284
222;284
223;291
224;316
225;312
226;276
227;265
228;265
229;292
230;289
231;252
232;251
233;274
234;243
235;239
236;268
237;242
238;249
239;284
240;266
241;269
242;248
243;261
244;243
245;283
246;226
247;267
248;234
249;222
250;226
251;234
252;224
253;218
254;233
255;222
256;224
257;220
258;226
259;210
260;221
261;228
262;221
263;210
264;201
265;211
266;203
267;212
268;214
269;204
270;199
271;179
272;206
273;203
274;204
275;198
276;206
277;185
278;196
279;201
280;195
281;198
282;180
283;179
284;183
285;184
286;197
287;163
288;176
289;184
290;174
291;180
292;182
293;168
294;158
295;168
296;162
297;173
298;185
299;164
300;171
301;166
302;168
303;146
304;171
305;180
306;148
307;156
308;147
309;171
310;164
311;153
312;137
313;164
314;141
315;135
316;156
317;153
318;145
319;116
320;151
321;143
322;135
323;115
324;117
325;112
326;136
327;128
328;127
329;95
330;115
331;133
332;133
333;102
334;121
335;112
336;126
337;130
338;125
339;100
340;112
341;98
342;109
343;99
344;120
345;99
346;106
347;126
348;105
349;103
350;104
351;110
352;93
353;80
354;105
355;94
356;92
357;87
358;81
359;98
360;96
361;93
362;104
363;78
364;96
365;94
366;84
367;97
368;86
369;81
370;78
371;74
372;63
373;77
374;75
375;68
376;71
377;60
378;86
379;64
380;80
381;74
382;67
383;83
384;72
385;62
386;60
387;61
388;62
389;52
390;62
391;71
392;48
393;67
394;60
395;52
396;54
397;58
398;41
399;37
400;54
401;62
402;67
403;48
404;42
405;55
406;51
407;47
408;45
409;40
410;32
411;40
412;30
413;35
414;38
415;38
416;37
417;43
418;32
419;31
420;46
421;36
422;30
423;31
424;31
425;31
426;31
427;24
428;36
429;30
430;29
431;36
432;26
433;13
434;21
435;21
436;22
437;21
438;19
439;21
440;24
441;18
442;18
443;16
444;25
445;14
446;15
447;17
448;20
449;19
450;22
451;14
452;14
453;17
454;14
455;11
456;17
457;10
458;15
459;15
460;13
461;7
462;12
463;12
464;6
465;5
466;11
467;7
468;10
469;12
470;5
471;9
472;8
473;7
474;8
475;2
476;6
477;7
478;6
479;3
480;7
481;5
482;3
483;2
484;6
485;6
486;5
487;5
488;3
489;5
490;2
491;2
492;3
493;6
494;2
495;5
496;8
497;1
498;2
499;1
500;1
501;3
502;1
503;1
504;5
505;1
506;1
507;1
508;1
509;1
510;1
511;1
512;2
513;2
514;0
515;0
516;2
517;0
518;0
519;2
520;1
521;2
522;1
523;0
524;0
525;2
526;1
527;0
528;1
529;1
530;0
531;0
532;0
533;0
534;0
535;0
536;1
537;0
538;2
539;0
540;0
541;1
542;0
543;0
544;0
545;0
546;0
547;0
548;0
549;0
550;1
551;0
552;1
553;0
554;0
555;0
556;0
557;0
558;0
559;0
560;0
561;0
562;0
563;0
564;0
565;0
566;0
567;0
568;0
569;0
570;0
571;0
572;0
573;0
574;0
575;0
576;0
577;0
578;0
579;0
580;0
581;0
582;0
583;0
584;0
585;0
586;0
587;0
588;0
589;0
590;0
591;0
592;0
593;0
594;0
595;0
596;0
597;0
598;0
599;0
600;0
601;0
602;0
603;0
604;0
605;0
606;0
607;0
608;0
609;0
610;0
611;0
612;0
613;0
614;0
615;0
616;0
617;0
618;0
619;0
620;0
621;0
622;0
623;0
624;0
625;0
626;0
627;0
628;0
629;0
630;0
631;0
632;0
633;0
634;0
635;0
636;0
637;0
638;0
639;0
640;0
641;0
642;0
643;0
644;0
645;0
646;0
647;0
648;0
649;0
650;0
651;0
652;0
653;0
654;0
655;0
656;0
657;0
658;0
659;0
660;0
661;0
662;0
663;0
664;0
665;0
666;0
667;0
668;0
669;0
670;0
671;0
672;0
673;0
674;0
675;0
676;0
677;0
678;0
679;0
680;0
681;0
682;0
683;0
684;0
685;0
686;0
687;0
688;0
689;0
690;0
691;0
692;0
693;0
694;0
695;0
696;0
697;0
698;0
699;0
700;0
701;0
702;0
703;0
704;0
705;0
706;0
707;0
708;0
709;0
710;0
711;0
712;0
713;0
714;0
715;0
716;0
717;0
718;0
719;0
720;0
721;0
722;0
723;0
724;0
725;0
726;0
727;0
728;0
729;0
730;0
731;0
732;0
733;0
734;0
735;0
736;0
737;0
738;0
739;0
740;0
741;0
742;0
743;0
744;0
745;0
746;0
747;0
748;0
749;0
750;0
751;0
752;0
753;0
754;0
755;0
756;0
757;0
758;0
759;0
760;0
761;0
762;0
763;0
764;0
765;0
766;0
767;0
768;0
769;0
770;0
771;0
772;0
773;0
774;0
775;0
776;0
777;0
778;0
779;0
780;0
781;0
782;0
783;0
784;0
785;0
786;0
787;0
788;0
789;0
790;0
791;0
792;0
793;0
794;0
795;0
796;0
797;0
798;0
799;0
800;0
801;0
802;0
803;0
804;0
805;0
806;0
807;0
808;0
809;0
810;0
811;0
812;0
813;0
814;0
815;0
816;0
817;0
818;0
819;0
820;0
821;0
822;0
823;0
824;0
825;0
826;0
827;0
828;0
829;0
830;0
831;0
832;0
833;0
834;0
835;0
836;0
837;0
838;0
839;0
840;0
841;0
842;0
843;0
844;0
845;0
846;0
847;0
848;0
849;0
850;0
851;0
852;0
853;0
854;0
855;0
856;0
857;0
858;0
859;0
860;0
861;0
862;0
863;0
864;0
865;0
866;0
867;0
868;0
869;0
870;0
871;0
872;0
873;0
874;0
875;0
876;0
877;0
878;0
879;0
880;0
881;0
882;0
883;0
884;0
885;0
886;0
887;0
888;0
889;0
890;0
891;0
892;0
893;0
894;0
895;0
896;0
897;0
898;0
899;0
900;0
901;0
902;0
903;0
904;0
905;0
906;0
907;0
908;0
909;0
910;0
911;0
912;0
913;0
914;0
915;0
916;0
917;0
918;0
919;0
920;0
921;0
922;0
923;0
924;0
925;0
926;0
927;0
928;0
929;0
930;0
931;0
932;0
933;0
934;0
935;0
936;0
937;0
938;0
939;0
940;0
941;0
942;0
943;0
944;0
945;0
946;0
947;0
948;0
949;0
950;0
951;0
952;0
953;0
954;0
955;0
956;0
957;0
958;0
959;0
960;0
961;0
962;0
963;0
964;0
965;0
966;0
967;0
968;0
969;0
970;0
971;0
972;0
973;0
974;0
975;0
976;0
977;0
978;0
979;0
980;0
981;0
982;0
983;0
984;0
985;0
986;0
987;0
988;0
989;0
990;0
991;0
992;0
993;0
994;0
995;0
996;0
997;0
998;0
999;0
1000;0
1001;0
1002;0
1003;0
1004;0
1005;0
1006;0
1007;0
1008;0
1009;0
1010;0
1011;0
1012;0
1013;0
1014;0
1015;0
1016;0
1017;0
1018;0
1019;0
1020;0
1021;0
1022;0
1023;0
1024;0
