L 32,p 0.583400,Z 100000
/* Tamanio de cluster; Ocurrencias de cada tamaño de cluster */
1;2129936
2;499377
3;306741
4;207090
5;146600
6;108769
7;85517
8;69051
9;57393
10;48426
11;41436
12;36018
13;31560
14;27909
15;25023
16;22627
17;20456
18;18278
19;16771
20;15402
21;14308
22;13226
23;12344
24;11470
25;10866
26;10136
27;9329
28;8764
29;8380
30;8045
31;7602
32;7143
33;6842
34;6360
35;6160
36;5901
37;5607
38;5292
39;5123
40;4888
41;4702
42;4716
43;4443
44;4336
45;4070
46;3917
47;3808
48;3557
49;3587
50;3421
51;3308
52;3244
53;3120
54;3073
55;2856
56;2965
57;2783
58;2608
59;2662
60;2507
61;2489
62;2408
63;2316
64;2403
65;2238
66;2230
67;2202
68;2087
69;2097
70;1905
71;1955
72;1934
73;1862
74;1718
75;1739
76;1777
77;1814
78;1714
79;1637
80;1599
81;1632
82;1552
83;1499
84;1486
85;1483
86;1479
87;1398
88;1345
89;1411
90;1377
91;1297
92;1262
93;1243
94;1258
95;1228
96;1159
97;1205
98;1206
99;1085
100;1158
101;1050
102;1103
103;1088
104;1102
105;1026
106;1032
107;1071
108;1008
109;963
110;943
111;945
112;984
113;946
114;896
115;924
116;836
117;924
118;821
119;914
120;874
121;831
122;805
123;808
124;829
125;802
126;771
127;790
128;752
129;699
130;755
131;756
132;745
133;716
134;711
135;685
136;612
137;651
138;721
139;658
140;658
141;619
142;572
143;633
144;615
145;647
146;626
147;581
148;624
149;567
150;567
151;550
152;546
153;573
154;539
155;556
156;578
157;530
158;562
159;555
160;529
161;554
162;520
163;499
164;521
165;524
166;507
167;519
168;505
169;505
170;450
171;439
172;487
173;491
174;447
175;410
176;452
177;432
178;426
179;435
180;406
181;442
182;423
183;434
184;431
185;399
186;448
187;395
188;372
189;428
190;416
191;376
192;382
193;388
194;400
195;419
196;386
197;365
198;377
199;349
200;388
201;331
202;363
203;372
204;341
205;339
206;370
207;352
208;343
209;320
210;350
211;343
212;304
213;312
214;309
215;324
216;296
217;300
218;304
219;294
220;295
221;274
222;300
223;328
224;292
225;313
226;299
227;290
228;286
229;278
230;271
231;255
232;290
233;279
234;274
235;265
236;272
237;302
238;259
239;248
240;251
241;250
242;255
243;259
244;257
245;229
246;258
247;268
248;242
249;264
250;233
251;220
252;238
253;206
254;244
255;221
256;233
257;230
258;195
259;218
260;233
261;218
262;208
263;243
264;240
265;217
266;205
267;181
268;221
269;212
270;225
271;214
272;214
273;183
274;230
275;198
276;193
277;198
278;200
279;182
280;188
281;149
282;200
283;175
284;185
285;186
286;172
287;196
288;161
289;176
290;177
291;150
292;170
293;160
294;157
295;195
296;145
297;189
298;177
299;163
300;174
301;156
302;192
303;151
304;159
305;159
306;144
307;140
308;173
309;150
310;161
311;147
312;153
313;143
314;132
315;150
316;118
317;129
318;137
319;140
320;131
321;140
322;129
323;120
324;120
325;140
326;133
327;110
328;132
329;112
330;130
331;106
332;116
333;111
334;104
335;143
336;111
337;139
338;105
339;134
340;112
341;111
342;122
343;100
344;111
345;97
346;91
347;99
348;85
349;99
350;100
351;104
352;101
353;113
354;77
355;93
356;85
357;86
358;79
359;88
360;83
361;82
362;74
363;90
364;104
365;90
366;90
367;83
368;58
369;85
370;63
371;83
372;75
373;78
374;53
375;95
376;63
377;66
378;68
379;63
380;52
381;78
382;64
383;57
384;67
385;67
386;58
387;53
388;58
389;48
390;44
391;54
392;55
393;48
394;46
395;45
396;44
397;45
398;43
399;39
400;42
401;36
402;46
403;39
404;42
405;41
406;48
407;55
408;35
409;39
410;46
411;34
412;43
413;28
414;28
415;32
416;32
417;43
418;24
419;34
420;37
421;30
422;21
423;31
424;30
425;29
426;20
427;19
428;25
429;18
430;22
431;18
432;13
433;18
434;25
435;26
436;24
437;19
438;14
439;18
440;15
441;18
442;17
443;22
444;16
445;12
446;14
447;19
448;12
449;6
450;14
451;12
452;14
453;12
454;12
455;11
456;7
457;10
458;8
459;16
460;15
461;8
462;12
463;11
464;12
465;10
466;7
467;4
468;8
469;5
470;5
471;10
472;8
473;5
474;6
475;5
476;4
477;7
478;1
479;1
480;3
481;5
482;2
483;6
484;4
485;5
486;3
487;2
488;3
489;5
490;4
491;3
492;2
493;3
494;5
495;3
496;2
497;1
498;1
499;3
500;4
501;1
502;2
503;1
504;2
505;3
506;0
507;2
508;2
509;0
510;0
511;2
512;1
513;0
514;0
515;0
516;0
517;1
518;0
519;0
520;2
521;1
522;1
523;0
524;0
525;0
526;0
527;0
528;1
529;0
530;0
531;0
532;0
533;0
534;0
535;0
536;0
537;0
538;0
539;0
540;0
541;0
542;0
543;1
544;0
545;0
546;0
547;0
548;0
549;0
550;0
551;0
552;0
553;0
554;0
555;0
556;0
557;0
558;0
559;0
560;0
561;0
562;0
563;0
564;0
565;0
566;0
567;0
568;0
569;0
570;0
571;0
572;0
573;0
574;0
575;0
576;0
577;0
578;0
579;0
580;0
581;0
582;0
583;0
584;0
585;0
586;0
587;0
588;0
589;0
590;0
591;0
592;0
593;0
594;0
595;0
596;0
597;0
598;0
599;0
600;0
601;0
602;0
603;0
604;0
605;0
606;0
607;0
608;0
609;0
610;0
611;0
612;0
613;0
614;0
615;0
616;0
617;0
618;0
619;0
620;0
621;0
622;0
623;0
624;0
625;0
626;0
627;0
628;0
629;0
630;0
631;0
632;0
633;0
634;0
635;0
636;0
637;0
638;0
639;0
640;0
641;0
642;0
643;0
644;0
645;0
646;0
647;0
648;0
649;0
650;0
651;0
652;0
653;0
654;0
655;0
656;0
657;0
658;0
659;0
660;0
661;0
662;0
663;0
664;0
665;0
666;0
667;0
668;0
669;0
670;0
671;0
672;0
673;0
674;0
675;0
676;0
677;0
678;0
679;0
680;0
681;0
682;0
683;0
684;0
685;0
686;0
687;0
688;0
689;0
690;0
691;0
692;0
693;0
694;0
695;0
696;0
697;0
698;0
699;0
700;0
701;0
702;0
703;0
704;0
705;0
706;0
707;0
708;0
709;0
710;0
711;0
712;0
713;0
714;0
715;0
716;0
717;0
718;0
719;0
720;0
721;0
722;0
723;0
724;0
725;0
726;0
727;0
728;0
729;0
730;0
731;0
732;0
733;0
734;0
735;0
736;0
737;0
738;0
739;0
740;0
741;0
742;0
743;0
744;0
745;0
746;0
747;0
748;0
749;0
750;0
751;0
752;0
753;0
754;0
755;0
756;0
757;0
758;0
759;0
760;0
761;0
762;0
763;0
764;0
765;0
766;0
767;0
768;0
769;0
770;0
771;0
772;0
773;0
774;0
775;0
776;0
777;0
778;0
779;0
780;0
781;0
782;0
783;0
784;0
785;0
786;0
787;0
788;0
789;0
790;0
791;0
792;0
793;0
794;0
795;0
796;0
797;0
798;0
799;0
800;0
801;0
802;0
803;0
804;0
805;0
806;0
807;0
808;0
809;0
810;0
811;0
812;0
813;0
814;0
815;0
816;0
817;0
818;0
819;0
820;0
821;0
822;0
823;0
824;0
825;0
826;0
827;0
828;0
829;0
830;0
831;0
832;0
833;0
834;0
835;0
836;0
837;0
838;0
839;0
840;0
841;0
842;0
843;0
844;0
845;0
846;0
847;0
848;0
849;0
850;0
851;0
852;0
853;0
854;0
855;0
856;0
857;0
858;0
859;0
860;0
861;0
862;0
863;0
864;0
865;0
866;0
867;0
868;0
869;0
870;0
871;0
872;0
873;0
874;0
875;0
876;0
877;0
878;0
879;0
880;0
881;0
882;0
883;0
884;0
885;0
886;0
887;0
888;0
889;0
890;0
891;0
892;0
893;0
894;0
895;0
896;0
897;0
898;0
899;0
900;0
901;0
902;0
903;0
904;0
905;0
906;0
907;0
908;0
909;0
910;0
911;0
912;0
913;0
914;0
915;0
916;0
917;0
918;0
919;0
920;0
921;0
922;0
923;0
924;0
925;0
926;0
927;0
928;0
929;0
930;0
931;0
932;0
933;0
934;0
935;0
936;0
937;0
938;0
939;0
940;0
941;0
942;0
943;0
944;0
945;0
946;0
947;0
948;0
949;0
950;0
951;0
952;0
953;0
954;0
955;0
956;0
957;0
958;0
959;0
960;0
961;0
962;0
963;0
964;0
965;0
966;0
967;0
968;0
969;0
970;0
971;0
972;0
973;0
974;0
975;0
976;0
977;0
978;0
979;0
980;0
981;0
982;0
983;0
984;0
985;0
986;0
987;0
988;0
989;0
990;0
991;0
992;0
993;0
994;0
995;0
996;0
997;0
998;0
999;0
1000;0
1001;0
1002;0
1003;0
1004;0
1005;0
1006;0
1007;0
1008;0
1009;0
1010;0
1011;0
1012;0
1013;0
1014;0
1015;0
1016;0
1017;0
1018;0
1019;0
1020;0
1021;0
1022;0
1023;0
1024;0
