L 32,p 0.583700,Z 100000
/* Tamanio de cluster; Ocurrencias de cada tamaño de cluster */
1;2126987
2;497914
3;306154
4;205730
5;145496
6;108332
7;85480
8;68831
9;57364
10;48133
11;41267
12;35766
13;31321
14;27950
15;25042
16;22173
17;20097
18;18351
19;16853
20;15457
21;14355
22;13262
23;12287
24;11461
25;10620
26;9841
27;9469
28;8826
29;8394
30;7997
31;7400
32;7210
33;6867
34;6534
35;6264
36;5730
37;5497
38;5393
39;5110
40;4970
41;4732
42;4660
43;4530
44;4207
45;4099
46;3877
47;3766
48;3668
49;3570
50;3476
51;3323
52;3181
53;3108
54;3049
55;2931
56;2825
57;2757
58;2601
59;2646
60;2667
61;2386
62;2365
63;2365
64;2298
65;2228
66;2095
67;2126
68;2023
69;2058
70;2038
71;1971
72;1973
73;1865
74;1808
75;1810
76;1666
77;1715
78;1668
79;1604
80;1619
81;1615
82;1525
83;1538
84;1505
85;1457
86;1453
87;1398
88;1321
89;1331
90;1339
91;1326
92;1246
93;1243
94;1255
95;1149
96;1169
97;1189
98;1160
99;1099
100;1157
101;1066
102;1116
103;1045
104;1059
105;1003
106;1043
107;992
108;1073
109;959
110;912
111;944
112;906
113;939
114;844
115;890
116;881
117;841
118;818
119;840
120;867
121;786
122;778
123;804
124;805
125;770
126;738
127;798
128;740
129;775
130;714
131;706
132;646
133;716
134;696
135;683
136;705
137;703
138;675
139;690
140;652
141;631
142;643
143;650
144;609
145;654
146;603
147;615
148;608
149;570
150;599
151;577
152;582
153;550
154;551
155;549
156;537
157;516
158;520
159;540
160;524
161;538
162;531
163;512
164;482
165;486
166;475
167;495
168;470
169;456
170;470
171;461
172;481
173;482
174;442
175;437
176;474
177;465
178;406
179;463
180;410
181;408
182;435
183;425
184;405
185;442
186;404
187;374
188;437
189;377
190;378
191;411
192;447
193;422
194;351
195;356
196;370
197;357
198;358
199;319
200;376
201;342
202;357
203;336
204;364
205;368
206;377
207;314
208;331
209;298
210;312
211;339
212;336
213;372
214;349
215;336
216;322
217;286
218;279
219;302
220;295
221;306
222;297
223;290
224;306
225;296
226;268
227;285
228;285
229;292
230;284
231;315
232;289
233;309
234;249
235;284
236;276
237;286
238;250
239;257
240;275
241;272
242;246
243;232
244;254
245;264
246;248
247;265
248;242
249;225
250;250
251;246
252;254
253;236
254;233
255;227
256;227
257;226
258;241
259;242
260;210
261;221
262;218
263;207
264;198
265;196
266;197
267;216
268;194
269;188
270;225
271;218
272;205
273;213
274;213
275;208
276;195
277;172
278;190
279;190
280;185
281;190
282;197
283;193
284;186
285;184
286;172
287;176
288;191
289;146
290;188
291;168
292;162
293;162
294;159
295;172
296;168
297;175
298;166
299;173
300;178
301;142
302;151
303;163
304;136
305;154
306;141
307;170
308;135
309;149
310;151
311;135
312;129
313;138
314;142
315;162
316;136
317;138
318;140
319;142
320;152
321;125
322;119
323;136
324;146
325;117
326;128
327;100
328;115
329;118
330;113
331;107
332;124
333;133
334;95
335;119
336;118
337;107
338;113
339;120
340;135
341;99
342;107
343;131
344;118
345;121
346;108
347;107
348;113
349;95
350;96
351;93
352;130
353;87
354;91
355;76
356;77
357;89
358;97
359;100
360;90
361;82
362;86
363;90
364;78
365;89
366;74
367;82
368;66
369;72
370;69
371;84
372;70
373;74
374;97
375;74
376;73
377;50
378;72
379;75
380;67
381;65
382;58
383;74
384;58
385;62
386;67
387;51
388;59
389;62
390;56
391;59
392;45
393;64
394;48
395;62
396;43
397;57
398;54
399;38
400;44
401;38
402;41
403;41
404;42
405;43
406;39
407;37
408;30
409;34
410;33
411;37
412;38
413;43
414;29
415;32
416;27
417;28
418;26
419;21
420;30
421;23
422;40
423;22
424;22
425;28
426;22
427;21
428;24
429;18
430;23
431;26
432;25
433;21
434;17
435;19
436;16
437;18
438;23
439;20
440;15
441;21
442;16
443;14
444;6
445;16
446;12
447;19
448;16
449;9
450;10
451;17
452;13
453;5
454;16
455;6
456;9
457;11
458;12
459;11
460;14
461;9
462;9
463;5
464;5
465;2
466;11
467;13
468;9
469;6
470;7
471;7
472;6
473;6
474;5
475;5
476;6
477;2
478;3
479;3
480;7
481;5
482;2
483;9
484;3
485;2
486;2
487;3
488;2
489;5
490;2
491;2
492;2
493;2
494;3
495;3
496;3
497;3
498;0
499;3
500;2
501;2
502;4
503;1
504;1
505;1
506;1
507;1
508;2
509;1
510;0
511;2
512;0
513;1
514;1
515;0
516;0
517;1
518;0
519;0
520;1
521;0
522;2
523;1
524;0
525;0
526;0
527;0
528;0
529;0
530;0
531;1
532;0
533;0
534;0
535;0
536;0
537;0
538;0
539;0
540;0
541;0
542;0
543;0
544;0
545;0
546;0
547;1
548;0
549;0
550;0
551;0
552;0
553;0
554;0
555;0
556;0
557;0
558;0
559;0
560;0
561;0
562;0
563;0
564;0
565;0
566;0
567;0
568;0
569;0
570;0
571;0
572;0
573;0
574;0
575;0
576;0
577;0
578;0
579;0
580;0
581;0
582;0
583;0
584;0
585;0
586;0
587;0
588;0
589;0
590;0
591;0
592;0
593;0
594;0
595;0
596;0
597;0
598;0
599;0
600;0
601;0
602;0
603;0
604;0
605;0
606;0
607;0
608;0
609;0
610;0
611;0
612;0
613;0
614;0
615;0
616;0
617;0
618;0
619;0
620;0
621;0
622;0
623;0
624;0
625;0
626;0
627;0
628;0
629;0
630;0
631;0
632;0
633;0
634;0
635;0
636;0
637;0
638;0
639;0
640;0
641;0
642;0
643;0
644;0
645;0
646;0
647;0
648;0
649;0
650;0
651;0
652;0
653;0
654;0
655;0
656;0
657;0
658;0
659;0
660;0
661;0
662;0
663;0
664;0
665;0
666;0
667;0
668;0
669;0
670;0
671;0
672;0
673;0
674;0
675;0
676;0
677;0
678;0
679;0
680;0
681;0
682;0
683;0
684;0
685;0
686;0
687;0
688;0
689;0
690;0
691;0
692;0
693;0
694;0
695;0
696;0
697;0
698;0
699;0
700;0
701;0
702;0
703;0
704;0
705;0
706;0
707;0
708;0
709;0
710;0
711;0
712;0
713;0
714;0
715;0
716;0
717;0
718;0
719;0
720;0
721;0
722;0
723;0
724;0
725;0
726;0
727;0
728;0
729;0
730;0
731;0
732;0
733;0
734;0
735;0
736;0
737;0
738;0
739;0
740;0
741;0
742;0
743;0
744;0
745;0
746;0
747;0
748;0
749;0
750;0
751;0
752;0
753;0
754;0
755;0
756;0
757;0
758;0
759;0
760;0
761;0
762;0
763;0
764;0
765;0
766;0
767;0
768;0
769;0
770;0
771;0
772;0
773;0
774;0
775;0
776;0
777;0
778;0
779;0
780;0
781;0
782;0
783;0
784;0
785;0
786;0
787;0
788;0
789;0
790;0
791;0
792;0
793;0
794;0
795;0
796;0
797;0
798;0
799;0
800;0
801;0
802;0
803;0
804;0
805;0
806;0
807;0
808;0
809;0
810;0
811;0
812;0
813;0
814;0
815;0
816;0
817;0
818;0
819;0
820;0
821;0
822;0
823;0
824;0
825;0
826;0
827;0
828;0
829;0
830;0
831;0
832;0
833;0
834;0
835;0
836;0
837;0
838;0
839;0
840;0
841;0
842;0
843;0
844;0
845;0
846;0
847;0
848;0
849;0
850;0
851;0
852;0
853;0
854;0
855;0
856;0
857;0
858;0
859;0
860;0
861;0
862;0
863;0
864;0
865;0
866;0
867;0
868;0
869;0
870;0
871;0
872;0
873;0
874;0
875;0
876;0
877;0
878;0
879;0
880;0
881;0
882;0
883;0
884;0
885;0
886;0
887;0
888;0
889;0
890;0
891;0
892;0
893;0
894;0
895;0
896;0
897;0
898;0
899;0
900;0
901;0
902;0
903;0
904;0
905;0
906;0
907;0
908;0
909;0
910;0
911;0
912;0
913;0
914;0
915;0
916;0
917;0
918;0
919;0
920;0
921;0
922;0
923;0
924;0
925;0
926;0
927;0
928;0
929;0
930;0
931;0
932;0
933;0
934;0
935;0
936;0
937;0
938;0
939;0
940;0
941;0
942;0
943;0
944;0
945;0
946;0
947;0
948;0
949;0
950;0
951;0
952;0
953;0
954;0
955;0
956;0
957;0
958;0
959;0
960;0
961;0
962;0
963;0
964;0
965;0
966;0
967;0
968;0
969;0
970;0
971;0
972;0
973;0
974;0
975;0
976;0
977;0
978;0
979;0
980;0
981;0
982;0
983;0
984;0
985;0
986;0
987;0
988;0
989;0
990;0
991;0
992;0
993;0
994;0
995;0
996;0
997;0
998;0
999;0
1000;0
1001;0
1002;0
1003;0
1004;0
1005;0
1006;0
1007;0
1008;0
1009;0
1010;0
1011;0
1012;0
1013;0
1014;0
1015;0
1016;0
1017;0
1018;0
1019;0
1020;0
1021;0
1022;0
1023;0
1024;0
