L 32,p 0.585700,Z 100000
/* Tamanio de cluster; Ocurrencias de cada tamaño de cluster */
1;2091800
2;489724
3;299186
4;201853
5;142573
6;106046
7;82801
8;67457
9;55655
10;47175
11;40147
12;34698
13;30671
14;27078
15;24334
16;21397
17;19615
18;17908
19;16315
20;14730
21;14092
22;12871
23;11830
24;10974
25;10297
26;9657
27;9250
28;8808
29;8221
30;7739
31;7393
32;6869
33;6357
34;6409
35;6031
36;5662
37;5432
38;5287
39;4986
40;4963
41;4663
42;4403
43;4276
44;4064
45;3867
46;3896
47;3605
48;3506
49;3408
50;3245
51;3230
52;3200
53;3017
54;2954
55;2773
56;2776
57;2753
58;2675
59;2573
60;2506
61;2459
62;2368
63;2316
64;2211
65;2223
66;2178
67;2069
68;2027
69;2008
70;1912
71;1837
72;1871
73;1919
74;1792
75;1700
76;1645
77;1636
78;1580
79;1604
80;1494
81;1458
82;1503
83;1444
84;1384
85;1475
86;1359
87;1341
88;1330
89;1355
90;1251
91;1254
92;1255
93;1195
94;1240
95;1180
96;1130
97;1137
98;1107
99;1093
100;1069
101;1038
102;1075
103;1060
104;986
105;1035
106;1018
107;989
108;985
109;931
110;930
111;891
112;941
113;942
114;906
115;848
116;829
117;831
118;884
119;806
120;843
121;831
122;797
123;792
124;742
125;800
126;711
127;706
128;740
129;694
130;700
131;701
132;704
133;669
134;730
135;684
136;688
137;614
138;639
139;670
140;650
141;651
142;615
143;600
144;601
145;633
146;540
147;588
148;558
149;558
150;554
151;556
152;570
153;549
154;535
155;558
156;555
157;550
158;545
159;556
160;502
161;486
162;468
163;489
164;504
165;501
166;472
167;461
168;466
169;460
170;480
171;462
172;437
173;413
174;413
175;437
176;442
177;455
178;421
179;415
180;460
181;470
182;444
183;395
184;396
185;407
186;357
187;419
188;400
189;380
190;396
191;360
192;392
193;395
194;383
195;383
196;368
197;379
198;345
199;366
200;311
201;369
202;336
203;354
204;332
205;335
206;323
207;328
208;319
209;341
210;333
211;334
212;292
213;300
214;342
215;294
216;292
217;303
218;319
219;318
220;295
221;298
222;304
223;287
224;286
225;296
226;309
227;330
228;327
229;305
230;265
231;291
232;281
233;254
234;285
235;286
236;265
237;276
238;259
239;239
240;263
241;286
242;279
243;261
244;271
245;237
246;242
247;242
248;253
249;269
250;241
251;254
252;247
253;232
254;253
255;239
256;213
257;237
258;210
259;246
260;211
261;228
262;200
263;206
264;204
265;210
266;249
267;233
268;201
269;211
270;194
271;225
272;208
273;230
274;205
275;207
276;199
277;194
278;173
279;176
280;188
281;167
282;185
283;174
284;190
285;180
286;175
287;177
288;203
289;193
290;155
291;200
292;180
293;178
294;180
295;150
296;180
297;177
298;158
299;151
300;158
301;166
302;153
303;158
304;150
305;157
306;153
307;165
308;147
309;136
310;153
311;157
312;112
313;142
314;144
315;129
316;132
317;154
318;165
319;160
320;134
321;138
322;130
323;126
324;131
325;111
326;116
327;129
328;118
329;146
330;121
331;105
332;132
333;126
334;117
335;104
336;118
337;114
338;117
339;110
340;112
341;128
342;110
343;103
344;99
345;109
346;109
347;96
348;105
349;87
350;96
351;95
352;105
353;96
354;104
355;76
356;99
357;85
358;84
359;103
360;82
361;105
362;71
363;82
364;95
365;85
366;83
367;81
368;79
369;79
370;76
371;67
372;81
373;68
374;70
375;72
376;70
377;79
378;56
379;68
380;67
381;57
382;65
383;61
384;45
385;54
386;52
387;53
388;73
389;62
390;58
391;57
392;47
393;70
394;50
395;47
396;50
397;48
398;52
399;37
400;47
401;43
402;50
403;32
404;26
405;29
406;44
407;52
408;41
409;50
410;43
411;33
412;41
413;33
414;33
415;29
416;29
417;31
418;24
419;39
420;29
421;28
422;21
423;30
424;36
425;34
426;22
427;30
428;29
429;25
430;22
431;25
432;23
433;26
434;22
435;23
436;20
437;29
438;22
439;21
440;23
441;14
442;21
443;18
444;17
445;12
446;15
447;24
448;18
449;17
450;20
451;13
452;16
453;13
454;19
455;19
456;10
457;10
458;12
459;15
460;4
461;9
462;16
463;13
464;8
465;11
466;4
467;7
468;4
469;5
470;10
471;8
472;13
473;8
474;11
475;6
476;8
477;5
478;9
479;8
480;6
481;3
482;5
483;3
484;6
485;3
486;7
487;4
488;4
489;2
490;2
491;2
492;0
493;1
494;2
495;8
496;6
497;3
498;1
499;2
500;2
501;2
502;1
503;1
504;3
505;1
506;1
507;0
508;0
509;0
510;0
511;0
512;1
513;2
514;0
515;0
516;0
517;2
518;1
519;2
520;0
521;1
522;1
523;1
524;0
525;0
526;1
527;1
528;1
529;1
530;1
531;0
532;1
533;0
534;0
535;1
536;0
537;0
538;0
539;0
540;0
541;1
542;0
543;0
544;0
545;0
546;0
547;0
548;0
549;0
550;0
551;0
552;0
553;0
554;1
555;0
556;0
557;0
558;0
559;0
560;0
561;0
562;0
563;0
564;0
565;0
566;0
567;0
568;0
569;0
570;0
571;0
572;0
573;0
574;0
575;0
576;0
577;0
578;0
579;0
580;0
581;0
582;0
583;0
584;0
585;0
586;0
587;0
588;0
589;0
590;0
591;0
592;0
593;0
594;0
595;0
596;0
597;0
598;0
599;0
600;0
601;0
602;0
603;0
604;0
605;0
606;0
607;0
608;0
609;0
610;0
611;0
612;0
613;0
614;0
615;0
616;0
617;0
618;0
619;0
620;0
621;0
622;0
623;0
624;0
625;0
626;0
627;0
628;0
629;0
630;0
631;0
632;0
633;0
634;0
635;0
636;0
637;0
638;0
639;0
640;0
641;0
642;0
643;0
644;0
645;0
646;0
647;0
648;0
649;0
650;0
651;0
652;0
653;0
654;0
655;0
656;0
657;0
658;0
659;0
660;0
661;0
662;0
663;0
664;0
665;0
666;0
667;0
668;0
669;0
670;0
671;0
672;0
673;0
674;0
675;0
676;0
677;0
678;0
679;0
680;0
681;0
682;0
683;0
684;0
685;0
686;0
687;0
688;0
689;0
690;0
691;0
692;0
693;0
694;0
695;0
696;0
697;0
698;0
699;0
700;0
701;0
702;0
703;0
704;0
705;0
706;0
707;0
708;0
709;0
710;0
711;0
712;0
713;0
714;0
715;0
716;0
717;0
718;0
719;0
720;0
721;0
722;0
723;0
724;0
725;0
726;0
727;0
728;0
729;0
730;0
731;0
732;0
733;0
734;0
735;0
736;0
737;0
738;0
739;0
740;0
741;0
742;0
743;0
744;0
745;0
746;0
747;0
748;0
749;0
750;0
751;0
752;0
753;0
754;0
755;0
756;0
757;0
758;0
759;0
760;0
761;0
762;0
763;0
764;0
765;0
766;0
767;0
768;0
769;0
770;0
771;0
772;0
773;0
774;0
775;0
776;0
777;0
778;0
779;0
780;0
781;0
782;0
783;0
784;0
785;0
786;0
787;0
788;0
789;0
790;0
791;0
792;0
793;0
794;0
795;0
796;0
797;0
798;0
799;0
800;0
801;0
802;0
803;0
804;0
805;0
806;0
807;0
808;0
809;0
810;0
811;0
812;0
813;0
814;0
815;0
816;0
817;0
818;0
819;0
820;0
821;0
822;0
823;0
824;0
825;0
826;0
827;0
828;0
829;0
830;0
831;0
832;0
833;0
834;0
835;0
836;0
837;0
838;0
839;0
840;0
841;0
842;0
843;0
844;0
845;0
846;0
847;0
848;0
849;0
850;0
851;0
852;0
853;0
854;0
855;0
856;0
857;0
858;0
859;0
860;0
861;0
862;0
863;0
864;0
865;0
866;0
867;0
868;0
869;0
870;0
871;0
872;0
873;0
874;0
875;0
876;0
877;0
878;0
879;0
880;0
881;0
882;0
883;0
884;0
885;0
886;0
887;0
888;0
889;0
890;0
891;0
892;0
893;0
894;0
895;0
896;0
897;0
898;0
899;0
900;0
901;0
902;0
903;0
904;0
905;0
906;0
907;0
908;0
909;0
910;0
911;0
912;0
913;0
914;0
915;0
916;0
917;0
918;0
919;0
920;0
921;0
922;0
923;0
924;0
925;0
926;0
927;0
928;0
929;0
930;0
931;0
932;0
933;0
934;0
935;0
936;0
937;0
938;0
939;0
940;0
941;0
942;0
943;0
944;0
945;0
946;0
947;0
948;0
949;0
950;0
951;0
952;0
953;0
954;0
955;0
956;0
957;0
958;0
959;0
960;0
961;0
962;0
963;0
964;0
965;0
966;0
967;0
968;0
969;0
970;0
971;0
972;0
973;0
974;0
975;0
976;0
977;0
978;0
979;0
980;0
981;0
982;0
983;0
984;0
985;0
986;0
987;0
988;0
989;0
990;0
991;0
992;0
993;0
994;0
995;0
996;0
997;0
998;0
999;0
1000;0
1001;0
1002;0
1003;0
1004;0
1005;0
1006;0
1007;0
1008;0
1009;0
1010;0
1011;0
1012;0
1013;0
1014;0
1015;0
1016;0
1017;0
1018;0
1019;0
1020;0
1021;0
1022;0
1023;0
1024;0
