L 32,p 0.591300,Z 100000
/* Tamanio de cluster; Ocurrencias de cada tamaño de cluster */
1;2008863
2;464645
3;283669
4;190006
5;134189
6;99685
7;77564
8;62958
9;52194
10;43854
11;37561
12;32653
13;28478
14;25083
15;22477
16;20255
17;17861
18;16718
19;15040
20;13918
21;12808
22;11847
23;10957
24;10248
25;9600
26;8903
27;8533
28;8055
29;7477
30;6919
31;6591
32;6411
33;6024
34;5701
35;5481
36;5262
37;5013
38;4747
39;4631
40;4520
41;4267
42;4056
43;3948
44;3624
45;3678
46;3490
47;3322
48;3240
49;3184
50;3052
51;2890
52;2769
53;2770
54;2751
55;2631
56;2529
57;2464
58;2425
59;2382
60;2314
61;2314
62;2113
63;2130
64;1957
65;1968
66;1840
67;1827
68;1888
69;1791
70;1690
71;1634
72;1735
73;1580
74;1608
75;1552
76;1557
77;1524
78;1503
79;1452
80;1371
81;1380
82;1394
83;1364
84;1340
85;1353
86;1240
87;1207
88;1202
89;1194
90;1196
91;1211
92;1111
93;1081
94;1098
95;1133
96;1036
97;1023
98;1010
99;991
100;961
101;965
102;956
103;953
104;918
105;885
106;862
107;908
108;880
109;930
110;841
111;870
112;779
113;830
114;784
115;814
116;815
117;733
118;751
119;703
120;722
121;727
122;695
123;737
124;714
125;670
126;716
127;666
128;655
129;669
130;669
131;640
132;652
133;609
134;595
135;599
136;639
137;584
138;600
139;597
140;600
141;588
142;574
143;599
144;520
145;542
146;543
147;541
148;525
149;524
150;503
151;556
152;508
153;507
154;500
155;522
156;484
157;467
158;483
159;504
160;505
161;484
162;438
163;430
164;458
165;459
166;415
167;467
168;472
169;428
170;394
171;419
172;419
173;392
174;401
175;437
176;413
177;387
178;420
179;416
180;373
181;406
182;407
183;403
184;362
185;324
186;368
187;384
188;398
189;409
190;384
191;351
192;381
193;348
194;340
195;343
196;346
197;333
198;344
199;363
200;342
201;280
202;310
203;350
204;306
205;310
206;321
207;301
208;311
209;330
210;370
211;301
212;315
213;299
214;299
215;267
216;286
217;275
218;270
219;278
220;262
221;279
222;306
223;289
224;284
225;278
226;287
227;269
228;269
229;253
230;261
231;241
232;252
233;290
234;241
235;261
236;245
237;217
238;224
239;230
240;244
241;263
242;260
243;255
244;245
245;250
246;235
247;226
248;235
249;251
250;226
251;225
252;209
253;240
254;232
255;230
256;213
257;234
258;201
259;226
260;208
261;250
262;206
263;211
264;197
265;190
266;236
267;215
268;222
269;215
270;195
271;214
272;218
273;224
274;200
275;190
276;195
277;197
278;201
279;172
280;172
281;172
282;180
283;177
284;184
285;192
286;180
287;185
288;160
289;183
290;176
291;162
292;164
293;153
294;159
295;155
296;163
297;148
298;147
299;157
300;173
301;171
302;177
303;175
304;154
305;137
306;149
307;154
308;154
309;164
310;146
311;128
312;144
313;141
314;134
315;151
316;145
317;134
318;132
319;132
320;142
321;140
322;133
323;142
324;132
325;125
326;144
327;113
328;131
329;127
330;129
331;148
332;136
333;135
334;104
335;125
336;134
337;115
338;119
339;129
340;111
341;120
342;114
343;112
344;125
345;118
346;117
347;133
348;113
349;104
350;104
351;112
352;101
353;97
354;88
355;121
356;111
357;105
358;92
359;88
360;95
361;103
362;80
363;92
364;81
365;73
366;75
367;83
368;74
369;71
370;83
371;93
372;67
373;66
374;76
375;74
376;69
377;80
378;77
379;70
380;59
381;73
382;75
383;84
384;64
385;67
386;67
387;63
388;62
389;74
390;53
391;59
392;61
393;65
394;59
395;47
396;54
397;42
398;58
399;54
400;59
401;50
402;43
403;55
404;66
405;59
406;74
407;34
408;54
409;65
410;46
411;57
412;44
413;46
414;48
415;44
416;44
417;46
418;36
419;36
420;30
421;40
422;52
423;48
424;35
425;40
426;38
427;30
428;25
429;20
430;29
431;27
432;23
433;19
434;31
435;32
436;25
437;29
438;32
439;24
440;24
441;32
442;30
443;20
444;20
445;22
446;25
447;18
448;24
449;14
450;19
451;23
452;22
453;15
454;13
455;22
456;24
457;19
458;15
459;18
460;18
461;17
462;17
463;19
464;10
465;14
466;17
467;12
468;8
469;9
470;9
471;16
472;11
473;7
474;12
475;4
476;11
477;5
478;10
479;8
480;6
481;4
482;6
483;7
484;4
485;8
486;6
487;5
488;6
489;7
490;5
491;4
492;5
493;2
494;3
495;5
496;6
497;4
498;4
499;1
500;0
501;8
502;3
503;3
504;1
505;6
506;8
507;1
508;2
509;2
510;2
511;2
512;0
513;1
514;0
515;4
516;0
517;0
518;0
519;0
520;1
521;3
522;2
523;1
524;1
525;1
526;2
527;0
528;0
529;3
530;0
531;1
532;0
533;1
534;0
535;1
536;0
537;1
538;0
539;1
540;0
541;0
542;0
543;1
544;0
545;0
546;0
547;0
548;0
549;0
550;0
551;0
552;0
553;0
554;0
555;0
556;0
557;0
558;0
559;0
560;0
561;0
562;0
563;0
564;0
565;1
566;0
567;0
568;0
569;0
570;0
571;0
572;0
573;0
574;0
575;0
576;0
577;0
578;0
579;0
580;0
581;0
582;0
583;0
584;0
585;0
586;0
587;0
588;0
589;0
590;0
591;0
592;0
593;0
594;0
595;0
596;0
597;0
598;0
599;0
600;0
601;0
602;0
603;0
604;0
605;0
606;0
607;0
608;0
609;0
610;0
611;0
612;0
613;0
614;0
615;0
616;0
617;0
618;0
619;0
620;0
621;0
622;0
623;0
624;0
625;0
626;0
627;0
628;0
629;0
630;0
631;0
632;0
633;0
634;0
635;0
636;0
637;0
638;0
639;0
640;0
641;0
642;0
643;0
644;0
645;0
646;0
647;0
648;0
649;0
650;0
651;0
652;0
653;0
654;0
655;0
656;0
657;0
658;0
659;0
660;0
661;0
662;0
663;0
664;0
665;0
666;0
667;0
668;0
669;0
670;0
671;0
672;0
673;0
674;0
675;0
676;0
677;0
678;0
679;0
680;0
681;0
682;0
683;0
684;0
685;0
686;0
687;0
688;0
689;0
690;0
691;0
692;0
693;0
694;0
695;0
696;0
697;0
698;0
699;0
700;0
701;0
702;0
703;0
704;0
705;0
706;0
707;0
708;0
709;0
710;0
711;0
712;0
713;0
714;0
715;0
716;0
717;0
718;0
719;0
720;0
721;0
722;0
723;0
724;0
725;0
726;0
727;0
728;0
729;0
730;0
731;0
732;0
733;0
734;0
735;0
736;0
737;0
738;0
739;0
740;0
741;0
742;0
743;0
744;0
745;0
746;0
747;0
748;0
749;0
750;0
751;0
752;0
753;0
754;0
755;0
756;0
757;0
758;0
759;0
760;0
761;0
762;0
763;0
764;0
765;0
766;0
767;0
768;0
769;0
770;0
771;0
772;0
773;0
774;0
775;0
776;0
777;0
778;0
779;0
780;0
781;0
782;0
783;0
784;0
785;0
786;0
787;0
788;0
789;0
790;0
791;0
792;0
793;0
794;0
795;0
796;0
797;0
798;0
799;0
800;0
801;0
802;0
803;0
804;0
805;0
806;0
807;0
808;0
809;0
810;0
811;0
812;0
813;0
814;0
815;0
816;0
817;0
818;0
819;0
820;0
821;0
822;0
823;0
824;0
825;0
826;0
827;0
828;0
829;0
830;0
831;0
832;0
833;0
834;0
835;0
836;0
837;0
838;0
839;0
840;0
841;0
842;0
843;0
844;0
845;0
846;0
847;0
848;0
849;0
850;0
851;0
852;0
853;0
854;0
855;0
856;0
857;0
858;0
859;0
860;0
861;0
862;0
863;0
864;0
865;0
866;0
867;0
868;0
869;0
870;0
871;0
872;0
873;0
874;0
875;0
876;0
877;0
878;0
879;0
880;0
881;0
882;0
883;0
884;0
885;0
886;0
887;0
888;0
889;0
890;0
891;0
892;0
893;0
894;0
895;0
896;0
897;0
898;0
899;0
900;0
901;0
902;0
903;0
904;0
905;0
906;0
907;0
908;0
909;0
910;0
911;0
912;0
913;0
914;0
915;0
916;0
917;0
918;0
919;0
920;0
921;0
922;0
923;0
924;0
925;0
926;0
927;0
928;0
929;0
930;0
931;0
932;0
933;0
934;0
935;0
936;0
937;0
938;0
939;0
940;0
941;0
942;0
943;0
944;0
945;0
946;0
947;0
948;0
949;0
950;0
951;0
952;0
953;0
954;0
955;0
956;0
957;0
958;0
959;0
960;0
961;0
962;0
963;0
964;0
965;0
966;0
967;0
968;0
969;0
970;0
971;0
972;0
973;0
974;0
975;0
976;0
977;0
978;0
979;0
980;0
981;0
982;0
983;0
984;0
985;0
986;0
987;0
988;0
989;0
990;0
991;0
992;0
993;0
994;0
995;0
996;0
997;0
998;0
999;0
1000;0
1001;0
1002;0
1003;0
1004;0
1005;0
1006;0
1007;0
1008;0
1009;0
1010;0
1011;0
1012;0
1013;0
1014;0
1015;0
1016;0
1017;0
1018;0
1019;0
1020;0
1021;0
1022;0
1023;0
1024;0
