/* L 6 Z 100000 */
/* probabilidad; segundo momento */
0.010000;36878
0.020000;76719
0.030000;119305
0.040000;165263
0.050000;214260
0.060000;266346
0.070000;321040
0.080000;380689
0.090000;445377
0.100000;514659
0.110000;587666
0.120000;666985
0.130000;751569
0.140000;841874
0.150000;938310
0.160000;1039546
0.170000;1150218
0.180000;1267370
0.190000;1394882
0.200000;1530523
0.210000;1674003
0.220000;1830119
0.230000;1993116
0.240000;2169645
0.250000;2356726
0.260000;2539612
0.270000;2748841
0.280000;2966160
0.290000;3191187
0.300000;3427753
0.310000;3675939
0.320000;3942233
0.330000;4209753
0.340000;4488747
0.350000;4782034
0.360000;5079116
0.370000;5386757
0.380000;5694738
0.390000;5996331
0.400000;6301226
0.410000;6601080
0.420000;6914004
0.430000;7214946
0.440000;7515963
0.450000;7791108
0.460000;8047868
0.470000;8295936
0.480000;8505511
0.490000;8695632
0.500000;8870432
0.500100;8872570
0.500200;8872842
0.500300;8873939
0.500400;8875398
0.500500;8877410
0.500600;8879211
0.500700;8879855
0.500800;8896228
0.500900;8897128
0.501000;8899265
0.501100;8898513
0.501200;8901060
0.501300;8902244
0.501400;8904729
0.501500;8869094
0.501600;8871223
0.501700;8873062
0.501800;8875506
0.501900;8878407
0.502000;8880600
0.502100;8883094
0.502200;8886487
0.502300;8914264
0.502400;8915635
0.502500;8915754
0.502600;8917128
0.502700;8918230
0.502800;8917361
0.502900;8919111
0.503000;8919549
0.503100;8925097
0.503200;8927699
0.503300;8927871
0.503400;8931050
0.503500;8930602
0.503600;8932016
0.503700;8933024
0.503800;8907835
0.503900;8911407
0.504000;8910837
0.504100;8912867
0.504200;8914304
0.504300;8915884
0.504400;8917063
0.504500;8918261
0.504600;8931814
0.504700;8933864
0.504800;8935423
0.504900;8935366
0.505000;8938338
0.505100;8940088
0.505200;8942137
0.505300;8944908
0.505400;8938979
0.505500;8938858
0.505600;8939527
0.505700;8939227
0.505800;8941656
0.505900;8943395
0.506000;8945460
0.506100;8948760
0.506200;8954182
0.506300;8954081
0.506400;8954844
0.506500;8955580
0.506600;8958221
0.506700;8961626
0.506800;8964693
0.506900;8967963
0.507000;8941484
0.507100;8940287
0.507200;8941654
0.507300;8942336
0.507400;8944635
0.507500;8945929
0.507600;8947480
0.507700;9013931
0.507800;9014624
0.507900;9016576
0.508000;9017980
0.508100;9019127
0.508200;9020781
0.508300;9021633
0.508400;9022733
0.508500;8985577
0.508600;8986078
0.508700;8986749
0.508800;8989007
0.508900;8990291
0.509000;8992662
0.509100;8993253
0.509200;8994253
0.509300;9014565
0.509400;9015617
0.509500;9017007
0.509600;9020058
0.509700;9020396
0.509800;9020661
0.509900;9023342
0.510000;9025750
0.510100;9011170
0.510200;9012959
0.510300;9015203
0.510400;9014745
0.510500;9016123
0.510600;9016689
0.510700;9019472
0.510800;8954771
0.510900;8956485
0.511000;8957802
0.511100;8958683
0.511200;8961014
0.511300;8962456
0.511400;8964850
0.511500;8965443
0.511600;8959937
0.511700;8960370
0.511800;8962239
0.511900;8963627
0.512000;8963606
0.512100;8964392
0.512200;8965590
0.512300;8966523
0.512400;9032026
0.512500;9033135
0.512600;9032763
0.512700;9033459
0.512800;9033959
0.512900;9035715
0.513000;9037040
0.513100;9038738
0.513200;9024504
0.513300;9026234
0.513400;9026777
0.513500;9028540
0.513600;9030322
0.513700;9031755
0.513800;9032498
0.513900;9025624
0.514000;9026838
0.514100;9026324
0.514200;9027963
0.514300;9027304
0.514400;9027668
0.514500;9029200
0.514600;9030658
0.514700;9066599
0.514800;9066899
0.514900;9068776
0.515000;9070433
0.515100;9072595
0.515200;9074257
0.515300;9076421
0.515400;9078264
0.515500;9048987
0.515600;9049987
0.515700;9051102
0.515800;9053319
0.515900;9052016
0.516000;9053881
0.516100;9053435
0.516200;9055156
0.516300;9060882
0.516400;9064025
0.516500;9064401
0.516600;9064878
0.516700;9064594
0.516800;9065360
0.516900;9066249
0.517000;9067333
0.517100;9061405
0.517200;9062190
0.517300;9062910
0.517400;9063007
0.517500;9063913
0.517600;9064669
0.517700;9065207
0.517800;9050758
0.517900;9051723
0.518000;9053793
0.518100;9054258
0.518200;9057009
0.518300;9058601
0.518400;9058959
0.518500;9059426
0.518600;9089762
0.518700;9089980
0.518800;9091482
0.518900;9092837
0.519000;9093600
0.519100;9095098
0.519200;9095995
0.519300;9097277
0.519400;9165091
0.519500;9164894
0.519600;9166541
0.519700;9167821
0.519800;9167685
0.519900;9169867
0.520000;9170152
0.520100;9170872
0.520200;9062239
0.520300;9065514
0.520400;9066306
0.520500;9065950
0.520600;9067874
0.520700;9069890
0.520800;9067858
0.520900;9069521
0.521000;9057693
0.521100;9058128
0.521200;9060075
0.521300;9060068
0.521400;9062097
0.521500;9061461
0.521600;9062092
0.521700;9135155
0.521800;9135186
0.521900;9135839
0.522000;9136262
0.522100;9137230
0.522200;9137684
0.522300;9138693
0.522400;9141109
0.522500;9117043
0.522600;9119063
0.522700;9119809
0.522800;9120846
0.522900;9121631
0.523000;9121791
0.523100;9121087
0.523200;9120476
0.523300;9081827
0.523400;9081106
0.523500;9083170
0.523600;9083663
0.523700;9083104
0.523800;9083979
0.523900;9085153
0.524000;9084039
0.524100;9119510
0.524200;9119432
0.524300;9119904
0.524400;9120037
0.524500;9121327
0.524600;9121295
0.524700;9120007
0.524800;9119734
0.524900;9119978
0.525000;9122356
0.525100;9123920
0.525200;9125347
0.525300;9127638
0.525400;9127290
0.525500;9126622
0.525600;9164681
0.525700;9165665
0.525800;9166493
0.525900;9165455
0.526000;9166310
0.526100;9167092
0.526200;9170285
0.526300;9170395
0.526400;9142369
0.526500;9144279
0.526600;9145008
0.526700;9144325
0.526800;9146145
0.526900;9146829
0.527000;9146898
0.527100;9146552
0.527200;9062711
0.527300;9063785
0.527400;9066412
0.527500;9067636
0.527600;9066531
0.527700;9068311
0.527800;9067832
0.527900;9067989
0.528000;9147925
0.528100;9148282
0.528200;9149022
0.528300;9149507
0.528400;9148856
0.528500;9147921
0.528600;9147508
0.528700;9184546
0.528800;9185207
0.528900;9184362
0.529000;9184854
0.529100;9185411
0.529200;9186670
0.529300;9187190
0.529400;9187888
0.529500;9118150
0.529600;9118971
0.529700;9118889
0.529800;9119090
0.529900;9119878
0.530000;9120281
0.530100;9122453
0.530200;9129136
0.530300;9129667
0.530400;9129143
0.530500;9130126
0.530600;9130986
0.530700;9130704
0.530800;9131739
0.530900;9133144
0.531000;9173804
0.531100;9174388
0.531200;9176720
0.531300;9176471
0.531400;9176904
0.531500;9177655
0.531600;9177911
0.531700;9179204
0.531800;9136876
0.531900;9138023
0.532000;9137911
0.532100;9137666
0.532200;9138694
0.532300;9137373
0.532400;9137592
0.532500;9101627
0.532600;9101078
0.532700;9102597
0.532800;9101131
0.532900;9102528
0.533000;9100883
0.533100;9100234
0.533200;9101204
0.533300;9135992
0.533400;9135917
0.533500;9137124
0.533600;9134594
0.533700;9135669
0.533800;9134534
0.533900;9135976
0.534000;9137058
0.534100;9128086
0.534200;9128074
0.534300;9128786
0.534400;9128674
0.534500;9128865
0.534600;9129083
0.534700;9127307
0.534800;9106888
0.534900;9107358
0.535000;9109145
0.535100;9107909
0.535200;9108572
0.535300;9108116
0.535400;9107805
0.535500;9107643
0.535600;9185763
0.535700;9185437
0.535800;9187537
0.535900;9189058
0.536000;9188724
0.536100;9189710
0.536200;9188072
0.536300;9188980
0.536400;9144834
0.536500;9144773
0.536600;9144327
0.536700;9145382
0.536800;9147026
0.536900;9146712
0.537000;9145740
0.537100;9144629
0.537200;9167860
0.537300;9168239
0.537400;9167505
0.537500;9167447
0.537600;9169215
0.537700;9168344
0.537800;9168469
0.537900;9183697
0.538000;9184638
0.538100;9185985
0.538200;9186408
0.538300;9187554
0.538400;9187501
0.538500;9189160
0.538600;9189297
0.538700;9155504
0.538800;9154503
0.538900;9153618
0.539000;9153223
0.539100;9152749
0.539200;9154259
0.539300;9156334
0.539400;9156419
0.539500;9151204
0.539600;9150697
0.539700;9149787
0.539800;9148928
0.539900;9148104
0.540000;9149486
0.540100;9149030
0.540200;9167266
0.540300;9167783
0.540400;9168678
0.540500;9169585
0.540600;9169431
0.540700;9168648
0.540800;9170591
0.540900;9169501
0.541000;9132499
0.541100;9132575
0.541200;9132077
0.541300;9131563
0.541400;9133995
0.541500;9134037
0.541600;9132275
0.541700;9134115
0.541800;9157194
0.541900;9158184
0.542000;9158623
0.542100;9159772
0.542200;9159884
0.542300;9159962
0.542400;9159768
0.542500;9163099
0.542600;9165149
0.542700;9165712
0.542800;9166235
0.542900;9167730
0.543000;9167346
0.543100;9167216
0.543200;9168411
0.543300;9192152
0.543400;9192000
0.543500;9191520
0.543600;9194222
0.543700;9191524
0.543800;9191497
0.543900;9191474
0.544000;9190551
0.544100;9174819
0.544200;9173921
0.544300;9174216
0.544400;9173200
0.544500;9172951
0.544600;9173161
0.544700;9173200
0.544800;9131516
0.544900;9131217
0.545000;9131409
0.545100;9131820
0.545200;9132255
0.545300;9132522
0.545400;9133317
0.545500;9132080
0.545600;9167563
0.545700;9167381
0.545800;9166804
0.545900;9167901
0.546000;9168032
0.546100;9168594
0.546200;9166349
0.546300;9165350
0.546400;9134593
0.546500;9134489
0.546600;9133987
0.546700;9134307
0.546800;9135995
0.546900;9134214
0.547000;9133859
0.547100;9134469
0.547200;9135236
0.547300;9135240
0.547400;9135379
0.547500;9133306
0.547600;9133972
0.547700;9134874
0.547800;9131819
0.547900;9234859
0.548000;9234703
0.548100;9234068
0.548200;9234831
0.548300;9234626
0.548400;9235481
0.548500;9234124
0.548600;9231843
0.548700;9154684
0.548800;9152097
0.548900;9151076
0.549000;9151793
0.549100;9150038
0.549200;9148125
0.549300;9148072
0.549400;9147588
0.549500;9132465
0.549600;9133762
0.549700;9134883
0.549800;9136282
0.549900;9136034
0.550000;9137942
0.550100;9136648
0.550200;9136213
0.550300;9170419
0.550400;9170639
0.550500;9169843
0.550600;9171747
0.550700;9172894
0.550800;9173293
0.550900;9174492
0.551000;9129914
0.551100;9127834
0.551200;9128248
0.551300;9127811
0.551400;9126623
0.551500;9125193
0.551600;9125823
0.551700;9124682
0.551800;9137239
0.551900;9137065
0.552000;9134400
0.552100;9132778
0.552200;9134115
0.552300;9131912
0.552400;9129335
0.552500;9130120
0.552600;9116304
0.552700;9115005
0.552800;9116135
0.552900;9112875
0.553000;9110522
0.553100;9110485
0.553200;9107454
0.553300;9161128
0.553400;9161071
0.553500;9160911
0.553600;9161870
0.553700;9162910
0.553800;9164150
0.553900;9163614
0.554000;9162354
0.554100;9124219
0.554200;9122136
0.554300;9121344
0.554400;9119379
0.554500;9118286
0.554600;9117158
0.554700;9116554
0.554800;9115925
0.554900;9086303
0.555000;9084355
0.555100;9084712
0.555200;9082088
0.555300;9077802
0.555400;9077330
0.555500;9080046
0.555600;9189025
0.555700;9187226
0.555800;9186994
0.555900;9189050
0.556000;9186838
0.556100;9186133
0.556200;9185907
0.556300;9187376
0.556400;9109856
0.556500;9106832
0.556600;9107394
0.556700;9107320
0.556800;9106792
0.556900;9106444
0.557000;9106918
0.557100;9102026
0.557200;9090670
0.557300;9087073
0.557400;9086118
0.557500;9085523
0.557600;9084433
0.557700;9084205
0.557800;9083866
0.557900;9111037
0.558000;9109673
0.558100;9108045
0.558200;9106371
0.558300;9104075
0.558400;9100843
0.558500;9100720
0.558600;9097531
0.558700;9083269
0.558800;9081444
0.558900;9081525
0.559000;9081274
0.559100;9081620
0.559200;9080398
0.559300;9078777
0.559400;9079461
0.559500;9154652
0.559600;9154089
0.559700;9153334
0.559800;9152153
0.559900;9151434
0.560000;9150860
0.560100;9151982
0.560200;9048951
0.560300;9048378
0.560400;9048943
0.560500;9048092
0.560600;9048955
0.560700;9049233
0.560800;9048863
0.560900;9047201
0.561000;9058763
0.561100;9058517
0.561200;9058355
0.561300;9057664
0.561400;9058738
0.561500;9058018
0.561600;9056518
0.561700;9058221
0.561800;9046397
0.561900;9044298
0.562000;9043679
0.562100;9041254
0.562200;9039977
0.562300;9039697
0.562400;9039717
0.562500;9051500
0.562600;9047894
0.562700;9046944
0.562800;9045599
0.562900;9043596
0.563000;9040385
0.563100;9038546
0.563200;9038298
0.563300;9042912
0.563400;9040783
0.563500;9039965
0.563600;9038831
0.563700;9036628
0.563800;9037392
0.563900;9036502
0.564000;9035018
0.564100;9011379
0.564200;9009343
0.564300;9007539
0.564400;9007850
0.564500;9009314
0.564600;9007648
0.564700;9005406
0.564800;8996396
0.564900;8995229
0.565000;8993723
0.565100;8992406
0.565200;8992552
0.565300;8991759
0.565400;8985904
0.565500;8985196
0.565600;9021515
0.565700;9021153
0.565800;9018945
0.565900;9016302
0.566000;9016051
0.566100;9013529
0.566200;9011444
0.566300;9010198
0.566400;9046869
0.566500;9046082
0.566600;9042555
0.566700;9039637
0.566800;9036475
0.566900;9036077
0.567000;9038148
0.567100;9019183
0.567200;9019637
0.567300;9017279
0.567400;9017296
0.567500;9018630
0.567600;9016437
0.567700;9014685
0.567800;9012151
0.567900;9028365
0.568000;9027096
0.568100;9024870
0.568200;9024029
0.568300;9023576
0.568400;9023631
0.568500;9020682
0.568600;9020616
0.568700;9008562
0.568800;9009934
0.568900;9009127
0.569000;9007474
0.569100;9007143
0.569200;9006031
0.569300;9005749
0.569400;8966375
0.569500;8966067
0.569600;8965340
0.569700;8965188
0.569800;8963566
0.569900;8961214
0.570000;8961521
0.570100;8957400
0.570200;8975879
0.570300;8975864
0.570400;8975362
0.570500;8972239
0.570600;8971930
0.570700;8970215
0.570800;8968308
0.570900;8966592
0.571000;9048956
0.571100;9045581
0.571200;9044172
0.571300;9042981
0.571400;9038442
0.571500;9038949
0.571600;9038039
0.571700;8965462
0.571800;8966745
0.571900;8967662
0.572000;8966310
0.572100;8964628
0.572200;8962430
0.572300;8961879
0.572400;8962720
0.572500;8930733
0.572600;8927629
0.572700;8927494
0.572800;8924221
0.572900;8922839
0.573000;8919579
0.573100;8916584
0.573200;8913137
0.573300;8987039
0.573400;8984594
0.573500;8982574
0.573600;8981806
0.573700;8982238
0.573800;8979074
0.573900;8976393
0.574000;8973339
0.574100;8886247
0.574200;8886202
0.574300;8882620
0.574400;8881510
0.574500;8879549
0.574600;8878784
0.574700;8878479
0.574800;8965752
0.574900;8965717
0.575000;8964735
0.575100;8962031
0.575200;8958410
0.575300;8956843
0.575400;8954966
0.575500;8950602
0.575600;8873821
0.575700;8873911
0.575800;8873741
0.575900;8873463
0.576000;8871925
0.576100;8870765
0.576200;8868764
0.576300;8869276
0.576400;8900944
0.576500;8900683
0.576600;8900319
0.576700;8898242
0.576800;8896048
0.576900;8894322
0.577000;8891597
0.577100;8909497
0.577200;8909541
0.577300;8909702
0.577400;8908176
0.577500;8904835
0.577600;8903484
0.577700;8901951
0.577800;8901515
0.577900;8832105
0.578000;8832007
0.578100;8826310
0.578200;8824834
0.578300;8823510
0.578400;8822893
0.578500;8821596
0.578600;8818544
0.578700;8841717
0.578800;8840530
0.578900;8836196
0.579000;8833535
0.579100;8833310
0.579200;8831533
0.579300;8830159
0.579400;8829470
0.579500;8882516
0.579600;8882151
0.579700;8880781
0.579800;8880763
0.579900;8881178
0.580000;8878662
0.580100;8878468
0.580200;8774558
0.580300;8773847
0.580400;8773079
0.580500;8769301
0.580600;8768279
0.580700;8766136
0.580800;8764792
0.580900;8763304
0.581000;8773930
0.581100;8769992
0.581200;8768011
0.581300;8766451
0.581400;8765265
0.581500;8763226
0.581600;8760394
0.581700;8760562
0.581800;8762696
0.581900;8760633
0.582000;8758514
0.582100;8756821
0.582200;8753443
0.582300;8749898
0.582400;8749351
0.582500;8781856
0.582600;8780715
0.582700;8780247
0.582800;8776565
0.582900;8776054
0.583000;8773798
0.583100;8775392
0.583200;8773912
0.583300;8770554
0.583400;8769977
0.583500;8768049
0.583600;8763865
0.583700;8763821
0.583800;8762126
0.583900;8759374
0.584000;8742659
0.584100;8739959
0.584200;8738039
0.584300;8736874
0.584400;8735712
0.584500;8734567
0.584600;8732805
0.584700;8731468
0.584800;8746445
0.584900;8743208
0.585000;8741641
0.585100;8739796
0.585200;8738015
0.585300;8736876
0.585400;8736726
0.585500;8733840
0.585600;8790842
0.585700;8789764
0.585800;8788323
0.585900;8785927
0.586000;8784372
0.586100;8782368
0.586200;8781300
0.586300;8779774
0.586400;8769459
0.586500;8765656
0.586600;8765094
0.586700;8765336
0.586800;8762666
0.586900;8761453
0.587000;8758350
0.587100;8752268
0.587200;8748744
0.587300;8747561
0.587400;8746755
0.587500;8741717
0.587600;8739197
0.587700;8737599
0.587800;8737264
0.587900;8666567
0.588000;8665088
0.588100;8663855
0.588200;8661074
0.588300;8660982
0.588400;8658730
0.588500;8655074
0.588600;8651953
0.588700;8699643
0.588800;8699737
0.588900;8699938
0.589000;8697843
0.589100;8694375
0.589200;8691566
0.589300;8691962
0.589400;8735005
0.589500;8732860
0.589600;8732784
0.589700;8729328
0.589800;8731334
0.589900;8728439
0.590000;8727800
0.590100;8726842
0.590200;8656013
0.590300;8653333
0.590400;8650213
0.590500;8649991
0.590600;8650605
0.590700;8648848
0.590800;8647322
0.590900;8644064
0.591000;8623814
0.591100;8621512
0.591200;8618638
0.591300;8616833
0.591400;8614868
0.591500;8614779
0.591600;8613371
0.591700;8611253
0.591800;8635677
0.591900;8630642
0.592000;8628577
0.592100;8629195
0.592200;8629655
0.592300;8628588
0.592400;8625201
0.592500;8526780
0.592600;8525293
0.592700;8523202
0.592800;8519787
0.592900;8518160
0.593000;8516975
0.593100;8517284
0.593200;8515334
0.593300;8569838
0.593400;8570233
0.593500;8569355
0.593600;8567544
0.593700;8565342
0.593800;8564608
0.593900;8561952
0.594000;8560819
0.594100;8559734
0.594200;8557360
0.594300;8557604
0.594400;8553948
0.594500;8552774
0.594600;8548411
0.594700;8548192
0.594800;8546556
0.594900;8554237
0.595000;8553577
0.595100;8551584
0.595200;8550342
0.595300;8549055
0.595400;8546109
0.595500;8543399
0.595600;8499688
0.595700;8495741
0.595800;8492627
0.595900;8488916
0.596000;8488748
0.596100;8486563
0.596200;8485049
0.596300;8483815
0.596400;8497452
0.596500;8492642
0.596600;8489960
0.596700;8488505
0.596800;8488830
0.596900;8487660
0.597000;8486086
0.597100;8483362
0.597200;8505612
0.597300;8505883
0.597400;8502769
0.597500;8502226
0.597600;8498876
0.597700;8497959
0.597800;8494150
0.597900;8490568
0.598000;8486542
0.598100;8484468
0.598200;8485018
0.598300;8482812
0.598400;8481312
0.598500;8479121
0.598600;8476016
0.598700;8472505
0.598800;8448323
0.598900;8445802
0.599000;8441589
0.599100;8437389
0.599200;8433317
0.599300;8431315
0.599400;8429092
0.599500;8439861
0.599600;8437575
0.599700;8433766
0.599800;8431329
0.599900;8427611
0.600000;8427069
0.600100;8425342
0.600200;8422115
0.600300;8335355
0.600400;8331870
0.600500;8326802
0.600600;8325345
0.600700;8322040
0.600800;8319403
0.600900;8320612
0.601000;8424779
0.601100;8422234
0.601200;8418500
0.601300;8416881
0.601400;8412971
0.601500;8410028
0.601600;8406634
0.601700;8405887
0.601800;8369123
0.601900;8367608
0.602000;8364451
0.602100;8362474
0.602200;8360601
0.602300;8358372
0.602400;8356307
0.602500;8353017
0.602600;8376948
0.602700;8374949
0.602800;8372572
0.602900;8367368
0.603000;8364270
0.603100;8360294
0.603200;8358612
0.603300;8357464
0.603400;8374529
0.603500;8371761
0.603600;8368481
0.603700;8368025
0.603800;8368166
0.603900;8364983
0.604000;8363440
0.604100;8282302
0.604200;8280742
0.604300;8278279
0.604400;8276407
0.604500;8274990
0.604600;8271478
0.604700;8270411
0.604800;8267700
0.604900;8249014
0.605000;8244995
0.605100;8243412
0.605200;8240737
0.605300;8239393
0.605400;8237459
0.605500;8236387
0.605600;8235221
0.605700;8241470
0.605800;8239565
0.605900;8238963
0.606000;8236383
0.606100;8233010
0.606200;8231199
0.606300;8228573
0.606400;8271278
0.606500;8269623
0.606600;8265223
0.606700;8263347
0.606800;8262368
0.606900;8258909
0.607000;8256580
0.607100;8253205
0.607200;8224774
0.607300;8222246
0.607400;8217879
0.607500;8215920
0.607600;8214191
0.607700;8208583
0.607800;8203268
0.607900;8201155
0.608000;8188460
0.608100;8183114
0.608200;8180958
0.608300;8178454
0.608400;8174135
0.608500;8172247
0.608600;8169897
0.608700;8224226
0.608800;8222155
0.608900;8221729
0.609000;8220206
0.609100;8217433
0.609200;8213209
0.609300;8211949
0.609400;8207044
0.609500;8193033
0.609600;8189346
0.609700;8187658
0.609800;8184184
0.609900;8182188
0.610000;8178689
0.610100;8174414
0.610200;8171047
0.610300;8118760
0.610400;8115948
0.610500;8114026
0.610600;8110739
0.610700;8108941
0.610800;8103815
0.610900;8100036
0.611000;8097257
0.611100;8180108
0.611200;8177618
0.611300;8173579
0.611400;8172219
0.611500;8167523
0.611600;8165117
0.611700;8163566
0.611800;8041710
0.611900;8040249
0.612000;8037199
0.612100;8031896
0.612200;8029104
0.612300;8027401
0.612400;8024834
0.612500;8020763
0.612600;8088795
0.612700;8084242
0.612800;8079739
0.612900;8077543
0.613000;8073979
0.613100;8070012
0.613200;8068159
0.613300;8066107
0.613400;8091481
0.613500;8090830
0.613600;8089453
0.613700;8082242
0.613800;8078526
0.613900;8075324
0.614000;8070542
0.614100;8069011
0.614200;8050598
0.614300;8044845
0.614400;8041495
0.614500;8033318
0.614600;8027097
0.614700;8024628
0.614800;8022004
0.614900;8020262
0.615000;7990117
0.615100;7986765
0.615200;7981937
0.615300;7981293
0.615400;7978582
0.615500;7974523
0.615600;7975352
0.615700;7986880
0.615800;7984157
0.615900;7980988
0.616000;7978914
0.616100;7973873
0.616200;7970650
0.616300;7971187
0.616400;7969134
0.616500;7957053
0.616600;7955737
0.616700;7952074
0.616800;7949812
0.616900;7947654
0.617000;7944742
0.617100;7942443
0.617200;7942216
0.617300;7939209
0.617400;7938012
0.617500;7935026
0.617600;7933298
0.617700;7927524
0.617800;7925497
0.617900;7921148
0.618000;7918484
0.618100;7909904
0.618200;7906410
0.618300;7902954
0.618400;7897325
0.618500;7894772
0.618600;7892567
0.618700;7889671
0.618800;7904367
0.618900;7900539
0.619000;7897928
0.619100;7894286
0.619200;7892199
0.619300;7888866
0.619400;7885449
0.619500;7882412
0.619600;7926269
0.619700;7925484
0.619800;7922734
0.619900;7920532
0.620000;7913570
0.620100;7910298
0.620200;7905943
0.620300;7905436
0.620400;7872550
0.620500;7867798
0.620600;7864466
0.620700;7864423
0.620800;7860713
0.620900;7856480
0.621000;7853434
0.621100;7841493
0.621200;7836649
0.621300;7833866
0.621400;7830443
0.621500;7828779
0.621600;7825194
0.621700;7821177
0.621800;7817512
0.621900;7957576
0.622000;7952388
0.622100;7950631
0.622200;7949262
0.622300;7946549
0.622400;7943265
0.622500;7942240
0.622600;7939063
0.622700;7731124
0.622800;7724075
0.622900;7721585
0.623000;7718475
0.623100;7716863
0.623200;7714063
0.623300;7711219
0.623400;7702615
0.623500;7702163
0.623600;7696436
0.623700;7695449
0.623800;7693552
0.623900;7692595
0.624000;7689625
0.624100;7684872
0.624200;7729881
0.624300;7727383
0.624400;7725402
0.624500;7723369
0.624600;7717146
0.624700;7714357
0.624800;7711810
0.624900;7707587
0.625000;7715203
0.625100;7713470
0.625200;7712619
0.625300;7706523
0.625400;7704044
0.625500;7698652
0.625600;7695453
0.625700;7690506
0.625800;7646857
0.625900;7642952
0.626000;7641836
0.626100;7638914
0.626200;7634859
0.626300;7632206
0.626400;7627796
0.626500;7624648
0.626600;7627141
0.626700;7625567
0.626800;7622550
0.626900;7618911
0.627000;7617914
0.627100;7616067
0.627200;7612965
0.627300;7615441
0.627400;7613668
0.627500;7612252
0.627600;7609675
0.627700;7607056
0.627800;7603599
0.627900;7599807
0.628000;7596785
0.628100;7525033
0.628200;7519630
0.628300;7514939
0.628400;7510211
0.628500;7506825
0.628600;7503962
0.628700;7499468
0.628800;7496921
0.628900;7563297
0.629000;7559800
0.629100;7554862
0.629200;7552373
0.629300;7550170
0.629400;7546401
0.629500;7541536
0.629600;7513779
0.629700;7509315
0.629800;7507780
0.629900;7503893
0.630000;7500471
0.630100;7495448
0.630200;7493218
0.630300;7490417
0.630400;7495583
0.630500;7492116
0.630600;7487780
0.630700;7484711
0.630800;7481398
0.630900;7477189
0.631000;7473278
0.631100;7468860
0.631200;7468161
0.631300;7463328
0.631400;7461020
0.631500;7458292
0.631600;7455008
0.631700;7452691
0.631800;7450764
0.631900;7445756
0.632000;7468231
0.632100;7466083
0.632200;7462575
0.632300;7458479
0.632400;7455407
0.632500;7453086
0.632600;7448921
0.632700;7404629
0.632800;7400903
0.632900;7398648
0.633000;7394736
0.633100;7390298
0.633200;7387296
0.633300;7384213
0.633400;7382017
0.633500;7426813
0.633600;7420319
0.633700;7417024
0.633800;7417107
0.633900;7412400
0.634000;7408055
0.634100;7404767
0.634200;7398534
0.634300;7385384
0.634400;7382701
0.634500;7377335
0.634600;7373729
0.634700;7368070
0.634800;7366908
0.634900;7365503
0.635000;7361889
0.635100;7360970
0.635200;7356780
0.635300;7353430
0.635400;7350169
0.635500;7349254
0.635600;7346079
0.635700;7340179
0.635800;7348282
0.635900;7341846
0.636000;7338722
0.636100;7336256
0.636200;7330669
0.636300;7323436
0.636400;7319113
0.636500;7314614
0.636600;7225318
0.636700;7221470
0.636800;7217279
0.636900;7214585
0.637000;7210424
0.637100;7207360
0.637200;7203939
0.637300;7202376
0.637400;7223263
0.637500;7218487
0.637600;7215098
0.637700;7212931
0.637800;7208751
0.637900;7204926
0.638000;7200303
0.638100;7251075
0.638200;7247605
0.638300;7244527
0.638400;7242615
0.638500;7238810
0.638600;7233664
0.638700;7230400
0.638800;7225785
0.638900;7182372
0.639000;7176281
0.639100;7172002
0.639200;7168402
0.639300;7162904
0.639400;7161167
0.639500;7157269
0.639600;7152434
0.639700;7186857
0.639800;7185734
0.639900;7181762
0.640000;7176998
0.640100;7173399
0.640200;7173297
0.640300;7168989
0.640400;7118585
0.640500;7115763
0.640600;7112100
0.640700;7108310
0.640800;7103643
0.640900;7099943
0.641000;7095729
0.641100;7090759
0.641200;7040346
0.641300;7037262
0.641400;7033913
0.641500;7031432
0.641600;7029493
0.641700;7025983
0.641800;7022928
0.641900;7019587
0.642000;7060710
0.642100;7057180
0.642200;7054301
0.642300;7048277
0.642400;7044256
0.642500;7041692
0.642600;7039257
0.642700;7034069
0.642800;7110536
0.642900;7105902
0.643000;7099332
0.643100;7095189
0.643200;7093770
0.643300;7089523
0.643400;7084313
0.643500;7080357
0.643600;7094735
0.643700;7092631
0.643800;7090572
0.643900;7084708
0.644000;7082474
0.644100;7077983
0.644200;7074367
0.644300;7071314
0.644400;6965363
0.644500;6963184
0.644600;6957655
0.644700;6952928
0.644800;6952610
0.644900;6949104
0.645000;6943613
0.645100;6919178
0.645200;6915918
0.645300;6913406
0.645400;6908870
0.645500;6903957
0.645600;6899525
0.645700;6895925
0.645800;6891561
0.645900;6935616
0.646000;6931931
0.646100;6928657
0.646200;6924357
0.646300;6921070
0.646400;6919559
0.646500;6917022
0.646600;6911999
0.646700;6952607
0.646800;6947009
0.646900;6944321
0.647000;6939645
0.647100;6934413
0.647200;6931517
0.647300;6926413
0.647400;6881737
0.647500;6878523
0.647600;6872863
0.647700;6868212
0.647800;6866223
0.647900;6864402
0.648000;6862213
0.648100;6856999
0.648200;6860328
0.648300;6858070
0.648400;6853113
0.648500;6849822
0.648600;6844865
0.648700;6842771
0.648800;6837795
0.648900;6831456
0.649000;6820852
0.649100;6816924
0.649200;6811905
0.649300;6807882
0.649400;6804110
0.649500;6801211
0.649600;6799710
0.649700;6797824
0.649800;6805638
0.649900;6803756
0.650000;6799761
0.650100;6797691
0.650200;6793550
0.650300;6789580
0.650400;6784139
0.650500;6781840
0.650600;6751969
0.650700;6749167
0.650800;6745810
0.650900;6740371
0.651000;6737132
0.651100;6729776
0.651200;6725600
0.651300;6705201
0.651400;6701607
0.651500;6698663
0.651600;6694622
0.651700;6686789
0.651800;6679951
0.651900;6675662
0.652000;6672573
0.652100;6728490
0.652200;6727328
0.652300;6726567
0.652400;6722522
0.652500;6718325
0.652600;6712818
0.652700;6707201
0.652800;6706270
0.652900;6635065
0.653000;6629579
0.653100;6623869
0.653200;6619232
0.653300;6615666
0.653400;6611011
0.653500;6605774
0.653600;6603671
0.653700;6619876
0.653800;6615037
0.653900;6608541
0.654000;6606074
0.654100;6603132
0.654200;6599744
0.654300;6594720
0.654400;6590623
0.654500;6612924
0.654600;6609788
0.654700;6606696
0.654800;6605280
0.654900;6603312
0.655000;6601656
0.655100;6598350
0.655200;6643324
0.655300;6637984
0.655400;6634340
0.655500;6629388
0.655600;6623361
0.655700;6619108
0.655800;6616171
0.655900;6613551
0.656000;6495292
0.656100;6491274
0.656200;6486307
0.656300;6483248
0.656400;6477621
0.656500;6474988
0.656600;6469163
0.656700;6463440
0.656800;6491146
0.656900;6487970
0.657000;6484154
0.657100;6479452
0.657200;6475748
0.657300;6473251
0.657400;6469263
0.657500;6465901
0.657600;6508130
0.657700;6505622
0.657800;6500129
0.657900;6498043
0.658000;6490514
0.658100;6487055
0.658200;6481943
0.658300;6474742
0.658400;6438983
0.658500;6434846
0.658600;6428135
0.658700;6421380
0.658800;6414925
0.658900;6411172
0.659000;6407455
0.659100;6418741
0.659200;6414493
0.659300;6412018
0.659400;6408530
0.659500;6406543
0.659600;6400652
0.659700;6397635
0.659800;6391143
0.659900;6323421
0.660000;6318329
0.660100;6312964
0.660200;6307991
0.660300;6305454
0.660400;6300418
0.660500;6297097
0.660600;6293077
0.660700;6414857
0.660800;6411825
0.660900;6407186
0.661000;6402317
0.661100;6399794
0.661200;6396077
0.661300;6392967
0.661400;6386688
0.661500;6301049
0.661600;6295904
0.661700;6292792
0.661800;6289398
0.661900;6283933
0.662000;6279841
0.662100;6277184
0.662200;6272907
0.662300;6255540
0.662400;6249706
0.662500;6248514
0.662600;6243070
0.662700;6239871
0.662800;6237413
0.662900;6234871
0.663000;6170275
0.663100;6166113
0.663200;6160606
0.663300;6157626
0.663400;6156263
0.663500;6153907
0.663600;6151990
0.663700;6146368
0.663800;6194053
0.663900;6191451
0.664000;6186451
0.664100;6183238
0.664200;6178507
0.664300;6174688
0.664400;6170527
0.664500;6169173
0.664600;6208519
0.664700;6201538
0.664800;6196122
0.664900;6191868
0.665000;6189017
0.665100;6185138
0.665200;6179349
0.665300;6177186
0.665400;6092619
0.665500;6087669
0.665600;6083541
0.665700;6080638
0.665800;6076673
0.665900;6071301
0.666000;6067372
0.666100;6097675
0.666200;6094278
0.666300;6089163
0.666400;6085276
0.666500;6082427
0.666600;6078073
0.666700;6075636
0.666800;6071639
0.666900;6070128
0.667000;6062734
0.667100;6057033
0.667200;6054568
0.667300;6048822
0.667400;6047035
0.667500;6041985
0.667600;6038674
0.667700;6017200
0.667800;6014686
0.667900;6010909
0.668000;6006105
0.668100;6002555
0.668200;5999016
0.668300;5996817
0.668400;5989901
0.668500;6034930
0.668600;6030945
0.668700;6028527
0.668800;6023698
0.668900;6020905
0.669000;6017145
0.669100;6015917
0.669200;6013899
0.669300;6021296
0.669400;6018868
0.669500;6015997
0.669600;6010179
0.669700;6006168
0.669800;6002985
0.669900;5999945
0.670000;5995056
0.670100;5906005
0.670200;5901025
0.670300;5896723
0.670400;5893545
0.670500;5888722
0.670600;5885349
0.670700;5879681
0.670800;5912688
0.670900;5907288
0.671000;5904012
0.671100;5901310
0.671200;5895270
0.671300;5891116
0.671400;5885328
0.671500;5880835
0.671600;5930286
0.671700;5924892
0.671800;5919141
0.671900;5911858
0.672000;5907602
0.672100;5901282
0.672200;5895903
0.672300;5888971
0.672400;5858583
0.672500;5853501
0.672600;5850826
0.672700;5847507
0.672800;5842711
0.672900;5837764
0.673000;5832474
0.673100;5830496
0.673200;5758361
0.673300;5754498
0.673400;5749746
0.673500;5741637
0.673600;5737738
0.673700;5735685
0.673800;5732574
0.673900;5728050
0.674000;5759715
0.674100;5757057
0.674200;5750553
0.674300;5746279
0.674400;5743097
0.674500;5738218
0.674600;5733556
0.674700;5775520
0.674800;5772011
0.674900;5765241
0.675000;5762160
0.675100;5760336
0.675200;5755140
0.675300;5752137
0.675400;5745716
0.675500;5716496
0.675600;5711646
0.675700;5709833
0.675800;5704189
0.675900;5698630
0.676000;5695626
0.676100;5691340
0.676200;5685875
0.676300;5713420
0.676400;5708715
0.676500;5704624
0.676600;5698477
0.676700;5693029
0.676800;5686788
0.676900;5680906
0.677000;5676807
0.677100;5654224
0.677200;5651944
0.677300;5645955
0.677400;5643577
0.677500;5640240
0.677600;5636243
0.677700;5630535
0.677800;5625550
0.677900;5581603
0.678000;5576547
0.678100;5570981
0.678200;5565064
0.678300;5561771
0.678400;5557927
0.678500;5554536
0.678600;5550119
0.678700;5539749
0.678800;5535392
0.678900;5530960
0.679000;5526118
0.679100;5522150
0.679200;5516611
0.679300;5512395
0.679400;5563086
0.679500;5556961
0.679600;5555285
0.679700;5550600
0.679800;5546209
0.679900;5542049
0.680000;5537768
0.680100;5535505
0.680200;5522115
0.680300;5519285
0.680400;5514093
0.680500;5510308
0.680600;5505203
0.680700;5500594
0.680800;5498582
0.680900;5495263
0.681000;5433761
0.681100;5429956
0.681200;5425685
0.681300;5421127
0.681400;5416675
0.681500;5411093
0.681600;5409181
0.681700;5404773
0.681800;5452440
0.681900;5447286
0.682000;5444449
0.682100;5441253
0.682200;5438285
0.682300;5434759
0.682400;5431185
0.682500;5425377
0.682600;5412858
0.682700;5407272
0.682800;5402730
0.682900;5397604
0.683000;5393323
0.683100;5386933
0.683200;5381796
0.683300;5378003
0.683400;5379881
0.683500;5374899
0.683600;5373588
0.683700;5367923
0.683800;5364096
0.683900;5357527
0.684000;5354597
0.684100;5383053
0.684200;5379153
0.684300;5374261
0.684400;5369611
0.684500;5364817
0.684600;5359330
0.684700;5354462
0.684800;5348917
0.684900;5280220
0.685000;5277370
0.685100;5274257
0.685200;5272995
0.685300;5270780
0.685400;5267237
0.685500;5262152
0.685600;5254894
0.685700;5288101
0.685800;5283626
0.685900;5279907
0.686000;5274707
0.686100;5268559
0.686200;5264638
0.686300;5262324
0.686400;5259864
0.686500;5191428
0.686600;5187035
0.686700;5182561
0.686800;5176999
0.686900;5172388
0.687000;5169031
0.687100;5163828
0.687200;5159517
0.687300;5177824
0.687400;5171762
0.687500;5168805
0.687600;5163722
0.687700;5158124
0.687800;5155549
0.687900;5151489
0.688000;5145440
0.688100;5120788
0.688200;5117257
0.688300;5115654
0.688400;5111482
0.688500;5105543
0.688600;5103120
0.688700;5098202
0.688800;5095569
0.688900;5140647
0.689000;5137706
0.689100;5133862
0.689200;5128055
0.689300;5124845
0.689400;5119972
0.689500;5115193
0.689600;5110661
0.689700;5104992
0.689800;5100225
0.689900;5096568
0.690000;5094965
0.690100;5089507
0.690200;5085880
0.690300;5084487
0.690400;5078595
0.690500;5048410
0.690600;5043653
0.690700;5036702
0.690800;5030439
0.690900;5028378
0.691000;5023849
0.691100;5018652
0.691200;5012249
0.691300;5018545
0.691400;5014657
0.691500;5009534
0.691600;5004136
0.691700;4997276
0.691800;4993100
0.691900;4988487
0.692000;4986121
0.692100;4977171
0.692200;4971405
0.692300;4970904
0.692400;4966010
0.692500;4963528
0.692600;4958490
0.692700;4954374
0.692800;4978635
0.692900;4974086
0.693000;4970702
0.693100;4962573
0.693200;4957681
0.693300;4952076
0.693400;4943938
0.693500;4941834
0.693600;4955575
0.693700;4952617
0.693800;4946487
0.693900;4942208
0.694000;4938692
0.694100;4933894
0.694200;4929987
0.694300;4926553
0.694400;4844135
0.694500;4841907
0.694600;4837807
0.694700;4831872
0.694800;4829633
0.694900;4824833
0.695000;4820102
0.695100;4817266
0.695200;4861187
0.695300;4857958
0.695400;4853550
0.695500;4848380
0.695600;4844541
0.695700;4842207
0.695800;4838397
0.695900;4832044
0.696000;4826983
0.696100;4823484
0.696200;4818594
0.696300;4816089
0.696400;4810905
0.696500;4805712
0.696600;4802741
0.696700;4797106
0.696800;4713148
0.696900;4708994
0.697000;4704821
0.697100;4700573
0.697200;4694002
0.697300;4688620
0.697400;4684553
0.697500;4682518
0.697600;4718955
0.697700;4715090
0.697800;4711333
0.697900;4706156
0.698000;4702453
0.698100;4696263
0.698200;4691579
0.698300;4745730
0.698400;4739442
0.698500;4732567
0.698600;4724657
0.698700;4720023
0.698800;4715330
0.698900;4712494
0.699000;4708051
0.699100;4689974
0.699200;4682960
0.699300;4679276
0.699400;4674775
0.699500;4670331
0.699600;4666904
0.699700;4664098
0.699800;4662608
0.699900;4614681
0.700000;4611802
0.710000;4173067
0.720000;3752034
0.730000;3334873
0.740000;2951965
0.750000;2573596
0.760000;2199704
0.770000;1885567
0.780000;1594508
0.790000;1326573
0.800000;1092541
0.810000;893242
0.820000;711310
0.830000;559487
0.840000;428849
0.850000;324134
0.860000;229805
0.870000;165317
0.880000;116931
0.890000;76796
0.900000;49034
0.910000;32361
0.920000;20223
0.930000;12186
0.940000;5109
0.950000;5631
0.960000;2858
0.970000;695
0.980000;308
0.990000;52
