/* L 128 Z 100000 */
/* probabilidad; segundo momento */
0.010000;17052109
0.020000;35540997
0.030000;55552740
0.040000;77291532
0.050000;100847511
0.060000;126447572
0.070000;154285020
0.080000;184485362
0.090000;217279599
0.100000;253041102
0.110000;291935423
0.120000;334366362
0.130000;380517612
0.140000;430867697
0.150000;485791443
0.160000;545869362
0.170000;611466603
0.180000;683233811
0.190000;761951630
0.200000;848253383
0.210000;943314482
0.220000;1047619227
0.230000;1162716765
0.240000;1289674197
0.250000;1430264682
0.260000;1585762738
0.270000;1759416475
0.280000;1952119342
0.290000;-2127315896
0.300000;-1885850369
0.310000;-1614769835
0.320000;-1308209052
0.330000;-960664199
0.340000;-568012561
0.350000;-120303639
0.360000;396013606
0.370000;988245181
0.380000;1678303451
0.390000;-1809501913
0.400000;-861591683
0.410000;257485720
0.420000;1597129560
0.430000;-1070355800
0.440000;887710504
0.450000;-959460209
0.460000;2095981570
0.470000;1667209000
0.480000;-1900846623
0.490000;423974612
0.500000;850524179
0.500100;985719874
0.500200;1063721528
0.500300;1137288590
0.500400;1287824209
0.500500;1414108650
0.500600;1522180186
0.500700;1623221966
0.500800;1668055677
0.500900;1770559688
0.501000;1950627730
0.501100;2024778753
0.501200;2117564864
0.501300;-2056944677
0.501400;-1948692921
0.501500;-1846698296
0.501600;-1706511533
0.501700;-1634276640
0.501800;-1490677407
0.501900;-1299290159
0.502000;-1239559308
0.502100;-1160888091
0.502200;-1016799938
0.502300;-946980426
0.502400;-767537657
0.502500;-637585160
0.502600;-582136350
0.502700;-471036417
0.502800;-302064066
0.502900;-187128038
0.503000;-120279330
0.503100;41374151
0.503200;74738238
0.503300;249081468
0.503400;349087449
0.503500;484441074
0.503600;579008714
0.503700;702439216
0.503800;786534237
0.503900;949107788
0.504000;1064191148
0.504100;1197886954
0.504200;1338101049
0.504300;1396109043
0.504400;1529403547
0.504500;1680886336
0.504600;1808238470
0.504700;1888277038
0.504800;2033045722
0.504900;-2110487536
0.505000;-1924480316
0.505100;-1867746955
0.505200;-1703055567
0.505300;-1680284148
0.505400;-1524495777
0.505500;-1354167236
0.505600;-1270130951
0.505700;-1131563215
0.505800;-1073147737
0.505900;-889428658
0.506000;-712005571
0.506100;-590151420
0.506200;-437818389
0.506300;-322181367
0.506400;-142311549
0.506500;-23972783
0.506600;89864678
0.506700;196595396
0.506800;328696196
0.506900;459802601
0.507000;570729671
0.507100;696128170
0.507200;788101653
0.507300;985934156
0.507400;1115542019
0.507500;1270787116
0.507600;1420397237
0.507700;1548230487
0.507800;1662846497
0.507900;1866803013
0.508000;1955392839
0.508100;2070049028
0.508200;-2117501750
0.508300;-1899803117
0.508400;-1837104248
0.508500;-1648284799
0.508600;-1446381350
0.508700;-1309622703
0.508800;-1287589868
0.508900;-1101843653
0.509000;-975833955
0.509100;-751349677
0.509200;-641927081
0.509300;-569883223
0.509400;-319396630
0.509500;-190039300
0.509600;-55577313
0.509700;116528046
0.509800;243824907
0.509900;379160022
0.510000;550114998
0.510100;751894528
0.510200;882520370
0.510300;965414543
0.510400;1087828357
0.510500;1260664016
0.510600;1382424401
0.510700;1612135425
0.510800;1726248404
0.510900;1918787174
0.511000;2031683001
0.511100;-2099488234
0.511200;-1828720953
0.511300;-1726531967
0.511400;-1648952061
0.511500;-1474776336
0.511600;-1310438988
0.511700;-1153199775
0.511800;-913563513
0.511900;-872667002
0.512000;-680540970
0.512100;-420837382
0.512200;-248113203
0.512300;-215604700
0.512400;63296132
0.512500;160271824
0.512600;391108645
0.512700;373318597
0.512800;645661531
0.512900;827609635
0.513000;1004954673
0.513100;1187042408
0.513200;1276043100
0.513300;1493456602
0.513400;1632474830
0.513500;1859540816
0.513600;1954420205
0.513700;-2124297492
0.513800;-1998145516
0.513900;-1792435552
0.514000;-1602468418
0.514100;-1491552904
0.514200;-1270218947
0.514300;-1092045853
0.514400;-916187852
0.514500;-742909042
0.514600;-617063121
0.514700;-390723916
0.514800;-282654293
0.514900;-26656813
0.515000;208353477
0.515100;369241384
0.515200;626389917
0.515300;640826056
0.515400;952220821
0.515500;1060602897
0.515600;1299723984
0.515700;1461265522
0.515800;1631321003
0.515900;1760782901
0.516000;1973391114
0.516100;-2095864578
0.516200;-1959027154
0.516300;-1782063407
0.516400;-1569087625
0.516500;-1452916747
0.516600;-1208986849
0.516700;-1005764620
0.516800;-818598351
0.516900;-603525331
0.517000;-471601504
0.517100;-291687851
0.517200;19511989
0.517300;191324199
0.517400;342693422
0.517500;595006576
0.517600;731236713
0.517700;960465813
0.517800;1109048192
0.517900;1398622688
0.518000;1616422292
0.518100;1767835392
0.518200;1963096856
0.518300;-2049156722
0.518400;-1887183250
0.518500;-1612966518
0.518600;-1484236140
0.518700;-1206984547
0.518800;-1114261732
0.518900;-825017823
0.519000;-599435422
0.519100;-423231655
0.519200;-174699046
0.519300;-37143247
0.519400;164852316
0.519500;404327985
0.519600;731622937
0.519700;897175449
0.519800;973302496
0.519900;1331941037
0.520000;1365493664
0.520100;1781420447
0.520200;1980512737
0.520300;-1983050426
0.520400;-1912835818
0.520500;-1663937058
0.520600;-1443726474
0.520700;-1141837603
0.520800;-989291049
0.520900;-745737271
0.521000;-536987067
0.521100;-269195780
0.521200;-95320631
0.521300;143055692
0.521400;424483723
0.521500;733424623
0.521600;950295389
0.521700;1054187776
0.521800;1341133282
0.521900;1530375913
0.522000;1866468508
0.522100;2064789828
0.522200;-1914618791
0.522300;-1802566443
0.522400;-1396000224
0.522500;-1257294092
0.522600;-1137346343
0.522700;-811084991
0.522800;-584741396
0.522900;-328740324
0.523000;61837070
0.523100;178875293
0.523200;419407288
0.523300;657605072
0.523400;998161236
0.523500;1097780070
0.523600;1507969861
0.523700;1684520697
0.523800;1977904514
0.523900;-2094202769
0.524000;-1932941315
0.524100;-1511794625
0.524200;-1282625169
0.524300;-1122492928
0.524400;-799250181
0.524500;-513690212
0.524600;-317786591
0.524700;138658098
0.524800;291461109
0.524900;521349477
0.525000;906804853
0.525100;1207521734
0.525200;1388743996
0.525300;1668696911
0.525400;2044925026
0.525500;-2089972188
0.525600;-1782677625
0.525700;-1554257682
0.525800;-1328809404
0.525900;-941362314
0.526000;-700459796
0.526100;-348383871
0.526200;-192340349
0.526300;271192782
0.526400;449178996
0.526500;718742276
0.526600;1008692608
0.526700;1312356438
0.526800;1651241217
0.526900;1787756051
0.527000;-2119831525
0.527100;-1813466927
0.527200;-1503798744
0.527300;-1332227697
0.527400;-934953001
0.527500;-510937377
0.527600;-231739445
0.527700;-2866966
0.527800;361117525
0.527900;646839990
0.528000;918836910
0.528100;1294002294
0.528200;1578608373
0.528300;1911153836
0.528400;1995421369
0.528500;-1763190918
0.528600;-1430642950
0.528700;-1146385654
0.528800;-729754057
0.528900;-532455644
0.529000;-147600019
0.529100;2828838
0.529200;276170981
0.529300;837359924
0.529400;1207992601
0.529500;1371398014
0.529600;1845475173
0.529700;2117775882
0.529800;-1935865875
0.529900;-1609347417
0.530000;-1170342441
0.530100;-598965360
0.530200;-482840692
0.530300;-21817113
0.530400;166483812
0.530500;628898330
0.530600;853451291
0.530700;1335369497
0.530800;1684812447
0.530900;1816192603
0.531000;-2022529504
0.531100;-1774352611
0.531200;-1342659350
0.531300;-903845284
0.531400;-573081466
0.531500;-361079648
0.531600;151168648
0.531700;582769104
0.531800;888902493
0.531900;1348399950
0.532000;1459625086
0.532100;2027441950
0.532200;-1912678816
0.532300;-1571205850
0.532400;-1275375900
0.532500;-599817338
0.532600;-367148994
0.532700;144064488
0.532800;209102314
0.532900;914661361
0.533000;1233158960
0.533100;1506356141
0.533200;1942341518
0.533300;-1982096251
0.533400;-1527346185
0.533500;-1152441310
0.533600;-712798356
0.533700;-458575852
0.533800;-193190428
0.533900;364436144
0.534000;1006353401
0.534100;1150821560
0.534200;1500704727
0.534300;2036546910
0.534400;-1675422137
0.534500;-1128089947
0.534600;-1061965352
0.534700;-608085678
0.534800;-89190619
0.534900;244301791
0.535000;732714611
0.535100;1151282540
0.535200;1687923017
0.535300;-2058016311
0.535400;-1886276832
0.535500;-1207811495
0.535600;-1065895613
0.535700;-454018108
0.535800;130025048
0.535900;418156667
0.536000;886974061
0.536100;1166904017
0.536200;1748128889
0.536300;2077084402
0.536400;-1656158190
0.536500;-1075293285
0.536600;-551888454
0.536700;-259806313
0.536800;231681054
0.536900;775571844
0.537000;898245846
0.537100;1598963208
0.537200;1991791441
0.537300;-1793750058
0.537400;-1311375538
0.537500;-592949317
0.537600;-374272819
0.537700;116656472
0.537800;825511991
0.537900;1294957803
0.538000;1697803535
0.538100;-1897002853
0.538200;-1741319768
0.538300;-1221818882
0.538400;-664466163
0.538500;-203981506
0.538600;386196214
0.538700;1187103360
0.538800;1172112664
0.538900;1768519081
0.539000;-1672229062
0.539100;-1571498700
0.539200;-647014234
0.539300;-473591879
0.539400;550059900
0.539500;1283655004
0.539600;1373490694
0.539700;1934190832
0.539800;-1803689421
0.539900;-1108506299
0.540000;-773819162
0.540100;190103971
0.540200;6907855
0.540300;684631151
0.540400;1604997848
0.540500;1874675116
0.540600;-1644043908
0.540700;-677097438
0.540800;-697310973
0.540900;378112466
0.541000;577622197
0.541100;1283891169
0.541200;1563229022
0.541300;-1684360930
0.541400;-1115048410
0.541500;-624057987
0.541600;-21132601
0.541700;555760748
0.541800;893839379
0.541900;2025155607
0.542000;-2101905474
0.542100;-1273283855
0.542200;-510977227
0.542300;-239848037
0.542400;199671156
0.542500;1268893991
0.542600;1490987951
0.542700;-1855872593
0.542800;-1189869400
0.542900;-1119497810
0.543000;91769612
0.543100;457191344
0.543200;1449709441
0.543300;1456522588
0.543400;-1702021239
0.543500;-921849061
0.543600;-294217230
0.543700;367582082
0.543800;1005070144
0.543900;1610259332
0.544000;2082647519
0.544100;-1139611271
0.544200;-828769082
0.544300;188527543
0.544400;1029028474
0.544500;1445861793
0.544600;1790382285
0.544700;-1818823925
0.544800;-714330921
0.544900;49801135
0.545000;475293645
0.545100;1185303032
0.545200;-1930265924
0.545300;-1796854663
0.545400;-861696409
0.545500;52455833
0.545600;1270995476
0.545700;1217055211
0.545800;1946976634
0.545900;-1259049798
0.546000;-695222826
0.546100;103435993
0.546200;755150735
0.546300;1517332855
0.546400;-1749540883
0.546500;-1432911380
0.546600;-521033537
0.546700;-230531719
0.546800;1267122909
0.546900;2107238159
0.547000;-1394299647
0.547100;-402535232
0.547200;375480629
0.547300;1190929766
0.547400;2027263389
0.547500;-1728168705
0.547600;-1414571695
0.547700;-173748086
0.547800;838689068
0.547900;1757520977
0.548000;-1849209396
0.548100;-1026878418
0.548200;-351232191
0.548300;205473494
0.548400;1491264759
0.548500;-1604520333
0.548600;-1048274334
0.548700;-757136462
0.548800;642439731
0.548900;1568513744
0.549000;-1972464970
0.549100;-1098443955
0.549200;242999704
0.549300;790399054
0.549400;-2104130104
0.549500;-1209590763
0.549600;-134075525
0.549700;150487136
0.549800;1417499064
0.549900;2144069501
0.550000;-2112217309
0.550100;-280623296
0.550200;396551781
0.550300;1883458923
0.550400;-1574600641
0.550500;-772124273
0.550600;-7205838
0.550700;1193528581
0.550800;-1677912877
0.550900;-1428337127
0.551000;168172085
0.551100;863565627
0.551200;1832762220
0.551300;-2022292627
0.551400;-632362130
0.551500;505024495
0.551600;1666452701
0.551700;-1782797767
0.551800;-348237421
0.551900;83692249
0.552000;1648802648
0.552100;-1483011626
0.552200;-481192315
0.552300;340419505
0.552400;1782690019
0.552500;-1648359969
0.552600;-653268899
0.552700;773399541
0.552800;1580599013
0.552900;-1920544802
0.553000;-978457334
0.553100;220678832
0.553200;1263732590
0.553300;-1569198178
0.553400;-288779007
0.553500;924056571
0.553600;2038988332
0.553700;-1440865617
0.553800;-112451607
0.553900;1325681707
0.554000;1854205595
0.554100;-1208864083
0.554200;-167971574
0.554300;1426771329
0.554400;-1070777793
0.554500;-456935194
0.554600;783292350
0.554700;-1880080072
0.554800;-1533917599
0.554900;-234457597
0.555000;1377005704
0.555100;-1666524864
0.555200;-335016804
0.555300;644230284
0.555400;2097558838
0.555500;-1357300988
0.555600;711149718
0.555700;2054291285
0.555800;-1500180844
0.555900;-52567267
0.556000;1152773557
0.556100;-2001594520
0.556200;-3121153
0.556300;349879581
0.556400;-1896815286
0.556500;-767813951
0.556600;1051982107
0.556700;1606924000
0.556800;-1516913798
0.556900;457885681
0.557000;2024924192
0.557100;-1474600134
0.557200;137468035
0.557300;1066118964
0.557400;2127870540
0.557500;37428067
0.557600;1757228925
0.557700;-1364660807
0.557800;155280746
0.557900;-1874650931
0.558000;-739135314
0.558100;-88464939
0.558200;1862915026
0.558300;-1306915565
0.558400;-257774847
0.558500;-1931513095
0.558600;-755413721
0.558700;735288021
0.558800;1837627674
0.558900;-992290090
0.559000;601511195
0.559100;-1792891260
0.559200;-954478446
0.559300;1231303909
0.559400;-1796628574
0.559500;-400962204
0.559600;-2128185323
0.559700;-797015551
0.559800;559876465
0.559900;-2143584859
0.560000;2094837990
0.560100;-10439109
0.560200;1641990804
0.560300;-232183211
0.560400;1382869749
0.560500;-1183850855
0.560600;136592667
0.560700;-1710947806
0.560800;-159138709
0.560900;1932024781
0.561000;-196742002
0.561100;1367138130
0.561200;1793134312
0.561300;-873611456
0.561400;629683752
0.561500;1988401373
0.561600;230618660
0.561700;1667344216
0.561800;-446040622
0.561900;889267856
0.562000;-472999034
0.562100;-347307367
0.562200;-1366541423
0.562300;-595476489
0.562400;-20078841
0.562500;-1609502452
0.562600;514627717
0.562700;-1697576709
0.562800;-435202953
0.562900;-1735670429
0.563000;-57174809
0.563100;1739935092
0.563200;-2115048329
0.563300;194471747
0.563400;-1195913580
0.563500;1478369211
0.563600;-2098687254
0.563700;-688364881
0.563800;-1723800085
0.563900;-1247369579
0.564000;1887894936
0.564100;-1001921447
0.564200;1048559260
0.564300;-20033176
0.564400;683469960
0.564500;-737903576
0.564600;475213047
0.564700;-431144920
0.564800;638256264
0.564900;1692739417
0.565000;-501410967
0.565100;-2054034420
0.565200;-85920124
0.565300;1268510909
0.565400;1010644497
0.565500;397474993
0.565600;-25965472
0.565700;-1640343390
0.565800;1034139285
0.565900;897053036
0.566000;-1238475361
0.566100;1111472923
0.566200;-1215264317
0.566300;924741299
0.566400;-1662374981
0.566500;-1247974791
0.566600;628216368
0.566700;-1884458622
0.566800;578957796
0.566900;858301289
0.567000;-1224972613
0.567100;-1487592009
0.567200;-384771054
0.567300;-1494344191
0.567400;-835624075
0.567500;-1108053267
0.567600;293441252
0.567700;-1522327808
0.567800;259103418
0.567900;1867557753
0.568000;-585090258
0.568100;-599395862
0.568200;573403975
0.568300;477152827
0.568400;1818409373
0.568500;-951767094
0.568600;-1640698521
0.568700;-670845003
0.568800;1751767046
0.568900;-1269997205
0.569000;-1885125256
0.569100;1174979185
0.569200;-1429163530
0.569300;1027920521
0.569400;-1219047356
0.569500;-1650723293
0.569600;-288149206
0.569700;1590099930
0.569800;740116861
0.569900;92650995
0.570000;-846935342
0.570100;903812593
0.570200;-81809225
0.570300;1792872933
0.570400;148883681
0.570500;-1299619566
0.570600;1567141508
0.570700;570464953
0.570800;1739283174
0.570900;1858954558
0.571000;-574026399
0.571100;1102275670
0.571200;151228486
0.571300;975285334
0.571400;125266247
0.571500;345551507
0.571600;1459585823
0.571700;792820333
0.571800;-2127735022
0.571900;-2105660743
0.572000;-1082129803
0.572100;564124321
0.572200;-1844157112
0.572300;-2006912781
0.572400;517614013
0.572500;-239669170
0.572600;1522983232
0.572700;2116588890
0.572800;575554148
0.572900;-217855278
0.573000;2129449673
0.573100;171434153
0.573200;-69556670
0.573300;-2034594169
0.573400;-264856305
0.573500;-769127312
0.573600;-1245236816
0.573700;-1578164204
0.573800;223379364
0.573900;-1984160485
0.574000;1662455263
0.574100;1885970112
0.574200;1625749143
0.574300;-1940446000
0.574400;-382062220
0.574500;-1791468478
0.574600;-317891173
0.574700;-1404029817
0.574800;246138998
0.574900;1954008437
0.575000;-1706374251
0.575100;-1822168198
0.575200;-55523916
0.575300;-1514137523
0.575400;-1646920325
0.575500;-1856648670
0.575600;-2141717506
0.575700;-2070850434
0.575800;1857240362
0.575900;98038977
0.576000;1425732332
0.576100;294341718
0.576200;1178238466
0.576300;759355128
0.576400;1777188023
0.576500;-353932477
0.576600;-309242970
0.576700;474635999
0.576800;1416829371
0.576900;-1204704349
0.577000;1607644175
0.577100;91320714
0.577200;234843700
0.577300;188993456
0.577400;-318239419
0.577500;428842296
0.577600;1984556574
0.577700;689325262
0.577800;-1673727483
0.577900;1808819915
0.578000;1287060544
0.578100;-464468081
0.578200;-634974376
0.578300;-536711590
0.578400;-1958860455
0.578500;1240865197
0.578600;163291663
0.578700;306050874
0.578800;686316237
0.578900;-177276156
0.579000;1258951980
0.579100;1020104020
0.579200;-980487785
0.579300;1564248806
0.579400;-1397672530
0.579500;44706213
0.579600;205290759
0.579700;2061916993
0.579800;869898526
0.579900;-514993680
0.580000;-941943976
0.580100;1854380700
0.580200;-1278253639
0.580300;1558763361
0.580400;273535086
0.580500;657883385
0.580600;-575725508
0.580700;2088260941
0.580800;-272847076
0.580900;-1108892371
0.581000;-2107987838
0.581100;1835463465
0.581200;1242530478
0.581300;-867026600
0.581400;1348141869
0.581500;1648610526
0.581600;1742362027
0.581700;1248062472
0.581800;1894012156
0.581900;172836037
0.582000;-1415855942
0.582100;1330150972
0.582200;-134185727
0.582300;-265836378
0.582400;-89822254
0.582500;1955779174
0.582600;707558585
0.582700;2041999393
0.582800;827063171
0.582900;1921082301
0.583000;9237618
0.583100;-729545831
0.583200;678915308
0.583300;-113808799
0.583400;1559086083
0.583500;266040515
0.583600;-925311008
0.583700;-1587912874
0.583800;-1806390816
0.583900;1490085645
0.584000;-204171449
0.584100;55572903
0.584200;-597334222
0.584300;909451086
0.584400;761460231
0.584500;731453830
0.584600;1324617031
0.584700;-358084109
0.584800;-225700139
0.584900;-805039819
0.585000;326713801
0.585100;1899808028
0.585200;355962703
0.585300;-153037534
0.585400;768502748
0.585500;106233064
0.585600;-1005888921
0.585700;-1539364895
0.585800;-1048818608
0.585900;1990129009
0.586000;2107402124
0.586100;1549320123
0.586200;428304953
0.586300;166430432
0.586400;-10989801
0.586500;-642573527
0.586600;256730534
0.586700;532352870
0.586800;-681230747
0.586900;-1187184750
0.587000;1961510971
0.587100;769877934
0.587200;-1182549274
0.587300;-1082919541
0.587400;-2066773944
0.587500;1198409380
0.587600;1356408225
0.587700;-1829117851
0.587800;-527565615
0.587900;1020571509
0.588000;2144782208
0.588100;610919592
0.588200;97324668
0.588300;1143457668
0.588400;-662436236
0.588500;-1297250547
0.588600;2051698816
0.588700;-2062735942
0.588800;-1899913815
0.588900;-806577575
0.589000;1710389361
0.589100;-980166631
0.589200;645114546
0.589300;-684454784
0.589400;540964584
0.589500;-947925077
0.589600;739536982
0.589700;1317643617
0.589800;389656547
0.589900;601759069
0.590000;798563464
0.590100;-1544787409
0.590200;-786676766
0.590300;965097555
0.590400;-1049879804
0.590500;-2008242645
0.590600;2115180750
0.590700;1490890675
0.590800;33707000
0.590900;-1466521709
0.591000;1559877104
0.591100;-943419079
0.591200;95211217
0.591300;-188139848
0.591400;21176936
0.591500;147673760
0.591600;-1304997005
0.591700;1705815930
0.591800;-543926277
0.591900;675157397
0.592000;1294787985
0.592100;-1013738864
0.592200;1052409663
0.592300;-1512144640
0.592400;-1971794858
0.592500;-225751958
0.592600;1621288888
0.592700;-1703084015
0.592800;-746509728
0.592900;117634716
0.593000;250592494
0.593100;-481527696
0.593200;-596110267
0.593300;790102822
0.593400;1294230391
0.593500;-1154571077
0.593600;1987176530
0.593700;-1639678903
0.593800;-1245618890
0.593900;-1870625114
0.594000;1563077917
0.594100;-359502234
0.594200;2061926294
0.594300;-889414530
0.594400;-119882305
0.594500;1694268052
0.594600;-1228528826
0.594700;1007054825
0.594800;2056987750
0.594900;10054344
0.595000;-373671546
0.595100;-743304736
0.595200;-1203873276
0.595300;1673003622
0.595400;-59484241
0.595500;-800067855
0.595600;269286589
0.595700;959712325
0.595800;-593025920
0.595900;672722337
0.596000;-610931309
0.596100;-1658221398
0.596200;-658083772
0.596300;1757198482
0.596400;986310611
0.596500;-2046308875
0.596600;785047089
0.596700;1071088118
0.596800;1883722632
0.596900;-436745455
0.597000;-283025519
0.597100;1268702070
0.597200;1747742129
0.597300;-2106078566
0.597400;-499344712
0.597500;518278649
0.597600;-843362599
0.597700;215726726
0.597800;1316305524
0.597900;770206963
0.598000;-1051124708
0.598100;-1306952764
0.598200;557086496
0.598300;542899511
0.598400;-1945743650
0.598500;1512702591
0.598600;2112789632
0.598700;-1586550491
0.598800;-929153041
0.598900;1286221286
0.599000;-564809491
0.599100;-2080290725
0.599200;-42794352
0.599300;-1259087136
0.599400;1468197713
0.599500;1063015687
0.599600;114802570
0.599700;-1799912383
0.599800;1804088837
0.599900;-1427272910
0.600000;-1057098676
0.600100;-1515533189
0.600200;1847696603
0.600300;-2130689262
0.600400;1725393151
0.600500;-918676294
0.600600;-307667017
0.600700;1705411211
0.600800;125528046
0.600900;840773758
0.601000;-2094062431
0.601100;1973740413
0.601200;-914144768
0.601300;-150067050
0.601400;1715112247
0.601500;-1158418764
0.601600;275368303
0.601700;-33738138
0.601800;-2087816255
0.601900;-1579920965
0.602000;660863834
0.602100;-1178061191
0.602200;1063390210
0.602300;-565230190
0.602400;-715165292
0.602500;-1815585192
0.602600;-1669701124
0.602700;758993546
0.602800;1230267771
0.602900;-409289644
0.603000;2140291006
0.603100;-2073062281
0.603200;1808436033
0.603300;-925045963
0.603400;1866320932
0.603500;1250621621
0.603600;1307833710
0.603700;1098314113
0.603800;1486729910
0.603900;843943398
0.604000;244551271
0.604100;888197410
0.604200;498914740
0.604300;-758823297
0.604400;1171028437
0.604500;1378901645
0.604600;1177257884
0.604700;260484020
0.604800;-1841194100
0.604900;789809279
0.605000;308096679
0.605100;1989309736
0.605200;-2144393933
0.605300;825462921
0.605400;820492005
0.605500;-292644927
0.605600;978174801
0.605700;-862078793
0.605800;1764204054
0.605900;2007160568
0.606000;1058163808
0.606100;-1683651101
0.606200;-1633428497
0.606300;2117727281
0.606400;1169471024
0.606500;1387854805
0.606600;1597507732
0.606700;-176412659
0.606800;-472105419
0.606900;667310100
0.607000;348373364
0.607100;466645131
0.607200;-1135378124
0.607300;-1233931512
0.607400;478100631
0.607500;486638774
0.607600;-947818082
0.607700;1472884722
0.607800;-1786026515
0.607900;1292033192
0.608000;1840350156
0.608100;457201349
0.608200;1061555023
0.608300;1572028422
0.608400;-292338301
0.608500;71994134
0.608600;-1977395045
0.608700;-104466797
0.608800;-1524947613
0.608900;-733626367
0.609000;-1263159225
0.609100;-198247262
0.609200;1651476636
0.609300;-2084965532
0.609400;-847611319
0.609500;-206716290
0.609600;1561135681
0.609700;-1376843293
0.609800;1239290464
0.609900;690279667
0.610000;-2044872659
0.610100;-1593988942
0.610200;940639407
0.610300;456279498
0.610400;1310624860
0.610500;-12974435
0.610600;244750990
0.610700;-822795486
0.610800;-231420382
0.610900;-1812584246
0.611000;-875883160
0.611100;-1294773625
0.611200;-888615363
0.611300;-283381354
0.611400;1877232510
0.611500;1504383096
0.611600;-1364803761
0.611700;-107789983
0.611800;546000298
0.611900;-1370495338
0.612000;186909200
0.612100;-945436360
0.612200;-522090670
0.612300;1763843068
0.612400;-967614275
0.612500;2133293968
0.612600;44108172
0.612700;537451382
0.612800;1912475582
0.612900;-1769232368
0.613000;1373262323
0.613100;-452117047
0.613200;-1955697099
0.613300;-832105778
0.613400;898030635
0.613500;-1835069831
0.613600;-2023808610
0.613700;-680215462
0.613800;2104872372
0.613900;242577686
0.614000;-2107131787
0.614100;207303361
0.614200;-2036412211
0.614300;616405564
0.614400;476704857
0.614500;-31840966
0.614600;-408943682
0.614700;1851510327
0.614800;-753229044
0.614900;1264612137
0.615000;477138107
0.615100;381264187
0.615200;1239468812
0.615300;-232248031
0.615400;646688301
0.615500;-1966791372
0.615600;-1111367019
0.615700;630001527
0.615800;2118956935
0.615900;620925253
0.616000;2539003
0.616100;-352847159
0.616200;493789816
0.616300;-181230716
0.616400;-1818395895
0.616500;-440919886
0.616600;1281134837
0.616700;1599880860
0.616800;1340181496
0.616900;1402767544
0.617000;1840808742
0.617100;-1571904924
0.617200;1140055656
0.617300;-436038348
0.617400;-1347259505
0.617500;-469251462
0.617600;1772909985
0.617700;-416814053
0.617800;-637309084
0.617900;655796405
0.618000;-82360628
0.618100;1125333998
0.618200;-1395377569
0.618300;-256133902
0.618400;-1052385665
0.618500;-555043221
0.618600;608394278
0.618700;1377864854
0.618800;-707166524
0.618900;-767146802
0.619000;263890804
0.619100;-1671509601
0.619200;-528901067
0.619300;1086385244
0.619400;-1148382210
0.619500;1622158959
0.619600;1269441383
0.619700;-1629976386
0.619800;1848142157
0.619900;-648239924
0.620000;-704197252
0.620100;-1936181491
0.620200;-283907389
0.620300;1886992736
0.620400;-660643413
0.620500;-2050395928
0.620600;2014501633
0.620700;-1511857881
0.620800;-925762345
0.620900;208957764
0.621000;-1778437402
0.621100;135144005
0.621200;1361752295
0.621300;754753491
0.621400;431289031
0.621500;1224647166
0.621600;2080907477
0.621700;618271513
0.621800;-1535343493
0.621900;189599753
0.622000;-723093462
0.622100;-1571987078
0.622200;1097397571
0.622300;1478213040
0.622400;-1043019088
0.622500;-217389585
0.622600;746658969
0.622700;1783584232
0.622800;-389884460
0.622900;-1938201203
0.623000;426275160
0.623100;-1741230702
0.623200;-1864583940
0.623300;-1317672098
0.623400;-1600644661
0.623500;735874493
0.623600;704127240
0.623700;-315395217
0.623800;453325056
0.623900;-1201700532
0.624000;-224008810
0.624100;249467652
0.624200;-1043383681
0.624300;-2067300746
0.624400;-766818883
0.624500;-2116611138
0.624600;-954969146
0.624700;-1595477737
0.624800;1013493390
0.624900;1080668609
0.625000;-615119005
0.625100;-466653315
0.625200;-938082900
0.625300;-1415284610
0.625400;146600076
0.625500;705021946
0.625600;-1278783980
0.625700;-1275341831
0.625800;1667816896
0.625900;1948396071
0.626000;-594393437
0.626100;42105667
0.626200;-1531059605
0.626300;1166796575
0.626400;-1779560085
0.626500;-911085126
0.626600;1006489097
0.626700;1568302413
0.626800;-1618340349
0.626900;1142170937
0.627000;-926820253
0.627100;-707361738
0.627200;-328950149
0.627300;2104675504
0.627400;-1111903302
0.627500;1454014614
0.627600;-707439681
0.627700;839619623
0.627800;-2128264866
0.627900;-1581280106
0.628000;1280305076
0.628100;-826909428
0.628200;1862123508
0.628300;626059414
0.628400;-873105533
0.628500;1903431202
0.628600;-1164523035
0.628700;-1828296844
0.628800;762894209
0.628900;471302069
0.629000;-1101546277
0.629100;-708412413
0.629200;-1991374494
0.629300;-369959060
0.629400;1818536409
0.629500;1421607939
0.629600;1866267570
0.629700;1351105734
0.629800;527418852
0.629900;366660364
0.630000;-480732612
0.630100;80673829
0.630200;1078151889
0.630300;-1539058467
0.630400;-1562819467
0.630500;1954596014
0.630600;642079338
0.630700;-1285570455
0.630800;421457472
0.630900;2073354574
0.631000;-888966045
0.631100;1938483089
0.631200;-2076122136
0.631300;1756656530
0.631400;-1418334318
0.631500;-45218026
0.631600;1959396600
0.631700;-435357466
0.631800;803263500
0.631900;-579528211
0.632000;-1122096256
0.632100;-1299270516
0.632200;-1901124706
0.632300;-1701406597
0.632400;1410951283
0.632500;1115165509
0.632600;276083451
0.632700;787564356
0.632800;-930094153
0.632900;43630982
0.633000;-798658465
0.633100;627457112
0.633200;-1041487773
0.633300;68126382
0.633400;-20120501
0.633500;2059209303
0.633600;-2032484834
0.633700;2038323639
0.633800;1148182518
0.633900;1235598495
0.634000;351519371
0.634100;1302397316
0.634200;-99883628
0.634300;70836604
0.634400;-1517585162
0.634500;-1619536043
0.634600;-496329984
0.634700;447318396
0.634800;1941917233
0.634900;-1017798159
0.635000;-1503175504
0.635100;1269906177
0.635200;2066457786
0.635300;535867839
0.635400;-1860736052
0.635500;1708792834
0.635600;1249991257
0.635700;1059624590
0.635800;-233619812
0.635900;128418173
0.636000;-311151193
0.636100;168679408
0.636200;-629500712
0.636300;-636501386
0.636400;-946263116
0.636500;-1183208990
0.636600;-1249922718
0.636700;-1302656710
0.636800;-1691613681
0.636900;-1495130632
0.637000;-1881125537
0.637100;1190279958
0.637200;1235347295
0.637300;1963618728
0.637400;1567168346
0.637500;2000531922
0.637600;1051862952
0.637700;595976079
0.637800;926715314
0.637900;676113646
0.638000;1092038155
0.638100;243123799
0.638200;-359611352
0.638300;330816936
0.638400;-593106837
0.638500;-323043374
0.638600;-237750218
0.638700;-418447729
0.638800;-1389913197
0.638900;-573933875
0.639000;-1281417730
0.639100;-929079918
0.639200;-1177669334
0.639300;-1190074248
0.639400;-1194984887
0.639500;-1687182764
0.639600;-1955658732
0.639700;2063165379
0.639800;2019097188
0.639900;1472476387
0.640000;1679286288
0.640100;1526776593
0.640200;1074831941
0.640300;1808946775
0.640400;1578452677
0.640500;1450220705
0.640600;1763381155
0.640700;1080944233
0.640800;592584711
0.640900;1125253286
0.641000;285309807
0.641100;318671786
0.641200;380179326
0.641300;-298329345
0.641400;455567722
0.641500;743953638
0.641600;211417711
0.641700;18322974
0.641800;436753505
0.641900;-110004902
0.642000;-240377749
0.642100;-467703388
0.642200;15611165
0.642300;-1133428198
0.642400;-921787891
0.642500;-720719517
0.642600;-564020602
0.642700;-1081813466
0.642800;-755054706
0.642900;-1030270721
0.643000;-1138463689
0.643100;-898938104
0.643200;-1283358508
0.643300;-1470327240
0.643400;-1735108465
0.643500;-1748156968
0.643600;-1345798242
0.643700;-2001506106
0.643800;-1415895120
0.643900;-1105937987
0.644000;-1956191723
0.644100;2038858310
0.644200;-1937815036
0.644300;2046436653
0.644400;-2011506393
0.644500;-2036524252
0.644600;-2129245566
0.644700;2064244242
0.644800;1929164540
0.644900;1721102936
0.645000;1582298911
0.645100;1348347879
0.645200;1385042803
0.645300;1777637714
0.645400;1554621577
0.645500;2102444552
0.645600;1134030420
0.645700;1633826911
0.645800;1197662183
0.645900;1274793443
0.646000;1153381881
0.646100;800523542
0.646200;775108033
0.646300;1060105840
0.646400;743879132
0.646500;1065968122
0.646600;875945670
0.646700;761630871
0.646800;739755661
0.646900;516540439
0.647000;873166166
0.647100;519269055
0.647200;500687243
0.647300;511791879
0.647400;617045610
0.647500;713434802
0.647600;388764492
0.647700;289666202
0.647800;351316765
0.647900;425364104
0.648000;174791770
0.648100;46335927
0.648200;61500025
0.648300;325895143
0.648400;-232671020
0.648500;188845373
0.648600;62929675
0.648700;-124719384
0.648800;-264191856
0.648900;-269627369
0.649000;-190134432
0.649100;-149806151
0.649200;50688202
0.649300;-575723007
0.649400;-225026395
0.649500;-447139628
0.649600;-398858897
0.649700;-245800120
0.649800;-413785204
0.649900;-348280566
0.650000;-641659820
0.650100;-710157672
0.650200;-781953038
0.650300;-620828671
0.650400;-683862059
0.650500;-942415192
0.650600;-732806357
0.650700;-545641492
0.650800;-829803698
0.650900;-835119054
0.651000;-873588678
0.651100;-882011795
0.651200;-850401961
0.651300;-1002812949
0.651400;-893248486
0.651500;-1048015862
0.651600;-953865182
0.651700;-1033361503
0.651800;-934704744
0.651900;-1021934451
0.652000;-1028341783
0.652100;-1114573461
0.652200;-1254501028
0.652300;-1157930351
0.652400;-1226219688
0.652500;-1139886434
0.652600;-1327253881
0.652700;-1173667370
0.652800;-1275895577
0.652900;-1286616064
0.653000;-1463837595
0.653100;-1468137033
0.653200;-1444249349
0.653300;-1403816524
0.653400;-1229420317
0.653500;-1409426498
0.653600;-1481620311
0.653700;-1315031629
0.653800;-1484716911
0.653900;-1490580424
0.654000;-1665442884
0.654100;-1476966256
0.654200;-1668812033
0.654300;-1543764007
0.654400;-1753715036
0.654500;-1791188549
0.654600;-1753928182
0.654700;-1667181033
0.654800;-1860529706
0.654900;-1803930187
0.655000;-1833470167
0.655100;-1851543085
0.655200;-1750999543
0.655300;-1762375200
0.655400;-1881957817
0.655500;-1850870645
0.655600;-1965012769
0.655700;-1819484819
0.655800;-1940432438
0.655900;-1849739997
0.656000;-1989006888
0.656100;-1773016057
0.656200;-2021374350
0.656300;-2049829037
0.656400;-1935892380
0.656500;-2030992916
0.656600;-2106084018
0.656700;-2004231093
0.656800;-2130194621
0.656900;-1992368068
0.657000;-2103111566
0.657100;2065830150
0.657200;-2106770812
0.657300;2051408427
0.657400;2039039333
0.657500;2086835586
0.657600;2058786257
0.657700;-2049091932
0.657800;2079203216
0.657900;2033362116
0.658000;2002062109
0.658100;2008904979
0.658200;1956051230
0.658300;1939360344
0.658400;2078334512
0.658500;1959835662
0.658600;1875259946
0.658700;1985124976
0.658800;1898249519
0.658900;1869344646
0.659000;1885044015
0.659100;1865309346
0.659200;1826257165
0.659300;1908891543
0.659400;1859528370
0.659500;1827241542
0.659600;1871105350
0.659700;1763689704
0.659800;1730467110
0.659900;1822845563
0.660000;1855076979
0.660100;1721244271
0.660200;1740193834
0.660300;1742109566
0.660400;1748173341
0.660500;1717403784
0.660600;1660224420
0.660700;1787586146
0.660800;1687491830
0.660900;1641627944
0.661000;1643366756
0.661100;1606094803
0.661200;1592939916
0.661300;1611078098
0.661400;1601901017
0.661500;1582388417
0.661600;1574816447
0.661700;1636477972
0.661800;1541473679
0.661900;1534620883
0.662000;1536289148
0.662100;1510855343
0.662200;1502582537
0.662300;1507052324
0.662400;1619304722
0.662500;1490070386
0.662600;1477735813
0.662700;1469614211
0.662800;1494805144
0.662900;1478434897
0.663000;1421291575
0.663100;1428977917
0.663200;1417648289
0.663300;1401436760
0.663400;1382637732
0.663500;1411361829
0.663600;1376037103
0.663700;1360324638
0.663800;1353938651
0.663900;1362112536
0.664000;1333311253
0.664100;1336937293
0.664200;1347152365
0.664300;1317345977
0.664400;1305959375
0.664500;1320945059
0.664600;1331382926
0.664700;1308629597
0.664800;1292075947
0.664900;1304131821
0.665000;1270718686
0.665100;1295385825
0.665200;1257473434
0.665300;1224442909
0.665400;1241135255
0.665500;1248194589
0.665600;1227091469
0.665700;1253691613
0.665800;1219849365
0.665900;1223296263
0.666000;1196764106
0.666100;1277667833
0.666200;1226842117
0.666300;1199767395
0.666400;1144084474
0.666500;1153654764
0.666600;1165324956
0.666700;1157869758
0.666800;1152381190
0.666900;1142254803
0.667000;1143268015
0.667100;1130452990
0.667200;1115846812
0.667300;1130847513
0.667400;1113868330
0.667500;1089422138
0.667600;1095942178
0.667700;1093759617
0.667800;1094777640
0.667900;1073084365
0.668000;1071423158
0.668100;1053630098
0.668200;1053267532
0.668300;1058228010
0.668400;1058065917
0.668500;1036097913
0.668600;1028225739
0.668700;1040978063
0.668800;1030145596
0.668900;1020905692
0.669000;1011161985
0.669100;1010017509
0.669200;1002839563
0.669300;991761994
0.669400;975887656
0.669500;994788860
0.669600;997818118
0.669700;982106529
0.669800;1028336967
0.669900;958967091
0.670000;945028116
0.670100;944719606
0.670200;928347201
0.670300;942201474
0.670400;940912213
0.670500;925391433
0.670600;911086545
0.670700;911025490
0.670800;931441624
0.670900;900814300
0.671000;912734664
0.671100;896305050
0.671200;938981349
0.671300;912191801
0.671400;881082480
0.671500;870100947
0.671600;876681632
0.671700;852044018
0.671800;857076214
0.671900;862595214
0.672000;858253463
0.672100;861346539
0.672200;842116176
0.672300;831195571
0.672400;842909247
0.672500;826198871
0.672600;827691552
0.672700;809580077
0.672800;809140016
0.672900;821356241
0.673000;810733363
0.673100;804702267
0.673200;789249083
0.673300;788679455
0.673400;786754503
0.673500;787876086
0.673600;774523083
0.673700;782516877
0.673800;779335661
0.673900;767150699
0.674000;773518965
0.674100;761646116
0.674200;755357367
0.674300;748635379
0.674400;756153937
0.674500;743937841
0.674600;753475646
0.674700;734041027
0.674800;734861873
0.674900;745148253
0.675000;727977636
0.675100;734869299
0.675200;721338352
0.675300;711677270
0.675400;706676863
0.675500;712365441
0.675600;694710431
0.675700;719216307
0.675800;692890152
0.675900;684477899
0.676000;703344872
0.676100;689535174
0.676200;677632147
0.676300;685787676
0.676400;684307556
0.676500;681696407
0.676600;674191707
0.676700;672195324
0.676800;647317727
0.676900;665116150
0.677000;667324553
0.677100;655273166
0.677200;646601976
0.677300;644909407
0.677400;652025358
0.677500;636257685
0.677600;646873935
0.677700;632745450
0.677800;633170433
0.677900;629663225
0.678000;638999196
0.678100;619023579
0.678200;621433258
0.678300;615546997
0.678400;611950414
0.678500;618505428
0.678600;600971406
0.678700;593282669
0.678800;596884514
0.678900;594069491
0.679000;601964776
0.679100;581911699
0.679200;591607623
0.679300;581010576
0.679400;580678600
0.679500;574622694
0.679600;570287461
0.679700;572360663
0.679800;566690478
0.679900;564838355
0.680000;559807173
0.680100;555176057
0.680200;558160657
0.680300;566774490
0.680400;545469128
0.680500;566173460
0.680600;540958525
0.680700;540524816
0.680800;557933712
0.680900;540460663
0.681000;538294151
0.681100;529665137
0.681200;529287554
0.681300;532671689
0.681400;520725145
0.681500;530574282
0.681600;522679714
0.681700;518678869
0.681800;509767176
0.681900;502624298
0.682000;507797271
0.682100;508005302
0.682200;505102969
0.682300;499066386
0.682400;499370235
0.682500;502059025
0.682600;488346406
0.682700;500222187
0.682800;487459955
0.682900;486803689
0.683000;481789290
0.683100;480739850
0.683200;475745970
0.683300;481253336
0.683400;478667345
0.683500;473363224
0.683600;474478351
0.683700;476165001
0.683800;461023406
0.683900;467058029
0.684000;469087262
0.684100;460481504
0.684200;460211174
0.684300;457055346
0.684400;454266547
0.684500;453199844
0.684600;452578449
0.684700;450304309
0.684800;446731964
0.684900;443801902
0.685000;441932989
0.685100;439736630
0.685200;433825291
0.685300;430855015
0.685400;432425396
0.685500;432472195
0.685600;431457541
0.685700;420068137
0.685800;426041757
0.685900;429515071
0.686000;416386974
0.686100;420524424
0.686200;420695795
0.686300;407870480
0.686400;409229520
0.686500;406419234
0.686600;409500982
0.686700;416618692
0.686800;401618139
0.686900;403328964
0.687000;405631681
0.687100;400268368
0.687200;396421772
0.687300;387751819
0.687400;391803461
0.687500;390965783
0.687600;386713149
0.687700;390567071
0.687800;387974395
0.687900;384006035
0.688000;386870494
0.688100;381718509
0.688200;380889457
0.688300;382684255
0.688400;382795947
0.688500;372627919
0.688600;366821791
0.688700;373751481
0.688800;375267554
0.688900;364279096
0.689000;368003725
0.689100;362198531
0.689200;369094831
0.689300;365349172
0.689400;358589009
0.689500;353128126
0.689600;359276451
0.689700;356622341
0.689800;355329535
0.689900;348819355
0.690000;350163774
0.690100;350341572
0.690200;342799243
0.690300;347971483
0.690400;345964268
0.690500;347729908
0.690600;338392462
0.690700;338680525
0.690800;338293301
0.690900;333647195
0.691000;336549781
0.691100;334707024
0.691200;325695943
0.691300;332097887
0.691400;330626533
0.691500;330558021
0.691600;326303105
0.691700;325316462
0.691800;326078303
0.691900;321157474
0.692000;320785088
0.692100;320838289
0.692200;315820247
0.692300;317083226
0.692400;315781603
0.692500;311660562
0.692600;317105473
0.692700;309466712
0.692800;308193319
0.692900;315090779
0.693000;304783833
0.693100;306663411
0.693200;305028718
0.693300;301863209
0.693400;300932505
0.693500;297672292
0.693600;300359556
0.693700;296358117
0.693800;297357962
0.693900;298037382
0.694000;292969205
0.694100;298196513
0.694200;290078852
0.694300;290690069
0.694400;285621968
0.694500;285012203
0.694600;286035333
0.694700;281606415
0.694800;283437623
0.694900;277277523
0.695000;282668730
0.695100;275902614
0.695200;277913312
0.695300;275815640
0.695400;276135178
0.695500;276686036
0.695600;274572004
0.695700;273194013
0.695800;269177277
0.695900;271036882
0.696000;266136623
0.696100;269197935
0.696200;267451869
0.696300;266463467
0.696400;263904471
0.696500;261488256
0.696600;265400131
0.696700;259245557
0.696800;259184776
0.696900;258939928
0.697000;255058692
0.697100;253673865
0.697200;256794988
0.697300;254206732
0.697400;255785371
0.697500;253221162
0.697600;248653955
0.697700;248259229
0.697800;246310749
0.697900;248487818
0.698000;245521061
0.698100;243355867
0.698200;244915453
0.698300;242578993
0.698400;240855212
0.698500;245256040
0.698600;237607353
0.698700;240460956
0.698800;236662109
0.698900;237208161
0.699000;234577364
0.699100;235573770
0.699200;236464050
0.699300;233020190
0.699400;230093120
0.699500;229456313
0.699600;229752465
0.699700;229518035
0.699800;230181665
0.699900;226434490
0.700000;227854829
0.710000;152786336
0.720000;102836494
0.730000;71651007
0.740000;51455952
0.750000;36895525
0.760000;26973022
0.770000;19205501
0.780000;14291142
0.790000;10458964
0.800000;7695253
0.810000;5729488
0.820000;4212273
0.830000;3111090
0.840000;2275346
0.850000;1660214
0.860000;1197281
0.870000;853051
0.880000;599903
0.890000;414722
0.900000;280517
0.910000;181903
0.920000;115628
0.930000;68680
0.940000;38953
0.950000;20097
0.960000;9527
0.970000;3411
0.980000;897
0.990000;106
