/* L = 16, Z = 27000 */
/* p;ocurrencias de percolacion;Masa promedio */
0.010000;0;0
0.020000;0;0
0.030000;0;0
0.040000;0;0
0.050000;0;0
0.060000;0;0
0.070000;0;0
0.080000;0;0
0.090000;0;0
0.100000;0;0
0.110000;0;0
0.120000;0;0
0.130000;0;0
0.140000;0;0
0.150000;0;0
0.160000;0;0
0.170000;0;0
0.180000;0;0
0.190000;0;0
0.200000;0;0
0.210000;0;0
0.220000;0;0
0.230000;0;0
0.240000;0;0
0.250000;0;0
0.260000;0;0
0.270000;0;0
0.280000;0;0
0.290000;0;0
0.300000;0;0
0.310000;1;31
0.320000;1;32
0.330000;4;153
0.340000;3;117
0.350000;4;159
0.360000;9;385
0.370000;14;648
0.380000;20;966
0.390000;31;1592
0.400000;70;3457
0.410000;111;5816
0.420000;160;8503
0.430000;232;12981
0.440000;332;19484
0.450000;472;29090
0.460000;584;38091
0.470000;824;55649
0.480000;1148;80146
0.490000;1594;116290
0.500000;2185;165844
0.500100;2219;165912
0.500200;2224;166322
0.500300;2228;166699
0.500400;2237;167455
0.500500;2240;167747
0.500600;2249;168519
0.500700;2192;165817
0.500800;2200;166502
0.500900;2207;166944
0.501000;2213;167468
0.501100;2221;168152
0.501200;2356;178323
0.501300;2366;179096
0.501400;2370;179558
0.501500;2379;180393
0.501600;2384;180907
0.501700;2240;169114
0.501800;2249;169864
0.501900;2251;170105
0.502000;2259;170784
0.502100;2266;171400
0.502200;2267;171618
0.502300;2388;180345
0.502400;2396;181007
0.502500;2404;181566
0.502600;2410;182060
0.502700;2417;182737
0.502800;2394;183385
0.502900;2400;184069
0.503000;2407;184697
0.503100;2414;185458
0.503200;2423;186277
0.503300;2451;186606
0.503400;2462;187432
0.503500;2467;187886
0.503600;2472;188358
0.503700;2482;189181
0.503800;2487;189629
0.503900;2436;186517
0.504000;2447;187509
0.504100;2450;187793
0.504200;2455;188210
0.504300;2465;188971
0.504400;2599;198210
0.504500;2610;199201
0.504600;2616;199835
0.504700;2621;200310
0.504800;2626;200711
0.504900;2508;192215
0.505000;2514;192681
0.505100;2521;193288
0.505200;2530;194030
0.505300;2536;194559
0.505400;2542;195105
0.505500;2550;197489
0.505600;2559;198467
0.505700;2561;198693
0.505800;2568;199380
0.505900;2575;199940
0.506000;2628;200751
0.506100;2633;201258
0.506200;2636;201534
0.506300;2643;202279
0.506400;2647;202704
0.506500;2713;210036
0.506600;2722;210817
0.506700;2728;211435
0.506800;2735;211961
0.506900;2748;213052
0.507000;2750;213330
0.507100;2699;208716
0.507200;2701;208990
0.507300;2705;209386
0.507400;2713;210090
0.507500;2718;210622
0.507600;2725;211885
0.507700;2733;212609
0.507800;2743;213413
0.507900;2749;213992
0.508000;2756;214721
0.508100;2761;215280
0.508200;2809;219970
0.508300;2813;220391
0.508400;2819;220967
0.508500;2826;221709
0.508600;2831;222246
0.508700;2852;222177
0.508800;2859;222763
0.508900;2873;223946
0.509000;2881;224636
0.509100;2887;225148
0.509200;2775;217583
0.509300;2784;218467
0.509400;2791;219100
0.509500;2795;219543
0.509600;2801;220096
0.509700;2807;220563
0.509800;2836;220734
0.509900;2843;221458
0.510000;2855;222478
0.510100;2864;223331
0.510200;2870;223870
0.510300;2953;231629
0.510400;2961;232472
0.510500;2967;232974
0.510600;2977;233921
0.510700;2980;234278
0.510800;2975;234579
0.510900;2981;235102
0.511000;2991;236031
0.511100;2997;236540
0.511200;3000;236945
0.511300;3013;238163
0.511400;3019;237559
0.511500;3029;238513
0.511600;3044;239734
0.511700;3053;240465
0.511800;3058;240871
0.511900;3083;244336
0.512000;3088;244904
0.512100;3095;245561
0.512200;3101;246207
0.512300;3111;247219
0.512400;3037;238968
0.512500;3044;239661
0.512600;3048;240060
0.512700;3054;240709
0.512800;3066;241666
0.512900;3075;242567
0.513000;3220;255860
0.513100;3227;256385
0.513200;3236;257204
0.513300;3240;257743
0.513400;3247;258451
0.513500;3180;253171
0.513600;3187;253735
0.513700;3195;254428
0.513800;3202;255102
0.513900;3208;255668
0.514000;3301;265525
0.514100;3309;266293
0.514200;3314;266795
0.514300;3322;267525
0.514400;3336;268664
0.514500;3344;269467
0.514600;3306;262576
0.514700;3314;263277
0.514800;3323;264086
0.514900;3339;265485
0.515000;3347;266134
0.515100;3276;262540
0.515200;3280;263024
0.515300;3292;264069
0.515400;3301;264954
0.515500;3313;265983
0.515600;3380;273240
0.515700;3389;274263
0.515800;3395;275009
0.515900;3403;275729
0.516000;3410;276388
0.516100;3426;277684
0.516200;3446;276119
0.516300;3456;277260
0.516400;3470;278587
0.516500;3477;279227
0.516600;3486;279951
0.516700;3498;282038
0.516800;3505;282659
0.516900;3511;283234
0.517000;3518;284015
0.517100;3523;284478
0.517200;3371;272441
0.517300;3383;273400
0.517400;3389;274045
0.517500;3398;274892
0.517600;3406;275625
0.517700;3416;276654
0.517800;3458;277985
0.517900;3467;278887
0.518000;3478;279879
0.518100;3487;280714
0.518200;3494;281371
0.518300;3522;289276
0.518400;3534;290338
0.518500;3543;291162
0.518600;3550;291760
0.518700;3559;292626
0.518800;3565;293062
0.518900;3657;297041
0.519000;3671;298226
0.519100;3679;299071
0.519200;3690;299994
0.519300;3703;301052
0.519400;3707;301314
0.519500;3718;302214
0.519600;3726;303145
0.519700;3735;304074
0.519800;3748;305440
0.519900;3705;300408
0.520000;3716;301465
0.520100;3728;302561
0.520200;3738;303569
0.520300;3745;304263
0.520400;3812;312760
0.520500;3824;313863
0.520600;3833;314726
0.520700;3842;315579
0.520800;3851;316526
0.520900;3864;317655
0.521000;3809;312882
0.521100;3818;313786
0.521200;3832;314980
0.521300;3837;315516
0.521400;3847;316537
0.521500;3936;323066
0.521600;3947;324208
0.521700;3958;325215
0.521800;3965;325961
0.521900;3975;326946
0.522000;3897;322098
0.522100;3908;323128
0.522200;3914;323658
0.522300;3924;324632
0.522400;3937;325820
0.522500;4000;331552
0.522600;4007;332239
0.522700;4016;333095
0.522800;4023;333919
0.522900;4030;334736
0.523000;4038;335546
0.523100;4058;336034
0.523200;4067;336876
0.523300;4073;337509
0.523400;4079;338177
0.523500;4090;339218
0.523600;4161;345615
0.523700;4170;346500
0.523800;4182;347645
0.523900;4188;348489
0.524000;4198;349332
0.524100;4198;349084
0.524200;4209;350325
0.524300;4221;351410
0.524400;4235;352752
0.524500;4243;353639
0.524600;4113;342818
0.524700;4127;344077
0.524800;4139;345114
0.524900;4149;346026
0.525000;4161;347168
0.525100;4173;348199
0.525200;4268;355180
0.525300;4275;355884
0.525400;4284;356798
0.525500;4295;358114
0.525600;4299;358677
0.525700;4182;351903
0.525800;4200;353595
0.525900;4215;354853
0.526000;4224;355722
0.526100;4234;356689
0.526200;4317;362428
0.526300;4325;363387
0.526400;4341;364888
0.526500;4350;365709
0.526600;4361;366934
0.526700;4349;365280
0.526800;4363;366593
0.526900;4374;367645
0.527000;4384;368609
0.527100;4393;369603
0.527200;4399;370278
0.527300;4443;375472
0.527400;4451;376412
0.527500;4464;377735
0.527600;4472;378662
0.527700;4478;379340
0.527800;4585;388054
0.527900;4601;389479
0.528000;4612;390615
0.528100;4620;391333
0.528200;4639;393158
0.528300;4585;386547
0.528400;4596;387560
0.528500;4604;388404
0.528600;4610;389023
0.528700;4618;389720
0.528800;4616;392659
0.528900;4634;394293
0.529000;4644;395377
0.529100;4655;396549
0.529200;4663;397479
0.529300;4672;398410
0.529400;4652;398311
0.529500;4663;399354
0.529600;4669;400043
0.529700;4682;401271
0.529800;4697;402589
0.529900;4709;401753
0.530000;4721;403033
0.530100;4734;404367
0.530200;4742;405289
0.530300;4754;406331
0.530400;4760;406995
0.530500;4816;412347
0.530600;4822;413063
0.530700;4831;413957
0.530800;4840;414876
0.530900;4852;415957
0.531000;4806;412997
0.531100;4816;413989
0.531200;4824;414889
0.531300;4835;416078
0.531400;4851;417515
0.531500;4917;421612
0.531600;4922;422266
0.531700;4934;423556
0.531800;4949;424934
0.531900;4962;426114
0.532000;4904;424236
0.532100;4912;425234
0.532200;4925;426560
0.532300;4934;427352
0.532400;4945;428356
0.532500;4955;429361
0.532600;5040;435413
0.532700;5055;436954
0.532800;5067;438154
0.532900;5084;439824
0.533000;5101;441443
0.533100;5043;435454
0.533200;5048;436133
0.533300;5056;437026
0.533400;5068;438140
0.533500;5079;439271
0.533600;5197;450011
0.533700;5203;450783
0.533800;5213;451889
0.533900;5222;452898
0.534000;5229;453677
0.534100;5124;441208
0.534200;5133;442085
0.534300;5143;443178
0.534400;5149;443864
0.534500;5159;444976
0.534600;5168;445942
0.534700;5341;466369
0.534800;5350;467444
0.534900;5360;468556
0.535000;5376;469994
0.535100;5390;471435
0.535200;5308;466626
0.535300;5316;467483
0.535400;5327;468636
0.535500;5341;470101
0.535600;5353;471515
0.535700;5336;467126
0.535800;5345;468347
0.535900;5358;469660
0.536000;5369;470820
0.536100;5379;471855
0.536200;5449;479487
0.536300;5458;480599
0.536400;5469;481746
0.536500;5485;483544
0.536600;5505;485620
0.536700;5513;486527
0.536800;5518;483588
0.536900;5529;484737
0.537000;5539;485653
0.537100;5550;486826
0.537200;5562;488144
0.537300;5569;489396
0.537400;5577;490308
0.537500;5585;491292
0.537600;5593;492250
0.537700;5608;493808
0.537800;5488;483489
0.537900;5498;484630
0.538000;5517;486455
0.538100;5527;487402
0.538200;5541;488806
0.538300;5552;489941
0.538400;5650;501743
0.538500;5663;502990
0.538600;5671;504099
0.538700;5688;505695
0.538800;5695;506441
0.538900;5781;513698
0.539000;5792;514746
0.539100;5800;515655
0.539200;5809;516618
0.539300;5825;518317
0.539400;5805;519222
0.539500;5815;520361
0.539600;5831;522078
0.539700;5845;523469
0.539800;5858;524903
0.539900;5814;518211
0.540000;5824;519405
0.540100;5841;521159
0.540200;5855;522881
0.540300;5866;523953
0.540400;5877;525294
0.540500;5874;525139
0.540600;5883;526264
0.540700;5902;527994
0.540800;5916;529295
0.540900;5927;530428
0.541000;6086;546806
0.541100;6100;548450
0.541200;6109;549549
0.541300;6123;550991
0.541400;6130;551877
0.541500;6128;547136
0.541600;6138;548196
0.541700;6149;549301
0.541800;6165;550777
0.541900;6175;551737
0.542000;6128;549925
0.542100;6139;551139
0.542200;6149;552171
0.542300;6164;553660
0.542400;6176;554915
0.542500;6232;563261
0.542600;6247;564975
0.542700;6265;566994
0.542800;6283;568736
0.542900;6299;570690
0.543000;6313;572127
0.543100;6169;558195
0.543200;6182;559624
0.543300;6196;561237
0.543400;6201;561977
0.543500;6215;563346
0.543600;6347;575094
0.543700;6362;576596
0.543800;6374;577880
0.543900;6393;579700
0.544000;6410;581383
0.544100;6427;583673
0.544200;6438;584972
0.544300;6445;585857
0.544400;6458;587421
0.544500;6473;589113
0.544600;6485;590443
0.544700;6573;595003
0.544800;6585;596441
0.544900;6598;597980
0.545000;6616;599995
0.545100;6625;601027
0.545200;6435;588439
0.545300;6445;589574
0.545400;6455;590622
0.545500;6465;591776
0.545600;6478;593152
0.545700;6729;610860
0.545800;6743;612191
0.545900;6750;613231
0.546000;6759;614351
0.546100;6771;615820
0.546200;6632;607242
0.546300;6645;608927
0.546400;6659;610393
0.546500;6671;611684
0.546600;6686;613327
0.546700;6706;615263
0.546800;6873;631201
0.546900;6893;633558
0.547000;6907;635127
0.547100;6925;636765
0.547200;6938;638009
0.547300;6839;628735
0.547400;6856;630401
0.547500;6873;632145
0.547600;6885;633656
0.547700;6897;634945
0.547800;6736;619135
0.547900;6752;620847
0.548000;6768;622629
0.548100;6784;624345
0.548200;6803;626332
0.548300;6971;647156
0.548400;6981;648411
0.548500;7003;650759
0.548600;7014;652187
0.548700;7031;654118
0.548800;7043;655420
0.548900;6959;643158
0.549000;6975;644914
0.549100;6986;646207
0.549200;7000;647781
0.549300;7008;648944
0.549400;7206;665784
0.549500;7222;667609
0.549600;7242;669842
0.549700;7259;671615
0.549800;7277;673396
0.549900;7189;666558
0.550000;7205;668313
0.550100;7216;669830
0.550200;7230;671206
0.550300;7245;672812
0.550400;7266;674811
0.550500;7268;675891
0.550600;7281;677461
0.550700;7297;679353
0.550800;7309;680687
0.550900;7326;682439
0.551000;7353;689356
0.551100;7363;690448
0.551200;7376;691972
0.551300;7392;693724
0.551400;7409;695625
0.551500;7536;704809
0.551600;7552;706557
0.551700;7564;707897
0.551800;7575;709015
0.551900;7590;710748
0.552000;7461;697448
0.552100;7466;698324
0.552200;7479;699978
0.552300;7490;701272
0.552400;7503;702930
0.552500;7399;696485
0.552600;7410;697841
0.552700;7420;699051
0.552800;7435;700419
0.552900;7443;701541
0.553000;7452;702639
0.553100;7689;727440
0.553200;7700;728725
0.553300;7718;730538
0.553400;7728;731719
0.553500;7740;733028
0.553600;7773;734955
0.553700;7783;736315
0.553800;7802;738180
0.553900;7824;740532
0.554000;7842;742560
0.554100;7781;735214
0.554200;7796;736847
0.554300;7805;738029
0.554400;7828;740423
0.554500;7844;742032
0.554600;7855;743560
0.554700;7900;749215
0.554800;7919;751314
0.554900;7928;752725
0.555000;7942;754431
0.555100;7962;756565
0.555200;7855;744116
0.555300;7871;746244
0.555400;7883;747680
0.555500;7908;750537
0.555600;7921;752095
0.555700;8132;777061
0.555800;8144;778610
0.555900;8156;780155
0.556000;8174;782213
0.556100;8189;783983
0.556200;8129;778740
0.556300;8147;780408
0.556400;8167;782938
0.556500;8181;784602
0.556600;8196;786513
0.556700;8207;787848
0.556800;8093;774488
0.556900;8112;776750
0.557000;8132;778506
0.557100;8148;780340
0.557200;8162;782076
0.557300;8212;783439
0.557400;8229;785608
0.557500;8244;787307
0.557600;8257;788780
0.557700;8268;790193
0.557800;8292;797090
0.557900;8304;798678
0.558000;8320;800519
0.558100;8334;802195
0.558200;8351;804021
0.558300;8362;805600
0.558400;8300;797097
0.558500;8320;799342
0.558600;8338;801661
0.558700;8352;803381
0.558800;8376;805987
0.558900;8500;818234
0.559000;8514;819975
0.559100;8525;821488
0.559200;8536;823056
0.559300;8553;824996
0.559400;8450;811698
0.559500;8456;812456
0.559600;8466;814165
0.559700;8483;815986
0.559800;8500;817943
0.559900;8618;836515
0.560000;8639;839112
0.560100;8648;840366
0.560200;8655;841545
0.560300;8669;843320
0.560400;8687;845437
0.560500;8809;857023
0.560600;8819;858276
0.560700;8834;859939
0.560800;8838;860792
0.560900;8856;862833
0.561000;8754;853458
0.561100;8772;855467
0.561200;8787;857538
0.561300;8799;859235
0.561400;8815;861410
0.561500;8882;865717
0.561600;8896;867334
0.561700;8910;869047
0.561800;8924;870920
0.561900;8939;872746
0.562000;8974;879357
0.562100;8987;881081
0.562200;9010;883471
0.562300;9028;885573
0.562400;9046;887703
0.562500;9063;889816
0.562600;8979;883027
0.562700;9001;885458
0.562800;9015;887404
0.562900;9030;889372
0.563000;9050;891674
0.563100;9280;912210
0.563200;9300;914349
0.563300;9309;915676
0.563400;9323;917636
0.563500;9339;919748
0.563600;9247;910391
0.563700;9261;912078
0.563800;9276;913972
0.563900;9291;915930
0.564000;9313;918377
0.564100;9300;918104
0.564200;9312;919550
0.564300;9334;921928
0.564400;9350;924099
0.564500;9359;925310
0.564600;9369;926684
0.564700;9227;912848
0.564800;9240;914348
0.564900;9256;916379
0.565000;9269;918210
0.565100;9281;919884
0.565200;9476;939899
0.565300;9489;942081
0.565400;9508;944638
0.565500;9528;947003
0.565600;9540;948722
0.565700;9583;951386
0.565800;9603;953491
0.565900;9632;956692
0.566000;9649;958979
0.566100;9666;960781
0.566200;9574;949865
0.566300;9591;951938
0.566400;9609;954250
0.566500;9623;956075
0.566600;9635;957416
0.566700;9573;952131
0.566800;9586;954038
0.566900;9604;956284
0.567000;9623;958769
0.567100;9637;960518
0.567200;9754;978012
0.567300;9768;979855
0.567400;9781;981674
0.567500;9791;983195
0.567600;9808;985164
0.567700;9821;987070
0.567800;9825;987291
0.567900;9845;989539
0.568000;9866;991878
0.568100;9883;994132
0.568200;9895;995603
0.568300;9855;991912
0.568400;9874;994093
0.568500;9900;997190
0.568600;9912;998920
0.568700;9929;1001039
0.568800;10034;1011686
0.568900;10054;1013993
0.569000;10070;1016208
0.569100;10083;1017981
0.569200;10103;1020513
0.569300;9979;1011312
0.569400;9994;1013281
0.569500;10012;1015679
0.569600;10026;1017699
0.569700;10042;1019891
0.569800;10058;1021902
0.569900;10345;1047971
0.570000;10355;1049306
0.570100;10369;1051068
0.570200;10386;1053388
0.570300;10405;1055944
0.570400;10435;1054230
0.570500;10449;1056054
0.570600;10461;1057603
0.570700;10481;1060274
0.570800;10495;1062339
0.570900;10345;1051015
0.571000;10360;1053068
0.571100;10380;1055685
0.571200;10394;1057607
0.571300;10407;1059378
0.571400;10359;1053060
0.571500;10382;1055818
0.571600;10398;1058125
0.571700;10409;1059969
0.571800;10423;1061726
0.571900;10445;1064384
0.572000;10527;1076734
0.572100;10547;1079195
0.572200;10572;1082164
0.572300;10586;1084155
0.572400;10593;1085334
0.572500;10714;1097328
0.572600;10737;1100279
0.572700;10753;1102329
0.572800;10772;1104740
0.572900;10789;1106932
0.573000;10686;1097139
0.573100;10704;1099417
0.573200;10717;1101367
0.573300;10735;1103613
0.573400;10746;1105283
0.573500;10662;1096729
0.573600;10680;1099162
0.573700;10694;1101243
0.573800;10712;1103565
0.573900;10739;1106836
0.574000;10991;1133537
0.574100;11002;1135238
0.574200;11014;1137131
0.574300;11026;1139241
0.574400;11045;1141915
0.574500;10980;1133465
0.574600;10994;1135479
0.574700;11013;1137824
0.574800;11026;1139840
0.574900;11044;1142295
0.575000;11057;1144258
0.575100;10885;1126068
0.575200;10898;1127786
0.575300;10909;1129347
0.575400;10928;1131992
0.575500;10942;1133988
0.575600;11017;1144714
0.575700;11029;1146381
0.575800;11052;1149168
0.575900;11068;1151549
0.576000;11080;1153319
0.576100;11194;1168482
0.576200;11206;1170253
0.576300;11222;1172324
0.576400;11248;1175649
0.576500;11265;1178006
0.576600;11237;1170460
0.576700;11256;1172930
0.576800;11272;1175157
0.576900;11284;1177081
0.577000;11294;1178723
0.577100;11314;1181350
0.577200;11326;1183675
0.577300;11344;1185860
0.577400;11366;1188985
0.577500;11382;1191126
0.577600;11406;1194338
0.577700;11485;1204288
0.577800;11496;1205939
0.577900;11512;1208169
0.578000;11539;1211311
0.578100;11552;1213213
0.578200;11599;1213481
0.578300;11625;1216544
0.578400;11638;1218355
0.578500;11655;1220812
0.578600;11668;1222878
0.578700;11538;1211630
0.578800;11547;1213193
0.578900;11566;1215599
0.579000;11584;1218251
0.579100;11595;1220109
0.579200;11586;1221782
0.579300;11607;1224364
0.579400;11625;1226619
0.579500;11638;1228515
0.579600;11648;1229927
0.579700;11904;1259365
0.579800;11923;1261970
0.579900;11939;1264329
0.580000;11959;1266880
0.580100;11977;1269245
0.580200;11990;1271237
0.580300;11832;1251644
0.580400;11852;1254341
0.580500;11870;1256817
0.580600;11888;1259413
0.580700;11899;1261233
0.580800;11981;1271258
0.580900;12001;1274220
0.581000;12021;1276684
0.581100;12035;1278676
0.581200;12050;1280787
0.581300;12075;1284070
0.581400;12098;1287103
0.581500;12113;1289449
0.581600;12135;1292300
0.581700;12150;1294488
0.581800;12136;1288540
0.581900;12147;1290519
0.582000;12166;1293148
0.582100;12180;1295039
0.582200;12202;1297625
0.582300;12219;1299980
0.582400;12295;1313607
0.582500;12316;1316609
0.582600;12332;1318843
0.582700;12347;1320992
0.582800;12358;1322825
0.582900;12387;1330530
0.583000;12402;1332939
0.583100;12425;1335884
0.583200;12446;1338633
0.583300;12460;1340773
0.583400;12252;1309596
0.583500;12270;1311830
0.583600;12284;1313823
0.583700;12302;1315997
0.583800;12316;1318113
0.583900;12486;1343459
0.584000;12507;1346176
0.584100;12530;1349462
0.584200;12544;1351448
0.584300;12571;1355012
0.584400;12581;1356751
0.584500;12644;1365647
0.584600;12660;1367977
0.584700;12673;1369797
0.584800;12684;1371487
0.584900;12705;1374123
0.585000;12704;1368422
0.585100;12715;1370358
0.585200;12736;1373520
0.585300;12756;1376390
0.585400;12771;1378654
0.585500;12644;1371569
0.585600;12664;1374186
0.585700;12681;1376725
0.585800;12696;1379166
0.585900;12714;1381698
0.586000;12827;1395094
0.586100;12838;1396875
0.586200;12854;1399170
0.586300;12866;1401167
0.586400;12878;1403057
0.586500;12987;1412481
0.586600;13002;1414653
0.586700;13022;1417291
0.586800;13040;1419794
0.586900;13061;1422567
0.587000;13083;1425907
0.587100;13115;1426426
0.587200;13133;1428967
0.587300;13148;1431286
0.587400;13170;1434057
0.587500;13184;1436085
0.587600;13087;1432042
0.587700;13112;1435307
0.587800;13124;1436951
0.587900;13136;1439054
0.588000;13158;1442165
0.588100;13204;1447255
0.588200;13226;1450268
0.588300;13253;1453606
0.588400;13265;1455657
0.588500;13281;1458512
0.588600;13172;1442965
0.588700;13199;1446276
0.588800;13220;1449012
0.588900;13237;1451613
0.589000;13259;1454373
0.589100;13232;1458877
0.589200;13246;1461138
0.589300;13266;1464167
0.589400;13281;1466724
0.589500;13291;1468615
0.589600;13312;1471527
0.589700;13401;1481876
0.589800;13418;1484287
0.589900;13430;1486322
0.590000;13443;1488473
0.590100;13462;1491539
0.590200;13560;1495748
0.590300;13580;1498487
0.590400;13592;1500473
0.590500;13608;1502797
0.590600;13623;1505299
0.590700;13711;1515325
0.590800;13734;1518388
0.590900;13759;1521672
0.591000;13776;1524281
0.591100;13802;1527681
0.591200;13792;1533208
0.591300;13813;1536266
0.591400;13831;1538825
0.591500;13843;1540947
0.591600;13860;1543546
0.591700;13730;1526534
0.591800;13749;1529406
0.591900;13761;1531464
0.592000;13780;1534508
0.592100;13796;1537275
0.592200;13814;1539831
0.592300;13831;1545393
0.592400;13849;1548180
0.592500;13867;1550973
0.592600;13884;1553381
0.592700;13898;1555764
0.592800;14035;1569607
0.592900;14051;1571939
0.593000;14070;1574723
0.593100;14088;1577509
0.593200;14102;1579914
0.593300;13961;1565880
0.593400;13975;1568045
0.593500;13990;1570407
0.593600;14010;1572990
0.593700;14029;1575847
0.593800;14280;1605335
0.593900;14299;1608174
0.594000;14321;1611435
0.594100;14335;1613743
0.594200;14351;1616563
0.594300;14246;1603594
0.594400;14260;1605806
0.594500;14274;1608140
0.594600;14287;1610382
0.594700;14308;1613519
0.594800;14326;1615968
0.594900;14488;1628767
0.595000;14504;1631345
0.595100;14523;1634036
0.595200;14537;1636475
0.595300;14551;1638695
0.595400;14522;1638827
0.595500;14542;1641389
0.595600;14554;1643320
0.595700;14583;1647395
0.595800;14600;1650051
0.595900;14553;1647230
0.596000;14574;1650295
0.596100;14584;1652151
0.596200;14596;1654351
0.596300;14613;1657139
0.596400;14605;1657771
0.596500;14620;1660051
0.596600;14632;1662148
0.596700;14650;1664636
0.596800;14663;1666890
0.596900;14625;1665901
0.597000;14650;1669193
0.597100;14668;1671874
0.597200;14687;1674471
0.597300;14702;1676958
0.597400;14724;1680205
0.597500;14865;1695157
0.597600;14874;1696959
0.597700;14896;1700075
0.597800;14921;1703410
0.597900;14936;1706001
0.598000;14956;1706407
0.598100;14972;1709094
0.598200;14978;1710625
0.598300;14999;1713526
0.598400;15022;1716987
0.598500;14888;1706415
0.598600;14910;1709645
0.598700;14929;1712449
0.598800;14942;1714773
0.598900;14959;1717529
0.599000;15123;1736572
0.599100;15140;1738826
0.599200;15162;1742232
0.599300;15188;1745464
0.599400;15204;1748093
0.599500;15221;1750691
0.599600;15151;1741147
0.599700;15165;1743495
0.599800;15186;1746827
0.599900;15197;1749152
0.600000;15218;1752530
0.600100;15264;1758400
0.600200;15283;1761528
0.600300;15306;1764996
0.600400;15317;1767480
0.600500;15327;1769580
0.600600;15282;1760546
0.600700;15308;1764199
0.600800;15326;1767196
0.600900;15345;1770172
0.601000;15368;1773128
0.601100;15429;1784102
0.601200;15450;1786901
0.601300;15473;1790337
0.601400;15493;1793369
0.601500;15505;1795648
0.601600;15524;1798345
0.601700;15558;1805869
0.601800;15585;1809679
0.601900;15599;1812174
0.602000;15611;1814191
0.602100;15632;1817055
0.602200;15647;1818457
0.602300;15666;1821453
0.602400;15680;1823976
0.602500;15691;1826110
0.602600;15710;1829063
0.602700;15700;1829972
0.602800;15720;1833075
0.602900;15737;1835889
0.603000;15758;1838948
0.603100;15777;1841665
0.603200;15803;1840394
0.603300;15819;1842899
0.603400;15839;1846067
0.603500;15849;1848090
0.603600;15869;1850868
0.603700;15910;1864750
0.603800;15922;1867037
0.603900;15935;1869438
0.604000;15952;1872062
0.604100;15968;1874794
0.604200;15982;1877306
0.604300;16045;1886194
0.604400;16059;1888750
0.604500;16072;1890932
0.604600;16089;1893966
0.604700;16103;1896175
0.604800;16116;1897016
0.604900;16133;1900064
0.605000;16151;1903186
0.605100;16171;1906351
0.605200;16183;1908852
0.605300;16064;1888110
0.605400;16083;1891612
0.605500;16099;1894359
0.605600;16124;1897748
0.605700;16140;1900528
0.605800;16267;1913541
0.605900;16287;1916645
0.606000;16309;1919995
0.606100;16324;1922858
0.606200;16335;1924905
0.606300;16222;1912206
0.606400;16233;1914213
0.606500;16249;1916880
0.606600;16267;1919364
0.606700;16282;1922018
0.606800;16300;1925107
0.606900;16423;1940984
0.607000;16433;1942850
0.607100;16445;1945061
0.607200;16464;1948095
0.607300;16483;1951001
0.607400;16443;1954485
0.607500;16462;1957306
0.607600;16479;1960209
0.607700;16496;1963105
0.607800;16519;1966503
0.607900;16644;1980251
0.608000;16659;1982979
0.608100;16677;1986015
0.608200;16694;1988894
0.608300;16712;1991826
0.608400;16735;1995203
0.608500;16706;1990524
0.608600;16728;1994572
0.608700;16743;1997081
0.608800;16764;2000294
0.608900;16780;2002988
0.609000;16738;2001813
0.609100;16757;2004943
0.609200;16770;2007324
0.609300;16783;2009838
0.609400;16800;2012634
0.609500;16877;2014511
0.609600;16899;2017896
0.609700;16914;2020372
0.609800;16927;2022692
0.609900;16948;2026439
0.610000;17041;2057180
0.610100;17060;2059996
0.610200;17076;2062610
0.610300;17089;2065038
0.610400;17097;2067148
0.610500;16899;2038524
0.610600;16912;2040797
0.610700;16930;2043699
0.610800;16944;2046481
0.610900;16963;2049880
0.611000;17093;2067838
0.611100;17102;2069751
0.611200;17120;2072781
0.611300;17134;2075491
0.611400;17148;2077830
0.611500;17163;2080355
0.611600;17093;2066739
0.611700;17113;2069781
0.611800;17126;2072525
0.611900;17139;2074705
0.612000;17154;2077509
0.612100;17364;2098262
0.612200;17387;2101815
0.612300;17403;2104932
0.612400;17420;2107814
0.612500;17434;2110304
0.612600;17373;2107828
0.612700;17388;2110433
0.612800;17401;2112809
0.612900;17417;2115950
0.613000;17427;2118386
0.613100;17447;2121154
0.613200;17464;2124264
0.613300;17474;2126323
0.613400;17488;2128812
0.613500;17507;2131944
0.613600;17478;2127828
0.613700;17489;2130102
0.613800;17510;2133499
0.613900;17522;2135644
0.614000;17536;2138414
0.614100;17552;2141281
0.614200;17758;2169853
0.614300;17778;2172902
0.614400;17796;2176143
0.614500;17814;2179238
0.614600;17829;2182219
0.614700;17747;2172456
0.614800;17763;2175285
0.614900;17777;2177693
0.615000;17796;2180679
0.615100;17811;2183401
0.615200;17732;2172086
0.615300;17745;2174503
0.615400;17764;2177669
0.615500;17777;2180452
0.615600;17794;2183273
0.615700;17820;2194598
0.615800;17836;2197373
0.615900;17856;2200662
0.616000;17872;2203816
0.616100;17892;2206935
0.616200;17928;2210784
0.616300;17951;2214277
0.616400;17961;2216347
0.616500;17976;2218991
0.616600;17985;2221264
0.616700;18001;2224121
0.616800;17962;2214786
0.616900;17980;2217532
0.617000;17991;2219817
0.617100;18011;2223045
0.617200;18033;2226565
0.617300;18047;2232374
0.617400;18063;2235413
0.617500;18080;2238396
0.617600;18100;2241877
0.617700;18108;2244019
0.617800;18088;2238896
0.617900;18103;2241865
0.618000;18120;2244649
0.618100;18137;2247512
0.618200;18152;2249921
0.618300;18275;2276466
0.618400;18293;2279620
0.618500;18311;2282839
0.618600;18324;2285656
0.618700;18344;2289123
0.618800;18280;2270901
0.618900;18296;2273898
0.619000;18314;2277431
0.619100;18330;2280338
0.619200;18344;2282849
0.619300;18375;2295081
0.619400;18387;2297563
0.619500;18404;2300464
0.619600;18425;2303933
0.619700;18442;2307404
0.619800;18678;2330576
0.619900;18701;2334495
0.620000;18721;2337994
0.620100;18737;2341234
0.620200;18751;2343903
0.620300;18766;2346994
0.620400;18557;2334566
0.620500;18571;2337507
0.620600;18581;2339363
0.620700;18594;2341829
0.620800;18611;2344652
0.620900;18520;2331413
0.621000;18537;2334695
0.621100;18548;2337291
0.621200;18556;2339464
0.621300;18570;2341945
0.621400;18771;2359539
0.621500;18781;2361726
0.621600;18798;2364934
0.621700;18811;2367758
0.621800;18819;2369939
0.621900;18835;2373021
0.622000;18805;2367002
0.622100;18821;2369924
0.622200;18835;2372616
0.622300;18855;2375840
0.622400;18875;2379267
0.622500;18871;2392230
0.622600;18878;2394117
0.622700;18894;2397084
0.622800;18907;2399559
0.622900;18922;2402353
0.623000;18903;2393395
0.623100;18924;2397124
0.623200;18942;2400642
0.623300;18957;2403557
0.623400;18975;2406605
0.623500;19097;2425782
0.623600;19104;2427563
0.623700;19120;2430147
0.623800;19134;2433120
0.623900;19144;2435450
0.624000;19136;2437352
0.624100;19150;2440160
0.624200;19163;2442581
0.624300;19183;2446274
0.624400;19202;2449649
0.624500;19211;2451970
0.624600;19190;2437622
0.624700;19209;2440653
0.624800;19225;2443914
0.624900;19244;2447655
0.625000;19263;2450810
0.625100;19224;2453608
0.625200;19237;2456269
0.625300;19249;2458642
0.625400;19262;2461524
0.625500;19273;2463913
0.625600;19323;2472173
0.625700;19336;2474777
0.625800;19350;2477372
0.625900;19364;2480181
0.626000;19377;2483156
0.626100;19483;2496845
0.626200;19493;2499643
0.626300;19503;2501974
0.626400;19521;2505036
0.626500;19545;2508888
0.626600;19565;2512370
0.626700;19360;2487222
0.626800;19375;2490347
0.626900;19387;2492674
0.627000;19409;2496390
0.627100;19425;2499440
0.627200;19518;2513488
0.627300;19535;2516803
0.627400;19555;2520484
0.627500;19567;2522891
0.627600;19579;2525596
0.627700;19574;2528823
0.627800;19585;2531050
0.627900;19602;2534549
0.628000;19614;2537356
0.628100;19624;2539611
0.628200;19718;2551693
0.628300;19733;2554961
0.628400;19750;2558235
0.628500;19758;2560276
0.628600;19780;2564195
0.628700;19793;2566832
0.628800;19663;2549775
0.628900;19678;2552226
0.629000;19690;2554617
0.629100;19704;2557408
0.629200;19713;2559740
0.629300;19965;2590037
0.629400;19978;2593040
0.629500;19996;2596456
0.629600;20014;2599722
0.629700;20025;2602093
0.629800;20066;2611003
0.629900;20078;2613369
0.630000;20085;2615264
0.630100;20098;2618106
0.630200;20117;2621181
0.630300;20046;2613813
0.630400;20058;2616268
0.630500;20073;2619263
0.630600;20086;2622290
0.630700;20098;2624713
0.630800;20090;2624765
0.630900;20109;2628064
0.631000;20121;2630463
0.631100;20137;2633740
0.631200;20151;2636539
0.631300;20171;2640139
0.631400;20254;2657063
0.631500;20269;2660114
0.631600;20280;2663005
0.631700;20299;2666474
0.631800;20318;2669939
0.631900;20284;2666098
0.632000;20292;2668207
0.632100;20307;2671402
0.632200;20322;2674359
0.632300;20334;2677106
0.632400;20272;2666080
0.632500;20285;2668713
0.632600;20302;2672137
0.632700;20318;2675341
0.632800;20334;2678515
0.632900;20372;2689061
0.633000;20380;2691135
0.633100;20394;2694159
0.633200;20405;2696848
0.633300;20417;2699738
0.633400;20582;2712849
0.633500;20597;2715769
0.633600;20615;2719046
0.633700;20638;2722949
0.633800;20648;2725500
0.633900;20664;2729106
0.634000;20520;2715851
0.634100;20531;2718303
0.634200;20543;2720974
0.634300;20556;2724217
0.634400;20570;2727215
0.634500;20520;2717203
0.634600;20536;2719929
0.634700;20550;2722919
0.634800;20564;2725668
0.634900;20578;2728580
0.635000;20760;2758483
0.635100;20778;2761882
0.635200;20789;2764826
0.635300;20804;2767616
0.635400;20819;2770897
0.635500;20676;2750871
0.635600;20695;2754759
0.635700;20706;2757901
0.635800;20716;2760591
0.635900;20730;2763593
0.636000;20737;2765814
0.636100;20844;2782989
0.636200;20858;2785909
0.636300;20872;2789126
0.636400;20885;2791869
0.636500;20895;2794606
0.636600;20925;2805544
0.636700;20937;2808162
0.636800;20953;2811283
0.636900;20959;2813410
0.637000;20973;2816027
0.637100;20972;2818094
0.637200;20988;2821236
0.637300;21000;2824050
0.637400;21010;2826582
0.637500;21032;2829749
0.637600;21161;2838995
0.637700;21176;2842173
0.637800;21190;2845095
0.637900;21206;2847859
0.638000;21219;2850472
0.638100;21043;2822677
0.638200;21056;2825501
0.638300;21068;2828373
0.638400;21083;2831219
0.638500;21093;2833470
0.638600;21104;2835694
0.638700;21147;2853719
0.638800;21164;2857452
0.638900;21173;2859616
0.639000;21185;2862510
0.639100;21200;2865485
0.639200;21202;2861490
0.639300;21214;2863864
0.639400;21223;2866344
0.639500;21235;2869073
0.639600;21244;2871634
0.639700;21271;2875489
0.639800;21284;2878120
0.639900;21294;2880482
0.640000;21307;2883210
0.640100;21318;2885472
0.640200;21326;2887610
0.640300;21337;2893863
0.640400;21344;2895938
0.640500;21358;2898783
0.640600;21369;2901449
0.640700;21385;2904701
0.640800;21518;2924751
0.640900;21536;2928359
0.641000;21551;2931300
0.641100;21568;2934760
0.641200;21581;2937853
0.641300;21492;2925278
0.641400;21506;2928357
0.641500;21525;2932295
0.641600;21534;2934432
0.641700;21546;2937006
0.641800;21547;2942847
0.641900;21556;2944906
0.642000;21570;2947688
0.642100;21582;2950233
0.642200;21593;2952969
0.642300;21614;2961846
0.642400;21622;2963992
0.642500;21641;2968022
0.642600;21660;2971590
0.642700;21673;2974476
0.642800;21685;2977476
0.642900;21741;2976102
0.643000;21750;2978353
0.643100;21763;2981633
0.643200;21771;2984096
0.643300;21775;2985989
0.643400;21714;2982231
0.643500;21721;2984618
0.643600;21733;2987377
0.643700;21744;2990111
0.643800;21753;2992798
0.643900;21801;3002059
0.644000;21816;3005143
0.644100;21833;3008621
0.644200;21842;3011289
0.644300;21857;3014583
0.644400;21960;3032610
0.644500;21969;3034958
0.644600;21977;3037393
0.644700;21991;3040253
0.644800;22003;3042970
0.644900;22018;3046179
0.645000;21919;3028638
0.645100;21931;3031696
0.645200;21938;3033690
0.645300;21953;3037089
0.645400;21963;3039620
0.645500;21945;3042803
0.645600;21952;3044920
0.645700;21965;3047918
0.645800;21975;3050402
0.645900;21989;3053365
0.646000;22201;3077622
0.646100;22212;3080189
0.646200;22225;3083323
0.646300;22238;3086090
0.646400;22246;3088513
0.646500;22115;3071748
0.646600;22124;3074359
0.646700;22138;3077460
0.646800;22149;3080726
0.646900;22162;3083394
0.647000;22176;3086405
0.647100;22236;3100017
0.647200;22251;3102934
0.647300;22258;3105017
0.647400;22267;3107570
0.647500;22276;3110010
0.647600;22210;3092745
0.647700;22218;3095348
0.647800;22233;3098445
0.647900;22246;3101291
0.648000;22267;3105407
0.648100;22429;3136756
0.648200;22443;3139816
0.648300;22459;3143051
0.648400;22475;3146298
0.648500;22486;3148727
0.648600;22306;3123865
0.648700;22325;3127917
0.648800;22335;3130541
0.648900;22350;3133818
0.649000;22361;3136589
0.649100;22360;3135480
0.649200;22375;3138562
0.649300;22384;3140628
0.649400;22395;3143630
0.649500;22407;3146750
0.649600;22500;3163276
0.649700;22512;3166132
0.649800;22523;3168631
0.649900;22534;3171526
0.650000;22538;3173047
0.650100;22553;3176010
0.650200;22541;3174113
0.650300;22548;3176333
0.650400;22558;3179203
0.650500;22564;3181243
0.650600;22572;3183419
0.650700;22611;3198231
0.650800;22621;3200689
0.650900;22627;3202849
0.651000;22639;3205854
0.651100;22646;3208128
0.651200;22708;3202161
0.651300;22718;3204553
0.651400;22727;3207115
0.651500;22738;3209734
0.651600;22752;3212984
0.651700;22744;3222044
0.651800;22756;3224593
0.651900;22774;3228159
0.652000;22785;3230629
0.652100;22797;3233345
0.652200;22805;3235564
0.652300;22682;3219178
0.652400;22693;3222081
0.652500;22704;3224868
0.652600;22713;3227822
0.652700;22724;3230825
0.652800;22824;3242644
0.652900;22833;3245392
0.653000;22837;3247029
0.653100;22847;3249739
0.653200;22861;3253114
0.653300;22845;3255130
0.653400;22856;3257880
0.653500;22865;3260264
0.653600;22874;3262538
0.653700;22883;3264988
0.653800;22827;3257216
0.653900;22851;3261797
0.654000;22868;3265095
0.654100;22874;3267330
0.654200;22883;3269981
0.654300;22964;3280844
0.654400;22975;3283530
0.654500;22982;3285792
0.654600;22993;3288750
0.654700;23002;3290930
0.654800;23007;3293060
0.654900;23037;3297256
0.655000;23047;3300268
0.655100;23057;3302727
0.655200;23072;3306364
0.655300;23084;3309874
0.655400;23109;3318487
0.655500;23117;3320940
0.655600;23126;3323094
0.655700;23134;3325524
0.655800;23143;3327783
0.655900;23155;3331217
0.656000;23169;3334090
0.656100;23179;3336824
0.656200;23191;3339632
0.656300;23198;3341814
0.656400;23167;3335682
0.656500;23172;3337667
0.656600;23179;3339879
0.656700;23190;3342621
0.656800;23197;3344858
0.656900;23206;3347225
0.657000;23268;3365782
0.657100;23276;3367975
0.657200;23287;3370714
0.657300;23301;3373573
0.657400;23311;3375860
0.657500;23288;3369814
0.657600;23296;3372020
0.657700;23304;3374611
0.657800;23312;3377070
0.657900;23326;3380260
0.658000;23319;3383605
0.658100;23324;3385865
0.658200;23336;3388966
0.658300;23351;3392258
0.658400;23358;3394598
0.658500;23321;3383946
0.658600;23329;3386174
0.658700;23339;3388867
0.658800;23350;3391760
0.658900;23356;3394081
0.659000;23368;3397237
0.659100;23493;3419451
0.659200;23506;3422755
0.659300;23522;3426214
0.659400;23533;3428946
0.659500;23541;3431206
0.659600;23509;3431996
0.659700;23515;3434271
0.659800;23527;3437010
0.659900;23538;3439711
0.660000;23554;3443043
0.660100;23568;3444379
0.660200;23578;3447424
0.660300;23586;3449889
0.660400;23596;3452586
0.660500;23612;3456040
0.660600;23622;3457186
0.660700;23626;3458933
0.660800;23632;3461479
0.660900;23641;3464181
0.661000;23650;3466826
0.661100;23665;3470063
0.661200;23560;3448570
0.661300;23569;3451034
0.661400;23578;3453517
0.661500;23584;3455736
0.661600;23592;3458309
0.661700;23668;3470693
0.661800;23678;3473311
0.661900;23682;3475259
0.662000;23695;3478538
0.662100;23708;3481651
0.662200;23678;3485561
0.662300;23689;3488156
0.662400;23697;3490263
0.662500;23703;3492554
0.662600;23717;3495646
0.662700;23732;3498884
0.662800;23810;3511796
0.662900;23817;3514021
0.663000;23826;3516514
0.663100;23834;3519108
0.663200;23836;3520764
0.663300;23860;3519139
0.663400;23866;3521349
0.663500;23878;3524252
0.663600;23889;3527274
0.663700;23902;3530301
0.663800;23933;3537857
0.663900;23942;3540440
0.664000;23952;3542928
0.664100;23960;3545203
0.664200;23968;3547532
0.664300;23900;3535053
0.664400;23907;3537262
0.664500;23912;3539217
0.664600;23920;3541539
0.664700;23932;3544535
0.664800;23935;3546272
0.664900;23906;3547695
0.665000;23914;3550043
0.665100;23925;3552648
0.665200;23933;3555287
0.665300;23941;3557926
0.665400;23970;3562289
0.665500;23974;3564388
0.665600;23980;3566666
0.665700;23989;3569262
0.665800;23999;3571791
0.665900;24062;3583369
0.666000;24066;3585184
0.666100;24069;3586890
0.666200;24076;3589224
0.666300;24084;3591496
0.666400;24096;3594649
0.666500;24139;3607212
0.666600;24146;3609434
0.666700;24153;3611845
0.666800;24159;3613789
0.666900;24171;3616949
0.667000;24155;3613279
0.667100;24162;3615733
0.667200;24174;3618817
0.667300;24180;3621342
0.667400;24187;3624163
0.667500;24193;3623132
0.667600;24197;3625034
0.667700;24202;3627036
0.667800;24215;3630206
0.667900;24224;3632417
0.668000;24205;3630184
0.668100;24216;3632972
0.668200;24225;3635582
0.668300;24233;3638304
0.668400;24240;3640779
0.668500;24250;3643294
0.668600;24283;3655436
0.668700;24291;3657883
0.668800;24295;3659699
0.668900;24302;3662047
0.669000;24309;3664314
0.669100;24368;3676301
0.669200;24377;3678869
0.669300;24384;3681109
0.669400;24391;3683413
0.669500;24398;3686179
0.669600;24318;3670117
0.669700;24325;3672368
0.669800;24334;3675028
0.669900;24342;3677642
0.670000;24348;3679661
0.670100;24336;3678117
0.670200;24342;3680380
0.670300;24352;3683215
0.670400;24356;3684902
0.670500;24361;3686878
0.670600;24366;3688812
0.670700;24400;3697592
0.670800;24408;3700045
0.670900;24418;3702785
0.671000;24425;3704866
0.671100;24436;3707610
0.671200;24475;3717542
0.671300;24484;3720418
0.671400;24492;3722927
0.671500;24497;3725025
0.671600;24504;3727529
0.671700;24460;3721474
0.671800;24473;3724470
0.671900;24479;3726719
0.672000;24486;3729263
0.672100;24492;3731179
0.672200;24579;3741618
0.672300;24585;3743948
0.672400;24594;3746472
0.672500;24599;3748917
0.672600;24606;3750975
0.672700;24610;3753099
0.672800;24572;3745160
0.672900;24576;3747231
0.673000;24586;3750192
0.673100;24591;3752597
0.673200;24594;3754265
0.673300;24609;3761495
0.673400;24613;3763410
0.673500;24616;3765170
0.673600;24619;3766748
0.673700;24625;3768868
0.673800;24660;3773468
0.673900;24667;3775512
0.674000;24672;3777701
0.674100;24684;3780369
0.674200;24692;3782558
0.674300;24635;3777636
0.674400;24638;3779672
0.674500;24644;3781828
0.674600;24653;3784305
0.674700;24662;3786708
0.674800;24671;3789350
0.674900;24638;3782760
0.675000;24648;3785575
0.675100;24652;3787288
0.675200;24657;3789454
0.675300;24663;3791683
0.675400;24685;3797444
0.675500;24691;3799749
0.675600;24698;3802307
0.675700;24706;3804998
0.675800;24716;3807560
0.675900;24727;3812268
0.676000;24732;3814293
0.676100;24742;3817161
0.676200;24750;3819691
0.676300;24758;3822330
0.676400;24763;3824105
0.676500;24855;3838577
0.676600;24860;3840675
0.676700;24872;3843771
0.676800;24878;3845946
0.676900;24889;3848716
0.677000;24837;3838457
0.677100;24843;3840654
0.677200;24847;3842766
0.677300;24853;3844920
0.677400;24861;3847423
0.677500;24824;3840521
0.677600;24832;3842674
0.677700;24835;3844561
0.677800;24837;3846387
0.677900;24844;3848802
0.678000;24876;3860219
0.678100;24882;3862320
0.678200;24889;3864619
0.678300;24897;3867026
0.678400;24903;3869442
0.678500;24911;3871947
0.678600;24955;3875866
0.678700;24956;3877361
0.678800;24966;3879914
0.678900;24968;3881524
0.679000;24972;3883325
0.679100;24963;3885127
0.679200;24967;3886792
0.679300;24976;3889198
0.679400;24980;3891165
0.679500;24987;3893443
0.679600;25047;3903626
0.679700;25050;3905432
0.679800;25058;3907851
0.679900;25066;3910443
0.680000;25072;3912683
0.680100;25088;3923185
0.680200;25093;3924971
0.680300;25099;3927386
0.680400;25108;3930129
0.680500;25113;3932264
0.680600;25124;3935022
0.680700;25115;3935415
0.680800;25123;3937624
0.680900;25133;3940257
0.681000;25139;3942403
0.681100;25143;3944095
0.681200;25132;3943303
0.681300;25138;3945609
0.681400;25146;3947888
0.681500;25157;3950358
0.681600;25161;3952477
0.681700;25111;3940968
0.681800;25117;3942946
0.681900;25125;3945446
0.682000;25130;3947910
0.682100;25136;3949873
0.682200;25139;3951928
0.682300;25196;3963870
0.682400;25200;3965792
0.682500;25206;3968078
0.682600;25213;3970439
0.682700;25220;3972885
0.682800;25190;3968187
0.682900;25198;3970981
0.683000;25203;3972904
0.683100;25208;3974969
0.683200;25212;3976736
0.683300;25139;3963911
0.683400;25147;3966459
0.683500;25150;3968386
0.683600;25153;3970356
0.683700;25160;3972802
0.683800;25164;3974853
0.683900;25217;3983986
0.684000;25227;3986530
0.684100;25231;3988666
0.684200;25235;3990593
0.684300;25240;3992425
0.684400;25244;3997097
0.684500;25253;3999676
0.684600;25260;4001816
0.684700;25265;4003755
0.684800;25268;4005832
0.684900;25358;4018069
0.685000;25361;4019884
0.685100;25365;4021672
0.685200;25372;4024340
0.685300;25381;4027237
0.685400;25390;4029779
0.685500;25348;4026828
0.685600;25352;4028916
0.685700;25361;4031314
0.685800;25364;4033014
0.685900;25370;4035408
0.686000;25389;4036069
0.686100;25391;4037410
0.686200;25396;4039395
0.686300;25398;4040728
0.686400;25408;4043117
0.686500;25418;4054312
0.686600;25420;4055743
0.686700;25425;4057598
0.686800;25429;4059375
0.686900;25436;4061469
0.687000;25431;4056194
0.687100;25434;4057753
0.687200;25441;4060116
0.687300;25445;4061920
0.687400;25455;4064712
0.687500;25461;4067060
0.687600;25494;4081097
0.687700;25500;4083129
0.687800;25506;4085426
0.687900;25508;4087059
0.688000;25511;4088682
0.688100;25483;4076980
0.688200;25485;4078534
0.688300;25489;4080287
0.688400;25494;4082211
0.688500;25499;4084363
0.688600;25539;4093469
0.688700;25544;4095638
0.688800;25549;4097687
0.688900;25556;4099897
0.689000;25560;4101916
0.689100;25560;4103480
0.689200;25559;4103189
0.689300;25570;4106082
0.689400;25572;4107642
0.689500;25578;4109975
0.689600;25581;4111490
0.689700;25517;4108422
0.689800;25522;4110367
0.689900;25526;4112122
0.690000;25529;4113678
0.690100;25534;4115927
0.690200;25575;4121798
0.690300;25579;4123555
0.690400;25580;4125256
0.690500;25583;4126802
0.690600;25586;4128667
0.690700;25590;4130364
0.690800;25636;4141938
0.690900;25639;4143774
0.691000;25643;4145725
0.691100;25650;4147849
0.691200;25651;4149325
0.691300;25674;4154845
0.691400;25680;4156881
0.691500;25689;4159713
0.691600;25697;4161971
0.691700;25700;4163972
0.691800;25678;4158483
0.691900;25678;4160020
0.692000;25680;4161505
0.692100;25684;4163520
0.692200;25689;4165421
0.692300;25693;4167381
0.692400;25694;4163598
0.692500;25698;4165413
0.692600;25704;4167571
0.692700;25706;4169305
0.692800;25707;4170670
0.692900;25695;4173906
0.693000;25697;4175471
0.693100;25702;4177587
0.693200;25710;4179802
0.693300;25713;4181566
0.693400;25693;4181445
0.693500;25698;4183260
0.693600;25703;4185577
0.693700;25708;4187418
0.693800;25714;4189548
0.693900;25716;4191201
0.694000;25732;4187837
0.694100;25740;4190537
0.694200;25747;4192933
0.694300;25753;4194956
0.694400;25757;4196996
0.694500;25812;4212089
0.694600;25814;4213869
0.694700;25818;4215935
0.694800;25823;4217917
0.694900;25823;4219153
0.695000;25780;4212362
0.695100;25782;4214121
0.695200;25785;4215921
0.695300;25789;4217878
0.695400;25793;4219641
0.695500;25798;4221595
0.695600;25884;4236859
0.695700;25884;4238092
0.695800;25887;4239792
0.695900;25892;4242022
0.696000;25895;4243458
0.696100;25824;4233772
0.696200;25834;4236312
0.696300;25840;4238342
0.696400;25845;4240415
0.696500;25850;4242350
0.696600;25892;4254666
0.696700;25895;4256351
0.696800;25896;4257620
0.696900;25896;4258765
0.697000;25903;4261157
0.697100;25914;4258539
0.697200;25917;4260623
0.697300;25921;4262684
0.697400;25925;4264575
0.697500;25933;4266954
0.697600;25937;4268934
0.697700;25923;4266718
0.697800;25926;4268470
0.697900;25932;4270516
0.698000;25939;4272842
0.698100;25944;4274802
0.698200;25892;4267294
0.698300;25894;4268914
0.698400;25899;4270974
0.698500;25903;4272874
0.698600;25908;4274841
0.698700;25909;4276284
0.698800;25964;4287540
0.698900;25966;4289256
0.699000;25970;4291296
0.699100;25974;4292941
0.699200;25981;4295041
0.699300;25948;4290606
0.699400;25949;4292108
0.699500;25954;4294257
0.699600;25957;4295969
0.699700;25961;4298093
0.699800;25956;4298998
0.699900;25958;4300526
0.700000;25963;4302382
0.710000;26293;4478146
0.720000;26525;4633143
0.730000;26695;4773771
0.740000;26797;4891116
0.750000;26885;5009644
0.760000;26943;5114451
0.770000;26958;5209717
0.780000;26977;5301695
0.790000;26990;5392692
0.800000;26994;5475891
0.810000;27000;5556116
0.820000;27000;5633848
0.830000;27000;5709790
0.840000;27000;5784442
0.850000;27000;5856659
0.860000;27000;5929612
0.870000;27000;6002081
0.880000;27000;6074190
0.890000;27000;6145028
0.900000;27000;6215605
0.910000;27000;6286609
0.920000;27000;6356846
0.930000;27000;6426807
0.940000;27000;6496860
0.950000;27000;6566297
0.960000;27000;6636197
0.970000;27000;6705366
0.980000;27000;6774147
0.990000;27000;6842998
