/* L = 4, Z = 27000 */
/* p;ocurrencias de percolacion;Masa promedio */
0.010000;0;0
0.020000;1;4
0.030000;1;4
0.040000;1;4
0.050000;2;8
0.060000;4;18
0.070000;6;27
0.080000;9;43
0.090000;12;56
0.100000;14;66
0.110000;19;89
0.120000;28;145
0.130000;37;194
0.140000;48;252
0.150000;70;368
0.160000;96;507
0.170000;119;631
0.180000;164;890
0.190000;202;1116
0.200000;247;1378
0.210000;312;1786
0.220000;370;2141
0.230000;438;2572
0.240000;526;3137
0.250000;622;3749
0.260000;751;4618
0.270000;867;5401
0.280000;1016;6408
0.290000;1178;7515
0.300000;1367;8835
0.310000;1584;10388
0.320000;1813;12094
0.330000;2058;13909
0.340000;2303;15758
0.350000;2585;17942
0.360000;2887;20327
0.370000;3170;22714
0.380000;3486;25334
0.390000;3841;28280
0.400000;4261;31796
0.410000;4705;35599
0.420000;5145;39481
0.430000;5574;43237
0.440000;6071;47742
0.450000;6540;52112
0.460000;7041;56975
0.470000;7601;62226
0.480000;8166;67803
0.490000;8775;73738
0.500000;9319;79476
0.500100;9328;79547
0.500200;9338;79637
0.500300;9346;79709
0.500400;9351;79764
0.500500;9360;79851
0.500600;9363;79882
0.500700;9107;76784
0.500800;9116;76857
0.500900;9122;76908
0.501000;9131;77005
0.501100;9133;77033
0.501200;9140;77094
0.501300;9149;77179
0.501400;9156;77250
0.501500;9160;77293
0.501600;9167;77364
0.501700;9168;77385
0.501800;9172;77442
0.501900;9181;77516
0.502000;9186;77571
0.502100;9188;77591
0.502200;9191;77623
0.502300;9196;77670
0.502400;9200;77727
0.502500;9207;77794
0.502600;9211;77835
0.502700;9216;77890
0.502800;9221;77942
0.502900;9223;77969
0.503000;9229;78028
0.503100;9238;78128
0.503200;9243;78189
0.503300;9246;78229
0.503400;9251;78273
0.503500;9254;78308
0.503600;9259;78355
0.503700;9265;78419
0.503800;9267;78448
0.503900;9270;78481
0.504000;9276;78543
0.504100;9283;78610
0.504200;9292;78693
0.504300;9298;78745
0.504400;9304;78801
0.504500;9312;78872
0.504600;9319;78955
0.504700;9326;79025
0.504800;9337;79138
0.504900;9345;79732
0.505000;9349;79766
0.505100;9352;79807
0.505200;9359;79887
0.505300;9363;79926
0.505400;9369;79988
0.505500;9377;80063
0.505600;9380;80099
0.505700;9390;80179
0.505800;9396;80249
0.505900;9400;80286
0.506000;9410;80380
0.506100;9420;80468
0.506200;9428;80557
0.506300;9432;80613
0.506400;9443;80721
0.506500;9449;80782
0.506600;9453;80829
0.506700;9461;80900
0.506800;9464;80938
0.506900;9467;80974
0.507000;9471;81026
0.507100;9479;81108
0.507200;9481;81133
0.507300;9488;81205
0.507400;9494;81272
0.507500;9498;81312
0.507600;9504;81376
0.507700;9509;81423
0.507800;9515;81490
0.507900;9522;81566
0.508000;9528;81622
0.508100;9533;81679
0.508200;9542;81768
0.508300;9547;81813
0.508400;9552;81869
0.508500;9557;81918
0.508600;9565;81996
0.508700;9570;82045
0.508800;9576;82104
0.508900;9583;82169
0.509000;9590;82232
0.509100;9594;82285
0.509200;9740;83697
0.509300;9749;83777
0.509400;9755;83848
0.509500;9761;83907
0.509600;9766;83957
0.509700;9771;84005
0.509800;9776;84060
0.509900;9781;84121
0.510000;9786;84177
0.510100;9795;84264
0.510200;9798;84310
0.510300;9810;84424
0.510400;9812;84450
0.510500;9816;84490
0.510600;9823;84555
0.510700;9831;84657
0.510800;9840;84745
0.510900;9850;84831
0.511000;9854;84874
0.511100;9862;84942
0.511200;9868;85017
0.511300;9876;85111
0.511400;9885;85200
0.511500;9893;85288
0.511600;9897;85326
0.511700;9903;85386
0.511800;9908;85440
0.511900;9912;85490
0.512000;9915;85532
0.512100;9920;85578
0.512200;9924;85624
0.512300;9928;85673
0.512400;9935;85742
0.512500;9948;85869
0.512600;9951;85907
0.512700;9958;85981
0.512800;9964;86045
0.512900;9970;86095
0.513000;9978;86181
0.513100;9983;86224
0.513200;9989;86283
0.513300;9994;86338
0.513400;9914;85275
0.513500;9920;85331
0.513600;9931;85421
0.513700;9939;85505
0.513800;9948;85596
0.513900;9953;85661
0.514000;9959;85739
0.514100;9963;85782
0.514200;9970;85850
0.514300;9977;85919
0.514400;9988;86024
0.514500;9990;86060
0.514600;9996;86118
0.514700;10004;86196
0.514800;10007;86231
0.514900;10012;86283
0.515000;10017;86336
0.515100;10022;86389
0.515200;10028;86447
0.515300;10031;86489
0.515400;10034;86542
0.515500;10046;86643
0.515600;10051;86687
0.515700;10053;86723
0.515800;10065;86829
0.515900;10070;86881
0.516000;10071;86920
0.516100;10077;86988
0.516200;10080;87017
0.516300;10091;87127
0.516400;10103;87244
0.516500;10107;87282
0.516600;10114;87352
0.516700;10121;87423
0.516800;10125;87479
0.516900;10134;87572
0.517000;10145;87669
0.517100;10153;87748
0.517200;10159;87816
0.517300;10165;87882
0.517400;10168;87920
0.517500;10176;88007
0.517600;10188;88129
0.517700;10195;88195
0.517800;10223;88969
0.517900;10228;89025
0.518000;10230;89053
0.518100;10238;89137
0.518200;10241;89175
0.518300;10245;89231
0.518400;10253;89309
0.518500;10256;89355
0.518600;10264;89440
0.518700;10269;89499
0.518800;10273;89558
0.518900;10282;89652
0.519000;10286;89706
0.519100;10291;89768
0.519200;10296;89811
0.519300;10302;89889
0.519400;10309;89958
0.519500;10314;90023
0.519600;10321;90090
0.519700;10327;90154
0.519800;10339;90277
0.519900;10342;90317
0.520000;10350;90387
0.520100;10354;90432
0.520200;10361;90506
0.520300;10371;90608
0.520400;10378;90673
0.520500;10384;90746
0.520600;10387;90786
0.520700;10393;90857
0.520800;10402;90949
0.520900;10411;91038
0.521000;10415;91093
0.521100;10423;91176
0.521200;10427;91220
0.521300;10435;91294
0.521400;10444;91388
0.521500;10452;91477
0.521600;10456;91516
0.521700;10461;91571
0.521800;10464;91612
0.521900;10470;91688
0.522000;10403;90851
0.522100;10410;90923
0.522200;10416;90977
0.522300;10421;91036
0.522400;10431;91134
0.522500;10437;91197
0.522600;10442;91264
0.522700;10448;91333
0.522800;10454;91398
0.522900;10458;91445
0.523000;10464;91523
0.523100;10469;91579
0.523200;10476;91653
0.523300;10482;91725
0.523400;10490;91819
0.523500;10494;91865
0.523600;10500;91937
0.523700;10506;91995
0.523800;10516;92079
0.523900;10520;92142
0.524000;10526;92201
0.524100;10535;92285
0.524200;10542;92358
0.524300;10548;92410
0.524400;10556;92476
0.524500;10562;92538
0.524600;10571;92623
0.524700;10578;92699
0.524800;10582;92738
0.524900;10589;92815
0.525000;10595;92882
0.525100;10604;92965
0.525200;10612;93049
0.525300;10619;93130
0.525400;10624;93175
0.525500;10631;93247
0.525600;10635;93300
0.525700;10641;93364
0.525800;10651;93453
0.525900;10656;93503
0.526000;10664;93583
0.526100;10672;93663
0.526200;10678;93728
0.526300;10741;94740
0.526400;10745;94789
0.526500;10749;94835
0.526600;10759;94937
0.526700;10769;95021
0.526800;10771;95060
0.526900;10775;95113
0.527000;10781;95187
0.527100;10785;95231
0.527200;10791;95286
0.527300;10796;95341
0.527400;10805;95428
0.527500;10812;95495
0.527600;10814;95528
0.527700;10819;95584
0.527800;10827;95666
0.527900;10833;95730
0.528000;10841;95801
0.528100;10849;95874
0.528200;10857;95958
0.528300;10860;95998
0.528400;10866;96060
0.528500;10874;96133
0.528600;10881;96202
0.528700;10887;96269
0.528800;10891;96314
0.528900;10903;96421
0.529000;10911;96501
0.529100;10922;96612
0.529200;10924;96643
0.529300;10931;96722
0.529400;10938;96787
0.529500;10947;96899
0.529600;10955;96992
0.529700;10956;97023
0.529800;10964;97103
0.529900;10969;97157
0.530000;10977;97240
0.530100;10980;97280
0.530200;10985;97346
0.530300;10988;97385
0.530400;11010;96895
0.530500;11015;96938
0.530600;11019;96981
0.530700;11027;97068
0.530800;11035;97149
0.530900;11044;97228
0.531000;11050;97279
0.531100;11055;97329
0.531200;11067;97459
0.531300;11071;97497
0.531400;11073;97523
0.531500;11078;97601
0.531600;11084;97663
0.531700;11092;97752
0.531800;11100;97834
0.531900;11111;97958
0.532000;11113;97993
0.532100;11116;98053
0.532200;11119;98089
0.532300;11124;98146
0.532400;11129;98209
0.532500;11135;98275
0.532600;11140;98336
0.532700;11144;98385
0.532800;11151;98462
0.532900;11156;98531
0.533000;11162;98583
0.533100;11170;98683
0.533200;11176;98748
0.533300;11183;98810
0.533400;11188;98877
0.533500;11193;98931
0.533600;11196;98971
0.533700;11204;99048
0.533800;11209;99105
0.533900;11218;99183
0.534000;11221;99223
0.534100;11231;99315
0.534200;11237;99383
0.534300;11244;99469
0.534400;11251;99563
0.534500;11258;99646
0.534600;11193;99433
0.534700;11196;99487
0.534800;11206;99587
0.534900;11211;99647
0.535000;11219;99730
0.535100;11225;99798
0.535200;11231;99881
0.535300;11237;99948
0.535400;11244;100013
0.535500;11248;100066
0.535600;11255;100139
0.535700;11259;100196
0.535800;11262;100240
0.535900;11273;100338
0.536000;11278;100400
0.536100;11283;100448
0.536200;11288;100500
0.536300;11295;100585
0.536400;11299;100640
0.536500;11303;100684
0.536600;11308;100734
0.536700;11313;100782
0.536800;11323;100887
0.536900;11329;100955
0.537000;11335;101013
0.537100;11346;101123
0.537200;11353;101195
0.537300;11361;101269
0.537400;11367;101344
0.537500;11378;101452
0.537600;11385;101522
0.537700;11386;101549
0.537800;11390;101594
0.537900;11396;101668
0.538000;11401;101721
0.538100;11407;101796
0.538200;11414;101868
0.538300;11423;101955
0.538400;11433;102069
0.538500;11436;102103
0.538600;11441;102163
0.538700;11448;102241
0.538800;11452;102296
0.538900;11467;102681
0.539000;11474;102749
0.539100;11484;102837
0.539200;11493;102929
0.539300;11501;103020
0.539400;11505;103075
0.539500;11516;103171
0.539600;11524;103264
0.539700;11533;103361
0.539800;11539;103419
0.539900;11545;103485
0.540000;11557;103598
0.540100;11562;103652
0.540200;11564;103697
0.540300;11572;103793
0.540400;11580;103862
0.540500;11585;103919
0.540600;11592;103990
0.540700;11600;104074
0.540800;11604;104122
0.540900;11613;104215
0.541000;11620;104291
0.541100;11622;104330
0.541200;11628;104401
0.541300;11632;104455
0.541400;11640;104542
0.541500;11650;104646
0.541600;11656;104724
0.541700;11663;104798
0.541800;11666;104842
0.541900;11673;104902
0.542000;11679;104973
0.542100;11685;105034
0.542200;11694;105118
0.542300;11698;105169
0.542400;11710;105286
0.542500;11717;105358
0.542600;11725;105448
0.542700;11729;105493
0.542800;11738;105583
0.542900;11739;105603
0.543000;11745;105661
0.543100;11750;105722
0.543200;11755;105792
0.543300;11759;105841
0.543400;11764;105902
0.543500;11768;105953
0.543600;11776;106040
0.543700;11622;104169
0.543800;11628;104238
0.543900;11635;104318
0.544000;11643;104392
0.544100;11652;104477
0.544200;11656;104525
0.544300;11668;104641
0.544400;11674;104711
0.544500;11681;104768
0.544600;11687;104837
0.544700;11696;104924
0.544800;11703;104997
0.544900;11708;105055
0.545000;11717;105147
0.545100;11720;105194
0.545200;11726;105265
0.545300;11731;105327
0.545400;11738;105406
0.545500;11741;105448
0.545600;11749;105537
0.545700;11753;105591
0.545800;11756;105648
0.545900;11761;105710
0.546000;11767;105786
0.546100;11771;105840
0.546200;11776;105901
0.546300;11785;105992
0.546400;11788;106032
0.546500;11795;106108
0.546600;11800;106168
0.546700;11808;106254
0.546800;11815;106325
0.546900;11820;106387
0.547000;11825;106460
0.547100;11831;106526
0.547200;11835;106600
0.547300;11840;106660
0.547400;11850;106772
0.547500;11856;106840
0.547600;11860;106897
0.547700;11864;106941
0.547800;11868;106982
0.547900;11872;107041
0.548000;11877;107103
0.548100;11884;107184
0.548200;11886;107210
0.548300;11891;107262
0.548400;11893;107310
0.548500;11898;107375
0.548600;11906;107453
0.548700;12188;110504
0.548800;12192;110551
0.548900;12197;110616
0.549000;12201;110668
0.549100;12208;110752
0.549200;12212;110817
0.549300;12220;110898
0.549400;12231;111000
0.549500;12236;111062
0.549600;12246;111163
0.549700;12246;111180
0.549800;12258;111300
0.549900;12261;111347
0.550000;12270;111431
0.550100;12277;111504
0.550200;12284;111575
0.550300;12291;111664
0.550400;12297;111725
0.550500;12311;111861
0.550600;12315;111925
0.550700;12320;112005
0.550800;12321;112032
0.550900;12330;112132
0.551000;12336;112203
0.551100;12345;112302
0.551200;12353;112391
0.551300;12360;112465
0.551400;12367;112540
0.551500;12370;112591
0.551600;12375;112646
0.551700;12384;112734
0.551800;12390;112795
0.551900;12398;112885
0.552000;12404;112952
0.552100;12408;113005
0.552200;12412;113058
0.552300;12422;113147
0.552400;12430;113227
0.552500;12439;113329
0.552600;12442;113374
0.552700;12450;113483
0.552800;12453;113534
0.552900;12537;114100
0.553000;12543;114176
0.553100;12551;114264
0.553200;12554;114318
0.553300;12556;114356
0.553400;12563;114428
0.553500;12563;114436
0.553600;12565;114475
0.553700;12573;114558
0.553800;12580;114630
0.553900;12587;114696
0.554000;12591;114756
0.554100;12600;114851
0.554200;12603;114889
0.554300;12607;114933
0.554400;12611;114990
0.554500;12616;115053
0.554600;12623;115140
0.554700;12629;115214
0.554800;12634;115264
0.554900;12641;115355
0.555000;12647;115428
0.555100;12654;115504
0.555200;12659;115574
0.555300;12670;115686
0.555400;12677;115750
0.555500;12684;115827
0.555600;12692;115918
0.555700;12703;116028
0.555800;12709;116105
0.555900;12712;116146
0.556000;12719;116207
0.556100;12723;116265
0.556200;12731;116341
0.556300;12737;116397
0.556400;12741;116444
0.556500;12749;116530
0.556600;12753;116573
0.556700;12760;116658
0.556800;12767;116743
0.556900;12771;116796
0.557000;12780;116888
0.557100;12636;115581
0.557200;12641;115636
0.557300;12648;115709
0.557400;12652;115766
0.557500;12661;115870
0.557600;12666;115932
0.557700;12674;116012
0.557800;12680;116078
0.557900;12684;116122
0.558000;12689;116182
0.558100;12698;116280
0.558200;12707;116367
0.558300;12715;116439
0.558400;12717;116466
0.558500;12724;116531
0.558600;12731;116619
0.558700;12737;116697
0.558800;12747;116797
0.558900;12754;116878
0.559000;12759;116937
0.559100;12765;117030
0.559200;12770;117085
0.559300;12778;117169
0.559400;12783;117234
0.559500;12789;117304
0.559600;12796;117384
0.559700;12807;117494
0.559800;12813;117563
0.559900;12821;117643
0.560000;12829;117721
0.560100;12836;117814
0.560200;12844;117887
0.560300;12853;117982
0.560400;12860;118059
0.560500;12867;118145
0.560600;12879;118277
0.560700;12890;118371
0.560800;12896;118439
0.560900;12897;118462
0.561000;12900;118492
0.561100;12906;118566
0.561200;12913;118651
0.561300;12921;118745
0.561400;12931;118853
0.561500;12936;118920
0.561600;12935;118842
0.561700;12941;118925
0.561800;12948;118997
0.561900;12957;119097
0.562000;12968;119224
0.562100;12976;119316
0.562200;12981;119382
0.562300;12984;119434
0.562400;12990;119520
0.562500;12999;119611
0.562600;13004;119671
0.562700;13009;119737
0.562800;13016;119814
0.562900;13019;119852
0.563000;13022;119892
0.563100;13030;119989
0.563200;13037;120058
0.563300;13044;120138
0.563400;13048;120186
0.563500;13061;120340
0.563600;13065;120396
0.563700;13075;120518
0.563800;13079;120563
0.563900;13084;120614
0.564000;13094;120710
0.564100;13102;120777
0.564200;13108;120849
0.564300;13113;120904
0.564400;13119;120971
0.564500;13123;121032
0.564600;13130;121116
0.564700;13138;121203
0.564800;13148;121309
0.564900;13151;121348
0.565000;13158;121431
0.565100;13164;121503
0.565200;13172;121588
0.565300;13181;121686
0.565400;13184;121740
0.565500;13188;121805
0.565600;13193;121867
0.565700;13200;121939
0.565800;13205;121995
0.565900;13161;121846
0.566000;13169;121928
0.566100;13172;121980
0.566200;13182;122100
0.566300;13186;122148
0.566400;13193;122237
0.566500;13197;122295
0.566600;13203;122361
0.566700;13205;122398
0.566800;13211;122467
0.566900;13221;122557
0.567000;13223;122609
0.567100;13232;122722
0.567200;13243;122831
0.567300;13252;122948
0.567400;13259;123006
0.567500;13270;123109
0.567600;13276;123177
0.567700;13283;123249
0.567800;13295;123377
0.567900;13301;123440
0.568000;13311;123565
0.568100;13317;123636
0.568200;13328;123760
0.568300;13333;123832
0.568400;13345;123984
0.568500;13348;124033
0.568600;13355;124098
0.568700;13366;124217
0.568800;13374;124311
0.568900;13378;124369
0.569000;13386;124453
0.569100;13390;124497
0.569200;13397;124571
0.569300;13406;124683
0.569400;13415;124808
0.569500;13422;124896
0.569600;13427;124962
0.569700;13434;125037
0.569800;13439;125108
0.569900;13451;125220
0.570000;13459;125297
0.570100;13466;125372
0.570200;13472;125450
0.570300;13479;125542
0.570400;13491;125678
0.570500;13496;125746
0.570600;13501;125812
0.570700;13507;125893
0.570800;13564;126389
0.570900;13569;126454
0.571000;13575;126515
0.571100;13580;126576
0.571200;13594;126725
0.571300;13596;126766
0.571400;13602;126843
0.571500;13607;126901
0.571600;13609;126940
0.571700;13613;126989
0.571800;13620;127065
0.571900;13626;127148
0.572000;13631;127222
0.572100;13639;127315
0.572200;13647;127401
0.572300;13654;127477
0.572400;13661;127573
0.572500;13667;127649
0.572600;13679;127759
0.572700;13683;127816
0.572800;13695;127922
0.572900;13705;128022
0.573000;13708;128068
0.573100;13711;128116
0.573200;13718;128189
0.573300;13723;128250
0.573400;13730;128321
0.573500;13736;128390
0.573600;13742;128462
0.573700;13749;128543
0.573800;13755;128607
0.573900;13760;128668
0.574000;13768;128764
0.574100;13773;128840
0.574200;13775;128890
0.574300;13782;128955
0.574400;13789;129059
0.574500;13798;129150
0.574600;13801;129193
0.574700;13812;129310
0.574800;13817;129372
0.574900;13822;129444
0.575000;13825;129499
0.575100;13830;129568
0.575200;13836;129650
0.575300;13839;129708
0.575400;13843;129758
0.575500;13856;129889
0.575600;13866;129996
0.575700;13870;130052
0.575800;13879;130146
0.575900;13884;130226
0.576000;13920;131170
0.576100;13922;131220
0.576200;13930;131309
0.576300;13937;131385
0.576400;13943;131480
0.576500;13946;131519
0.576600;13954;131616
0.576700;13962;131704
0.576800;13966;131762
0.576900;13973;131861
0.577000;13980;131938
0.577100;13983;131986
0.577200;13987;132048
0.577300;13994;132151
0.577400;14003;132249
0.577500;14007;132312
0.577600;14013;132397
0.577700;14018;132463
0.577800;14026;132561
0.577900;14031;132625
0.578000;14035;132677
0.578100;14042;132763
0.578200;14050;132846
0.578300;14056;132908
0.578400;14066;133005
0.578500;14072;133066
0.578600;14079;133147
0.578700;14081;133186
0.578800;14089;133280
0.578900;14091;133317
0.579000;14099;133411
0.579100;14105;133491
0.579200;14110;133555
0.579300;14115;133613
0.579400;14119;133663
0.579500;14124;133729
0.579600;14129;133795
0.579700;14133;133858
0.579800;14138;133922
0.579900;14140;133967
0.580000;14149;134043
0.580100;14158;134151
0.580200;14161;134196
0.580300;14170;134294
0.580400;14177;134386
0.580500;14182;134457
0.580600;14189;134533
0.580700;14196;134622
0.580800;14203;134711
0.580900;14214;134830
0.581000;14218;134902
0.581100;14224;134973
0.581200;14230;135050
0.581300;14231;135093
0.581400;14347;135600
0.581500;14355;135695
0.581600;14360;135761
0.581700;14368;135853
0.581800;14373;135923
0.581900;14379;136007
0.582000;14383;136061
0.582100;14390;136146
0.582200;14401;136266
0.582300;14406;136327
0.582400;14411;136401
0.582500;14419;136488
0.582600;14427;136576
0.582700;14438;136693
0.582800;14446;136796
0.582900;14451;136860
0.583000;14457;136934
0.583100;14463;136995
0.583200;14468;137049
0.583300;14477;137159
0.583400;14485;137238
0.583500;14491;137323
0.583600;14504;137447
0.583700;14509;137514
0.583800;14515;137604
0.583900;14523;137680
0.584000;14532;137784
0.584100;14535;137830
0.584200;14542;137900
0.584300;14549;137974
0.584400;14558;138074
0.584500;14564;138167
0.584600;14566;138202
0.584700;14572;138276
0.584800;14582;138385
0.584900;14586;138441
0.585000;14591;138502
0.585100;14598;138578
0.585200;14606;138667
0.585300;14610;138715
0.585400;14618;138809
0.585500;14626;138925
0.585600;14634;139018
0.585700;14638;139072
0.585800;14561;138293
0.585900;14565;138358
0.586000;14571;138429
0.586100;14579;138510
0.586200;14589;138618
0.586300;14596;138706
0.586400;14603;138792
0.586500;14609;138869
0.586600;14623;139021
0.586700;14628;139090
0.586800;14636;139203
0.586900;14641;139272
0.587000;14647;139350
0.587100;14648;139389
0.587200;14653;139440
0.587300;14661;139539
0.587400;14667;139621
0.587500;14672;139682
0.587600;14679;139770
0.587700;14687;139872
0.587800;14689;139905
0.587900;14699;140015
0.588000;14706;140097
0.588100;14712;140172
0.588200;14724;140315
0.588300;14732;140420
0.588400;14739;140490
0.588500;14749;140576
0.588600;14757;140664
0.588700;14763;140735
0.588800;14772;140835
0.588900;14778;140912
0.589000;14783;140981
0.589100;14788;141035
0.589200;14795;141125
0.589300;14800;141189
0.589400;14808;141286
0.589500;14813;141335
0.589600;14820;141405
0.589700;14828;141511
0.589800;14837;141609
0.589900;14840;141650
0.590000;14847;141733
0.590100;14850;141772
0.590200;14859;141871
0.590300;14866;141946
0.590400;14871;142010
0.590500;14874;142053
0.590600;14880;142132
0.590700;14795;141025
0.590800;14800;141087
0.590900;14809;141198
0.591000;14817;141299
0.591100;14829;141441
0.591200;14835;141514
0.591300;14840;141559
0.591400;14846;141648
0.591500;14853;141738
0.591600;14859;141802
0.591700;14864;141871
0.591800;14866;141917
0.591900;14875;142042
0.592000;14882;142140
0.592100;14892;142256
0.592200;14898;142326
0.592300;14904;142403
0.592400;14910;142481
0.592500;14920;142565
0.592600;14925;142630
0.592700;14931;142704
0.592800;14943;142864
0.592900;14951;142939
0.593000;14955;143005
0.593100;14960;143073
0.593200;14966;143152
0.593300;14974;143256
0.593400;14978;143313
0.593500;14984;143391
0.593600;14991;143464
0.593700;15000;143586
0.593800;15008;143691
0.593900;15016;143786
0.594000;15027;143910
0.594100;15034;144013
0.594200;15046;144130
0.594300;15053;144210
0.594400;15059;144277
0.594500;15066;144357
0.594600;15069;144407
0.594700;15076;144499
0.594800;15081;144568
0.594900;15083;144612
0.595000;15090;144698
0.595100;15094;144746
0.595200;15103;144848
0.595300;15107;144904
0.595400;15113;144969
0.595500;15123;145072
0.595600;15127;145135
0.595700;15132;145220
0.595800;15251;147250
0.595900;15257;147327
0.596000;15266;147418
0.596100;15276;147533
0.596200;15284;147610
0.596300;15295;147731
0.596400;15299;147804
0.596500;15307;147914
0.596600;15311;147977
0.596700;15322;148091
0.596800;15327;148152
0.596900;15334;148255
0.597000;15342;148343
0.597100;15345;148393
0.597200;15349;148446
0.597300;15354;148510
0.597400;15358;148576
0.597500;15366;148678
0.597600;15369;148718
0.597700;15374;148779
0.597800;15382;148874
0.597900;15386;148930
0.598000;15393;149007
0.598100;15402;149108
0.598200;15405;149153
0.598300;15412;149240
0.598400;15421;149345
0.598500;15426;149412
0.598600;15433;149505
0.598700;15443;149622
0.598800;15453;149730
0.598900;15460;149822
0.599000;15469;149934
0.599100;15477;150020
0.599200;15482;150104
0.599300;15486;150166
0.599400;15495;150267
0.599500;15506;150399
0.599600;15509;150449
0.599700;15515;150542
0.599800;15521;150629
0.599900;15526;150691
0.600000;15533;150787
0.600100;15542;150881
0.600200;15548;150985
0.600300;15554;151073
0.600400;15560;151158
0.600500;15566;151226
0.600600;15572;151309
0.600700;15576;151389
0.600800;15584;151497
0.600900;15590;151565
0.601000;15594;151644
0.601100;15585;151053
0.601200;15592;151136
0.601300;15594;151176
0.601400;15598;151236
0.601500;15601;151288
0.601600;15609;151391
0.601700;15613;151445
0.601800;15617;151500
0.601900;15623;151577
0.602000;15632;151694
0.602100;15636;151764
0.602200;15643;151861
0.602300;15650;151935
0.602400;15658;152042
0.602500;15663;152101
0.602600;15670;152166
0.602700;15674;152231
0.602800;15680;152315
0.602900;15690;152419
0.603000;15696;152517
0.603100;15701;152584
0.603200;15706;152642
0.603300;15708;152677
0.603400;15715;152746
0.603500;15721;152816
0.603600;15726;152872
0.603700;15735;152977
0.603800;15739;153035
0.603900;15743;153078
0.604000;15751;153181
0.604100;15756;153254
0.604200;15764;153353
0.604300;15774;153473
0.604400;15778;153535
0.604500;15785;153625
0.604600;15787;153678
0.604700;15793;153747
0.604800;15798;153825
0.604900;15810;153958
0.605000;15817;154055
0.605100;15823;154120
0.605200;15829;154188
0.605300;15837;154284
0.605400;15844;154389
0.605500;15852;154474
0.605600;15860;154558
0.605700;15871;154688
0.605800;15881;154811
0.605900;15889;154903
0.606000;15895;154987
0.606100;15903;155078
0.606200;15907;155132
0.606300;15914;155218
0.606400;15919;155288
0.606500;15926;155371
0.606600;15914;155026
0.606700;15918;155090
0.606800;15921;155146
0.606900;15930;155267
0.607000;15934;155326
0.607100;15943;155424
0.607200;15950;155520
0.607300;15955;155589
0.607400;15964;155691
0.607500;15972;155792
0.607600;15976;155851
0.607700;15985;155943
0.607800;15992;156028
0.607900;15997;156095
0.608000;16004;156182
0.608100;16008;156234
0.608200;16013;156304
0.608300;16023;156410
0.608400;16030;156491
0.608500;16034;156545
0.608600;16040;156610
0.608700;16047;156677
0.608800;16052;156743
0.608900;16064;156867
0.609000;16070;156949
0.609100;16076;157020
0.609200;16077;157057
0.609300;16087;157158
0.609400;16095;157253
0.609500;16103;157355
0.609600;16111;157449
0.609700;16119;157544
0.609800;16127;157625
0.609900;16130;157669
0.610000;16140;157788
0.610100;16148;157883
0.610200;16155;157967
0.610300;16161;158058
0.610400;16171;158187
0.610500;16178;158275
0.610600;16187;158388
0.610700;16192;158453
0.610800;16194;158491
0.610900;16210;158644
0.611000;16222;158792
0.611100;16232;158914
0.611200;16202;159282
0.611300;16210;159405
0.611400;16218;159506
0.611500;16224;159598
0.611600;16229;159658
0.611700;16232;159716
0.611800;16239;159799
0.611900;16245;159876
0.612000;16255;159991
0.612100;16262;160087
0.612200;16268;160146
0.612300;16277;160253
0.612400;16286;160362
0.612500;16294;160466
0.612600;16299;160544
0.612700;16305;160614
0.612800;16307;160659
0.612900;16311;160731
0.613000;16318;160825
0.613100;16324;160904
0.613200;16331;160985
0.613300;16333;161021
0.613400;16341;161126
0.613500;16347;161216
0.613600;16352;161283
0.613700;16362;161384
0.613800;16366;161457
0.613900;16374;161559
0.614000;16379;161628
0.614100;16384;161693
0.614200;16391;161793
0.614300;16403;161938
0.614400;16409;162021
0.614500;16415;162114
0.614600;16423;162218
0.614700;16426;162269
0.614800;16433;162363
0.614900;16438;162437
0.615000;16443;162505
0.615100;16449;162598
0.615200;16461;162727
0.615300;16465;162791
0.615400;16475;162908
0.615500;16486;163024
0.615600;16497;163132
0.615700;16503;163223
0.615800;16515;163354
0.615900;16520;163422
0.616000;16533;163577
0.616100;16538;163637
0.616200;16543;163684
0.616300;16548;163782
0.616400;16554;163851
0.616500;16461;163027
0.616600;16469;163116
0.616700;16474;163188
0.616800;16485;163301
0.616900;16493;163415
0.617000;16498;163485
0.617100;16502;163564
0.617200;16506;163623
0.617300;16512;163701
0.617400;16520;163793
0.617500;16524;163856
0.617600;16527;163913
0.617700;16531;163970
0.617800;16533;164013
0.617900;16535;164060
0.618000;16539;164118
0.618100;16542;164178
0.618200;16546;164252
0.618300;16550;164318
0.618400;16556;164397
0.618500;16562;164475
0.618600;16571;164582
0.618700;16575;164645
0.618800;16583;164732
0.618900;16590;164823
0.619000;16597;164912
0.619100;16609;165042
0.619200;16618;165154
0.619300;16622;165222
0.619400;16626;165293
0.619500;16632;165381
0.619600;16642;165483
0.619700;16649;165569
0.619800;16655;165656
0.619900;16659;165706
0.620000;16667;165801
0.620100;16675;165908
0.620200;16684;166019
0.620300;16690;166104
0.620400;16698;166223
0.620500;16702;166286
0.620600;16711;166407
0.620700;16971;169179
0.620800;16980;169277
0.620900;16984;169346
0.621000;16989;169412
0.621100;16998;169525
0.621200;17006;169626
0.621300;17014;169731
0.621400;17019;169811
0.621500;17024;169894
0.621600;17037;170065
0.621700;17045;170168
0.621800;17051;170252
0.621900;17056;170312
0.622000;17058;170367
0.622100;17065;170459
0.622200;17070;170535
0.622300;17081;170681
0.622400;17088;170789
0.622500;17097;170894
0.622600;17102;170968
0.622700;17104;171027
0.622800;17114;171155
0.622900;17122;171247
0.623000;17130;171343
0.623100;17138;171434
0.623200;17145;171534
0.623300;17157;171659
0.623400;17168;171773
0.623500;17178;171890
0.623600;17183;171945
0.623700;17188;172017
0.623800;17192;172075
0.623900;17197;172141
0.624000;17203;172217
0.624100;17208;172271
0.624200;17215;172356
0.624300;17219;172423
0.624400;17225;172501
0.624500;17227;172549
0.624600;17233;172628
0.624700;17241;172731
0.624800;17244;172788
0.624900;17248;172854
0.625000;17257;172971
0.625100;17260;173019
0.625200;17262;173061
0.625300;17006;170550
0.625400;17017;170669
0.625500;17025;170775
0.625600;17032;170844
0.625700;17037;170917
0.625800;17046;171028
0.625900;17050;171084
0.626000;17060;171192
0.626100;17064;171269
0.626200;17070;171346
0.626300;17078;171437
0.626400;17081;171497
0.626500;17091;171613
0.626600;17097;171695
0.626700;17106;171806
0.626800;17118;171936
0.626900;17129;172070
0.627000;17133;172126
0.627100;17142;172239
0.627200;17150;172339
0.627300;17157;172430
0.627400;17160;172478
0.627500;17163;172547
0.627600;17167;172604
0.627700;17172;172665
0.627800;17179;172761
0.627900;17185;172856
0.628000;17191;172931
0.628100;17196;173007
0.628200;17206;173120
0.628300;17212;173201
0.628400;17221;173298
0.628500;17231;173411
0.628600;17241;173524
0.628700;17248;173633
0.628800;17255;173727
0.628900;17263;173812
0.629000;17271;173907
0.629100;17273;173958
0.629200;17280;174033
0.629300;17286;174115
0.629400;17294;174234
0.629500;17301;174327
0.629600;17308;174430
0.629700;17316;174544
0.629800;17323;174654
0.629900;17329;174755
0.630000;17334;174844
0.630100;17336;174884
0.630200;17343;174968
0.630300;17385;175373
0.630400;17386;175414
0.630500;17389;175461
0.630600;17394;175541
0.630700;17402;175634
0.630800;17410;175735
0.630900;17418;175840
0.631000;17425;175924
0.631100;17427;175987
0.631200;17436;176086
0.631300;17438;176143
0.631400;17445;176238
0.631500;17446;176267
0.631600;17454;176382
0.631700;17461;176455
0.631800;17467;176531
0.631900;17476;176654
0.632000;17482;176754
0.632100;17489;176845
0.632200;17492;176904
0.632300;17501;177020
0.632400;17503;177065
0.632500;17510;177153
0.632600;17517;177235
0.632700;17525;177330
0.632800;17531;177407
0.632900;17538;177506
0.633000;17545;177603
0.633100;17547;177666
0.633200;17552;177734
0.633300;17558;177820
0.633400;17562;177883
0.633500;17573;178027
0.633600;17580;178116
0.633700;17588;178215
0.633800;17596;178336
0.633900;17599;178392
0.634000;17608;178522
0.634100;17613;178592
0.634200;17623;178722
0.634300;17629;178832
0.634400;17637;178928
0.634500;17641;178998
0.634600;17646;179073
0.634700;17652;179154
0.634800;17595;178092
0.634900;17603;178205
0.635000;17608;178273
0.635100;17614;178354
0.635200;17621;178431
0.635300;17631;178549
0.635400;17636;178632
0.635500;17647;178761
0.635600;17657;178879
0.635700;17662;178962
0.635800;17667;179045
0.635900;17671;179121
0.636000;17677;179193
0.636100;17686;179297
0.636200;17693;179384
0.636300;17700;179474
0.636400;17705;179544
0.636500;17715;179665
0.636600;17727;179799
0.636700;17732;179891
0.636800;17740;180000
0.636900;17749;180104
0.637000;17753;180178
0.637100;17761;180303
0.637200;17764;180366
0.637300;17773;180477
0.637400;17781;180583
0.637500;17788;180678
0.637600;17793;180756
0.637700;17798;180835
0.637800;17802;180887
0.637900;17804;180945
0.638000;17808;181014
0.638100;17815;181102
0.638200;17825;181223
0.638300;17831;181316
0.638400;17839;181429
0.638500;17842;181492
0.638600;17971;182817
0.638700;17976;182906
0.638800;17980;182983
0.638900;17986;183081
0.639000;17989;183143
0.639100;17996;183237
0.639200;18003;183332
0.639300;18010;183411
0.639400;18012;183464
0.639500;18021;183576
0.639600;18024;183635
0.639700;18027;183703
0.639800;18033;183776
0.639900;18039;183856
0.640000;18050;183992
0.640100;18056;184080
0.640200;18062;184183
0.640300;18066;184241
0.640400;18075;184348
0.640500;18080;184427
0.640600;18086;184513
0.640700;18091;184587
0.640800;18099;184694
0.640900;18106;184796
0.641000;18112;184914
0.641100;18122;185035
0.641200;18128;185126
0.641300;18136;185236
0.641400;18141;185321
0.641500;18153;185475
0.641600;18154;185500
0.641700;18161;185592
0.641800;18169;185704
0.641900;18176;185808
0.642000;18182;185897
0.642100;18189;185987
0.642200;18197;186087
0.642300;18203;186170
0.642400;18206;186228
0.642500;18214;186328
0.642600;18192;186439
0.642700;18196;186502
0.642800;18204;186610
0.642900;18208;186653
0.643000;18212;186715
0.643100;18215;186773
0.643200;18221;186867
0.643300;18226;186955
0.643400;18231;187037
0.643500;18238;187121
0.643600;18243;187206
0.643700;18252;187324
0.643800;18256;187404
0.643900;18266;187526
0.644000;18273;187635
0.644100;18279;187718
0.644200;18284;187803
0.644300;18290;187910
0.644400;18295;187973
0.644500;18302;188064
0.644600;18313;188204
0.644700;18321;188335
0.644800;18328;188446
0.644900;18332;188518
0.645000;18340;188598
0.645100;18347;188721
0.645200;18357;188859
0.645300;18364;188945
0.645400;18368;189028
0.645500;18375;189119
0.645600;18383;189215
0.645700;18386;189287
0.645800;18392;189372
0.645900;18397;189437
0.646000;18402;189511
0.646100;18408;189604
0.646200;18415;189687
0.646300;18422;189775
0.646400;18429;189875
0.646500;18436;189965
0.646600;18441;190045
0.646700;18488;190152
0.646800;18495;190246
0.646900;18503;190353
0.647000;18512;190469
0.647100;18518;190560
0.647200;18523;190649
0.647300;18526;190708
0.647400;18533;190787
0.647500;18540;190899
0.647600;18547;190988
0.647700;18556;191106
0.647800;18559;191143
0.647900;18567;191241
0.648000;18571;191312
0.648100;18579;191413
0.648200;18586;191505
0.648300;18590;191564
0.648400;18594;191637
0.648500;18599;191705
0.648600;18604;191796
0.648700;18609;191870
0.648800;18615;191990
0.648900;18628;192144
0.649000;18636;192254
0.649100;18642;192344
0.649200;18650;192460
0.649300;18655;192538
0.649400;18662;192625
0.649500;18667;192696
0.649600;18672;192778
0.649700;18676;192857
0.649800;18681;192936
0.649900;18688;193046
0.650000;18694;193133
0.650100;18698;193222
0.650200;18704;193316
0.650300;18709;193376
0.650400;18715;193473
0.650500;18718;193523
0.650600;18727;193644
0.650700;18728;193696
0.650800;18732;193769
0.650900;18737;193834
0.651000;18741;193896
0.651100;18755;194217
0.651200;18759;194276
0.651300;18766;194387
0.651400;18774;194483
0.651500;18780;194567
0.651600;18789;194684
0.651700;18794;194763
0.651800;18798;194844
0.651900;18807;194958
0.652000;18814;195053
0.652100;18818;195116
0.652200;18826;195218
0.652300;18835;195332
0.652400;18842;195426
0.652500;18848;195512
0.652600;18853;195602
0.652700;18856;195681
0.652800;18858;195735
0.652900;18864;195831
0.653000;18867;195904
0.653100;18876;196036
0.653200;18878;196092
0.653300;18886;196209
0.653400;18895;196337
0.653500;18902;196447
0.653600;18911;196553
0.653700;18917;196648
0.653800;18923;196723
0.653900;18928;196790
0.654000;18933;196875
0.654100;18938;196950
0.654200;18947;197078
0.654300;18953;197160
0.654400;18957;197266
0.654500;18967;197390
0.654600;18975;197503
0.654700;18979;197571
0.654800;18982;197639
0.654900;18987;197718
0.655000;18992;197797
0.655100;19001;197899
0.655200;18993;198571
0.655300;19001;198671
0.655400;19004;198731
0.655500;19010;198829
0.655600;19013;198896
0.655700;19019;198983
0.655800;19028;199098
0.655900;19034;199188
0.656000;19037;199264
0.656100;19043;199351
0.656200;19048;199443
0.656300;19051;199512
0.656400;19058;199607
0.656500;19062;199689
0.656600;19064;199745
0.656700;19072;199860
0.656800;19076;199938
0.656900;19082;200023
0.657000;19086;200090
0.657100;19091;200164
0.657200;19094;200222
0.657300;19097;200289
0.657400;19100;200336
0.657500;19103;200413
0.657600;19108;200499
0.657700;19113;200598
0.657800;19122;200695
0.657900;19128;200783
0.658000;19133;200857
0.658100;19141;200964
0.658200;19147;201063
0.658300;19160;201239
0.658400;19165;201321
0.658500;19170;201398
0.658600;19176;201478
0.658700;19180;201556
0.658800;19184;201611
0.658900;19193;201728
0.659000;19196;201793
0.659100;19181;200763
0.659200;19192;200890
0.659300;19196;200965
0.659400;19201;201048
0.659500;19209;201173
0.659600;19217;201262
0.659700;19222;201348
0.659800;19231;201454
0.659900;19240;201582
0.660000;19245;201665
0.660100;19250;201740
0.660200;19256;201837
0.660300;19263;201942
0.660400;19268;202022
0.660500;19270;202069
0.660600;19276;202168
0.660700;19278;202218
0.660800;19285;202302
0.660900;19292;202382
0.661000;19300;202489
0.661100;19315;202656
0.661200;19326;202782
0.661300;19333;202867
0.661400;19336;202931
0.661500;19343;203036
0.661600;19354;203176
0.661700;19357;203251
0.661800;19359;203307
0.661900;19361;203363
0.662000;19364;203418
0.662100;19368;203487
0.662200;19375;203593
0.662300;19382;203699
0.662400;19387;203778
0.662500;19394;203868
0.662600;19398;203931
0.662700;19403;203999
0.662800;19407;204073
0.662900;19416;204185
0.663000;19424;204306
0.663100;19429;204387
0.663200;19431;204442
0.663300;19435;204506
0.663400;19440;204602
0.663500;19444;204669
0.663600;19366;203959
0.663700;19376;204103
0.663800;19388;204250
0.663900;19391;204320
0.664000;19398;204439
0.664100;19401;204496
0.664200;19409;204597
0.664300;19411;204665
0.664400;19419;204769
0.664500;19428;204878
0.664600;19437;205012
0.664700;19442;205094
0.664800;19446;205175
0.664900;19449;205237
0.665000;19456;205329
0.665100;19464;205422
0.665200;19473;205530
0.665300;19479;205604
0.665400;19485;205701
0.665500;19491;205787
0.665600;19494;205846
0.665700;19502;205957
0.665800;19511;206097
0.665900;19514;206152
0.666000;19523;206264
0.666100;19530;206363
0.666200;19540;206500
0.666300;19547;206577
0.666400;19553;206664
0.666500;19561;206777
0.666600;19571;206901
0.666700;19576;206988
0.666800;19585;207106
0.666900;19591;207197
0.667000;19601;207337
0.667100;19604;207414
0.667200;19609;207487
0.667300;19615;207601
0.667400;19620;207669
0.667500;19626;207755
0.667600;19410;205503
0.667700;19418;205606
0.667800;19423;205683
0.667900;19431;205772
0.668000;19441;205899
0.668100;19447;205993
0.668200;19453;206096
0.668300;19461;206185
0.668400;19467;206282
0.668500;19472;206375
0.668600;19481;206504
0.668700;19487;206590
0.668800;19490;206646
0.668900;19494;206715
0.669000;19500;206797
0.669100;19507;206907
0.669200;19512;206989
0.669300;19515;207055
0.669400;19520;207150
0.669500;19525;207224
0.669600;19532;207322
0.669700;19540;207427
0.669800;19549;207537
0.669900;19556;207628
0.670000;19560;207692
0.670100;19567;207803
0.670200;19573;207890
0.670300;19582;208005
0.670400;19588;208098
0.670500;19598;208237
0.670600;19604;208318
0.670700;19610;208417
0.670800;19616;208524
0.670900;19626;208643
0.671000;19634;208764
0.671100;19636;208818
0.671200;19642;208902
0.671300;19648;208990
0.671400;19654;209077
0.671500;19660;209165
0.671600;19817;211327
0.671700;19822;211405
0.671800;19829;211515
0.671900;19838;211648
0.672000;19843;211742
0.672100;19845;211808
0.672200;19849;211884
0.672300;19851;211931
0.672400;19861;212051
0.672500;19871;212190
0.672600;19876;212277
0.672700;19882;212398
0.672800;19888;212485
0.672900;19896;212599
0.673000;19904;212715
0.673100;19910;212794
0.673200;19914;212853
0.673300;19917;212939
0.673400;19921;213015
0.673500;19924;213066
0.673600;19927;213129
0.673700;19933;213245
0.673800;19942;213374
0.673900;19948;213468
0.674000;19953;213550
0.674100;19958;213631
0.674200;19964;213701
0.674300;19968;213777
0.674400;19976;213901
0.674500;19983;213996
0.674600;19987;214082
0.674700;19990;214145
0.674800;19997;214248
0.674900;20004;214362
0.675000;20010;214457
0.675100;20017;214542
0.675200;20022;214620
0.675300;20028;214711
0.675400;20249;216776
0.675500;20258;216893
0.675600;20261;216952
0.675700;20266;217054
0.675800;20272;217152
0.675900;20278;217240
0.676000;20286;217354
0.676100;20294;217459
0.676200;20297;217524
0.676300;20303;217599
0.676400;20309;217682
0.676500;20315;217758
0.676600;20320;217852
0.676700;20326;217941
0.676800;20333;218036
0.676900;20337;218096
0.677000;20338;218154
0.677100;20347;218262
0.677200;20359;218433
0.677300;20364;218520
0.677400;20371;218630
0.677500;20378;218720
0.677600;20385;218812
0.677700;20388;218870
0.677800;20398;218987
0.677900;20404;219075
0.678000;20407;219138
0.678100;20413;219232
0.678200;20418;219316
0.678300;20424;219411
0.678400;20430;219505
0.678500;20434;219587
0.678600;20438;219675
0.678700;20442;219735
0.678800;20446;219785
0.678900;20452;219869
0.679000;20456;219945
0.679100;20460;220027
0.679200;20461;220067
0.679300;20397;219578
0.679400;20404;219688
0.679500;20408;219752
0.679600;20413;219829
0.679700;20418;219899
0.679800;20423;219987
0.679900;20430;220081
0.680000;20432;220131
0.680100;20438;220226
0.680200;20441;220295
0.680300;20445;220380
0.680400;20451;220474
0.680500;20458;220585
0.680600;20462;220661
0.680700;20467;220743
0.680800;20471;220818
0.680900;20477;220909
0.681000;20480;220979
0.681100;20488;221082
0.681200;20493;221173
0.681300;20494;221243
0.681400;20506;221385
0.681500;20511;221474
0.681600;20518;221575
0.681700;20525;221693
0.681800;20529;221776
0.681900;20535;221866
0.682000;20542;221963
0.682100;20544;222009
0.682200;20551;222105
0.682300;20556;222182
0.682400;20562;222273
0.682500;20567;222353
0.682600;20572;222443
0.682700;20576;222520
0.682800;20582;222601
0.682900;20587;222678
0.683000;20592;222752
0.683100;20601;222870
0.683200;20491;221949
0.683300;20495;222031
0.683400;20501;222134
0.683500;20508;222230
0.683600;20513;222319
0.683700;20519;222415
0.683800;20527;222515
0.683900;20528;222573
0.684000;20530;222639
0.684100;20540;222756
0.684200;20544;222832
0.684300;20547;222878
0.684400;20552;222962
0.684500;20556;223052
0.684600;20562;223152
0.684700;20567;223257
0.684800;20573;223357
0.684900;20581;223449
0.685000;20587;223530
0.685100;20593;223641
0.685200;20595;223701
0.685300;20602;223814
0.685400;20605;223875
0.685500;20611;223960
0.685600;20616;224035
0.685700;20621;224118
0.685800;20624;224189
0.685900;20628;224270
0.686000;20633;224363
0.686100;20638;224451
0.686200;20647;224579
0.686300;20654;224686
0.686400;20660;224798
0.686500;20662;224867
0.686600;20672;224999
0.686700;20676;225082
0.686800;20679;225146
0.686900;20687;225249
0.687000;20692;225348
0.687100;20695;225424
0.687200;20698;225489
0.687300;20876;227280
0.687400;20882;227386
0.687500;20886;227468
0.687600;20891;227548
0.687700;20900;227678
0.687800;20904;227749
0.687900;20909;227831
0.688000;20914;227929
0.688100;20917;228005
0.688200;20920;228070
0.688300;20923;228125
0.688400;20926;228195
0.688500;20932;228292
0.688600;20934;228341
0.688700;20936;228396
0.688800;20947;228522
0.688900;20952;228612
0.689000;20959;228711
0.689100;20964;228785
0.689200;20969;228873
0.689300;20974;228960
0.689400;20980;229080
0.689500;20984;229156
0.689600;20990;229244
0.689700;20994;229331
0.689800;21002;229459
0.689900;21007;229538
0.690000;21010;229609
0.690100;21015;229708
0.690200;21020;229784
0.690300;21023;229840
0.690400;21028;229949
0.690500;21032;230010
0.690600;21040;230106
0.690700;21043;230173
0.690800;21044;230224
0.690900;21048;230305
0.691000;21052;230378
0.691100;21057;230449
0.691200;21066;230580
0.691300;21073;230677
0.691400;21077;230746
0.691500;21080;230806
0.691600;21086;230901
0.691700;21094;231019
0.691800;21131;231340
0.691900;21139;231455
0.692000;21141;231520
0.692100;21145;231594
0.692200;21156;231728
0.692300;21156;231788
0.692400;21159;231847
0.692500;21166;231941
0.692600;21170;232028
0.692700;21174;232132
0.692800;21182;232246
0.692900;21185;232331
0.693000;21190;232416
0.693100;21195;232503
0.693200;21197;232564
0.693300;21203;232659
0.693400;21208;232737
0.693500;21210;232798
0.693600;21218;232937
0.693700;21222;233014
0.693800;21224;233065
0.693900;21230;233175
0.694000;21235;233258
0.694100;21240;233347
0.694200;21246;233425
0.694300;21252;233522
0.694400;21257;233619
0.694500;21263;233702
0.694600;21266;233761
0.694700;21270;233836
0.694800;21275;233939
0.694900;21280;234028
0.695000;21283;234099
0.695100;21287;234183
0.695200;21294;234290
0.695300;21298;234369
0.695400;21302;234430
0.695500;21305;234503
0.695600;21312;234618
0.695700;21309;234266
0.695800;21315;234359
0.695900;21321;234466
0.696000;21327;234555
0.696100;21330;234619
0.696200;21333;234703
0.696300;21338;234774
0.696400;21346;234881
0.696500;21348;234944
0.696600;21350;235003
0.696700;21358;235137
0.696800;21362;235218
0.696900;21366;235284
0.697000;21369;235345
0.697100;21372;235421
0.697200;21376;235498
0.697300;21383;235597
0.697400;21386;235664
0.697500;21393;235776
0.697600;21399;235870
0.697700;21403;235956
0.697800;21406;236021
0.697900;21407;236071
0.698000;21413;236158
0.698100;21415;236212
0.698200;21418;236277
0.698300;21418;236310
0.698400;21425;236409
0.698500;21428;236486
0.698600;21434;236577
0.698700;21438;236651
0.698800;21445;236762
0.698900;21451;236865
0.699000;21458;236981
0.699100;21463;237068
0.699200;21474;237212
0.699300;21477;237279
0.699400;21483;237367
0.699500;21488;237468
0.699600;21494;237557
0.699700;21498;237635
0.699800;21501;237698
0.699900;21506;237775
0.700000;21510;237845
0.710000;22002;246532
0.720000;22508;255580
0.730000;22792;262827
0.740000;23256;271897
0.750000;23663;280345
0.760000;24047;288792
0.770000;24416;297036
0.780000;24754;305121
0.790000;25059;312882
0.800000;25362;320827
0.810000;25633;328455
0.820000;25875;335882
0.830000;26062;342716
0.840000;26238;349530
0.850000;26390;355953
0.860000;26529;362191
0.870000;26631;368214
0.880000;26738;374339
0.890000;26803;379796
0.900000;26848;385218
0.910000;26892;390473
0.920000;26931;395590
0.930000;26961;400534
0.940000;26976;405247
0.950000;26986;409940
0.960000;26993;414420
0.970000;27000;418948
0.980000;27000;423400
0.990000;27000;427671
