L 64,p 0.583200,Z 100000
/* Tamanio de cluster; Ocurrencias de cada tamaño de cluster */
1;7856870
2;1723452
3;1038212
4;679395
5;476967
6;353448
7;274214
8;219832
9;179946
10;150215
11;127716
12;110889
13;96396
14;85293
15;75933
16;68096
17;61104
18;55203
19;50305
20;46711
21;42642
22;39350
23;36451
24;33725
25;31687
26;29413
27;27965
28;25786
29;24541
30;23272
31;21726
32;20534
33;19643
34;18649
35;17560
36;16940
37;15934
38;15471
39;14780
40;14178
41;13356
42;12777
43;12430
44;11839
45;11623
46;10992
47;10691
48;10230
49;9972
50;9666
51;9254
52;9106
53;8583
54;8471
55;8011
56;7939
57;7682
58;7462
59;7080
60;7056
61;6724
62;6680
63;6420
64;6307
65;6118
66;6090
67;5804
68;5728
69;5504
70;5524
71;5311
72;5218
73;5028
74;4962
75;4853
76;4826
77;4561
78;4469
79;4446
80;4281
81;4238
82;4017
83;4236
84;4079
85;3790
86;3816
87;3807
88;3765
89;3672
90;3617
91;3446
92;3450
93;3377
94;3272
95;3268
96;3167
97;3154
98;3120
99;2994
100;2905
101;2949
102;2843
103;2825
104;2657
105;2717
106;2676
107;2591
108;2618
109;2520
110;2455
111;2463
112;2469
113;2425
114;2356
115;2233
116;2252
117;2234
118;2311
119;2265
120;2067
121;2191
122;2075
123;2201
124;2052
125;2053
126;2058
127;1983
128;1970
129;1918
130;1932
131;1882
132;1923
133;1924
134;1861
135;1835
136;1803
137;1613
138;1602
139;1694
140;1679
141;1603
142;1604
143;1670
144;1555
145;1548
146;1544
147;1572
148;1491
149;1459
150;1594
151;1489
152;1544
153;1483
154;1477
155;1379
156;1407
157;1416
158;1424
159;1360
160;1324
161;1276
162;1274
163;1253
164;1244
165;1340
166;1239
167;1281
168;1224
169;1253
170;1228
171;1159
172;1259
173;1145
174;1142
175;1153
176;1136
177;1100
178;1168
179;1134
180;1143
181;1119
182;1085
183;1079
184;1065
185;1040
186;997
187;1012
188;1018
189;1003
190;1025
191;1017
192;1045
193;960
194;1013
195;912
196;954
197;993
198;912
199;908
200;962
201;918
202;919
203;920
204;910
205;859
206;941
207;875
208;886
209;865
210;886
211;855
212;825
213;827
214;801
215;781
216;806
217;809
218;783
219;767
220;807
221;786
222;790
223;764
224;747
225;761
226;783
227;721
228;765
229;810
230;787
231;739
232;732
233;714
234;714
235;767
236;682
237;699
238;732
239;637
240;676
241;698
242;652
243;681
244;637
245;648
246;682
247;670
248;664
249;603
250;623
251;663
252;644
253;627
254;640
255;656
256;655
257;619
258;632
259;593
260;610
261;594
262;567
263;577
264;591
265;606
266;603
267;544
268;587
269;612
270;552
271;586
272;574
273;544
274;544
275;555
276;546
277;573
278;580
279;533
280;520
281;496
282;497
283;512
284;522
285;538
286;540
287;520
288;521
289;500
290;488
291;475
292;457
293;496
294;491
295;492
296;466
297;451
298;482
299;493
300;425
301;491
302;478
303;434
304;454
305;480
306;468
307;512
308;440
309;434
310;457
311;464
312;462
313;482
314;479
315;424
316;390
317;453
318;428
319;441
320;460
321;416
322;445
323;422
324;401
325;425
326;443
327;394
328;380
329;357
330;421
331;397
332;378
333;424
334;415
335;405
336;381
337;403
338;383
339;386
340;401
341;393
342;394
343;376
344;362
345;384
346;379
347;386
348;383
349;345
350;382
351;371
352;364
353;359
354;364
355;341
356;380
357;350
358;332
359;347
360;387
361;372
362;369
363;329
364;375
365;337
366;355
367;363
368;350
369;336
370;347
371;341
372;345
373;321
374;298
375;350
376;336
377;321
378;307
379;334
380;353
381;316
382;312
383;320
384;342
385;286
386;307
387;279
388;341
389;294
390;306
391;294
392;303
393;300
394;307
395;323
396;302
397;317
398;309
399;314
400;282
401;298
402;299
403;278
404;284
405;260
406;298
407;279
408;286
409;298
410;310
411;303
412;277
413;273
414;308
415;269
416;282
417;259
418;286
419;273
420;286
421;268
422;263
423;259
424;283
425;280
426;293
427;248
428;258
429;228
430;225
431;254
432;278
433;284
434;258
435;249
436;263
437;231
438;251
439;246
440;253
441;272
442;260
443;251
444;219
445;240
446;237
447;253
448;229
449;256
450;268
451;224
452;244
453;243
454;228
455;253
456;225
457;263
458;252
459;226
460;243
461;259
462;256
463;220
464;229
465;219
466;243
467;228
468;231
469;232
470;247
471;215
472;257
473;176
474;220
475;221
476;221
477;246
478;223
479;213
480;206
481;212
482;225
483;212
484;238
485;198
486;189
487;180
488;231
489;214
490;227
491;208
492;195
493;189
494;185
495;229
496;208
497;211
498;200
499;198
500;200
501;206
502;210
503;190
504;202
505;224
506;193
507;200
508;190
509;217
510;199
511;198
512;218
513;205
514;198
515;188
516;181
517;200
518;163
519;175
520;182
521;178
522;180
523;190
524;195
525;170
526;191
527;177
528;172
529;192
530;203
531;186
532;180
533;193
534;173
535;185
536;181
537;178
538;175
539;182
540;170
541;175
542;163
543;181
544;176
545;173
546;201
547;183
548;176
549;167
550;176
551;187
552;168
553;169
554;161
555;148
556;193
557;165
558;161
559;148
560;173
561;171
562;170
563;166
564;162
565;161
566;167
567;156
568;146
569;153
570;163
571;154
572;175
573;167
574;150
575;155
576;157
577;193
578;155
579;160
580;171
581;175
582;147
583;167
584;178
585;147
586;178
587;174
588;139
589;129
590;148
591;147
592;147
593;163
594;132
595;157
596;149
597;128
598;161
599;154
600;146
601;130
602;152
603;140
604;136
605;146
606;152
607;152
608;121
609;141
610;134
611;154
612;148
613;144
614;125
615;136
616;131
617;135
618;133
619;131
620;156
621;146
622;131
623;146
624;137
625;142
626;148
627;114
628;152
629;130
630;139
631;130
632;146
633;143
634;131
635;171
636;127
637;128
638;141
639;126
640;142
641;132
642;114
643;130
644;132
645;146
646;124
647;156
648;130
649;122
650;143
651;139
652;119
653;133
654;133
655;141
656;139
657;133
658;120
659;125
660;118
661;126
662;125
663;104
664;142
665;134
666;100
667;128
668;121
669;127
670;126
671;123
672;138
673;126
674;139
675;121
676;124
677;128
678;111
679;89
680;121
681;126
682;124
683;102
684;108
685;116
686;107
687;112
688;131
689;118
690;113
691;112
692;120
693;111
694;118
695;119
696;114
697;119
698;117
699;111
700;109
701;111
702;114
703;121
704;124
705;129
706;108
707;100
708;113
709;113
710;117
711;107
712;114
713;99
714;106
715;116
716;107
717;109
718;108
719;98
720;109
721;105
722;106
723;127
724;105
725;106
726;98
727;119
728;92
729;126
730;118
731;109
732;123
733;116
734;96
735;99
736;102
737;108
738;102
739;99
740;102
741;80
742;103
743;119
744;111
745;85
746;115
747;103
748;90
749;96
750;85
751;106
752;98
753;83
754;109
755;86
756;100
757;84
758;95
759;94
760;99
761;86
762;83
763;90
764;84
765;84
766;90
767;100
768;97
769;111
770;120
771;106
772;94
773;98
774;92
775;97
776;90
777;94
778;87
779;99
780;78
781;74
782;79
783;82
784;74
785;91
786;84
787;83
788;89
789;91
790;80
791;103
792;85
793;73
794;85
795;83
796;83
797;99
798;93
799;96
800;84
801;92
802;88
803;86
804;86
805;98
806;83
807;89
808;80
809;69
810;75
811;89
812;66
813;86
814;93
815;96
816;75
817;73
818;89
819;93
820;97
821;81
822;82
823;80
824;100
825;85
826;80
827;84
828;94
829;69
830;82
831;69
832;80
833;66
834;71
835;74
836;67
837;80
838;84
839;74
840;64
841;82
842;70
843;73
844;86
845;72
846;84
847;81
848;105
849;80
850;60
851;73
852;87
853;75
854;65
855;87
856;78
857;80
858;71
859;89
860;64
861;79
862;63
863;74
864;75
865;75
866;62
867;72
868;94
869;66
870;87
871;86
872;79
873;67
874;86
875;68
876;75
877;74
878;74
879;76
880;74
881;79
882;72
883;77
884;68
885;70
886;73
887;77
888;89
889;75
890;87
891;81
892;65
893;78
894;76
895;64
896;86
897;72
898;58
899;76
900;61
901;66
902;73
903;69
904;62
905;71
906;65
907;70
908;79
909;72
910;64
911;67
912;53
913;64
914;42
915;64
916;69
917;67
918;68
919;54
920;50
921;57
922;63
923;62
924;67
925;67
926;71
927;57
928;64
929;63
930;54
931;70
932;54
933;61
934;48
935;77
936;59
937;60
938;63
939;63
940;66
941;67
942;51
943;79
944;53
945;70
946;58
947;63
948;53
949;60
950;65
951;59
952;53
953;62
954;51
955;46
956;48
957;57
958;64
959;61
960;43
961;62
962;64
963;57
964;53
965;72
966;79
967;46
968;64
969;61
970;55
971;66
972;45
973;60
974;56
975;56
976;53
977;64
978;46
979;51
980;46
981;51
982;55
983;65
984;59
985;49
986;61
987;57
988;66
989;64
990;43
991;46
992;53
993;37
994;61
995;45
996;41
997;51
998;63
999;52
1000;50
1001;50
1002;53
1003;59
1004;56
1005;54
1006;58
1007;54
1008;47
1009;59
1010;43
1011;60
1012;53
1013;40
1014;49
1015;62
1016;55
1017;43
1018;55
1019;44
1020;55
1021;56
1022;60
1023;45
1024;60
1025;53
1026;55
1027;47
1028;45
1029;62
1030;37
1031;50
1032;59
1033;38
1034;61
1035;35
1036;56
1037;45
1038;38
1039;44
1040;41
1041;51
1042;43
1043;50
1044;42
1045;61
1046;40
1047;54
1048;56
1049;51
1050;36
1051;51
1052;42
1053;47
1054;41
1055;46
1056;40
1057;47
1058;46
1059;47
1060;43
1061;32
1062;39
1063;45
1064;45
1065;44
1066;56
1067;51
1068;43
1069;37
1070;39
1071;46
1072;42
1073;42
1074;50
1075;46
1076;41
1077;48
1078;44
1079;41
1080;38
1081;49
1082;24
1083;57
1084;54
1085;39
1086;40
1087;39
1088;45
1089;43
1090;36
1091;39
1092;31
1093;41
1094;38
1095;25
1096;38
1097;45
1098;43
1099;32
1100;38
1101;30
1102;38
1103;31
1104;33
1105;41
1106;38
1107;37
1108;34
1109;46
1110;45
1111;38
1112;29
1113;47
1114;38
1115;31
1116;38
1117;41
1118;31
1119;36
1120;25
1121;34
1122;48
1123;44
1124;40
1125;39
1126;30
1127;32
1128;40
1129;38
1130;34
1131;43
1132;42
1133;31
1134;31
1135;33
1136;32
1137;33
1138;26
1139;32
1140;26
1141;37
1142;33
1143;37
1144;32
1145;27
1146;42
1147;41
1148;36
1149;27
1150;36
1151;33
1152;32
1153;36
1154;41
1155;29
1156;37
1157;29
1158;35
1159;29
1160;34
1161;28
1162;34
1163;24
1164;25
1165;36
1166;39
1167;28
1168;37
1169;34
1170;27
1171;33
1172;35
1173;30
1174;31
1175;34
1176;35
1177;44
1178;25
1179;26
1180;33
1181;20
1182;44
1183;35
1184;26
1185;31
1186;31
1187;35
1188;24
1189;33
1190;25
1191;32
1192;34
1193;24
1194;22
1195;35
1196;25
1197;28
1198;28
1199;25
1200;30
1201;30
1202;24
1203;31
1204;33
1205;30
1206;23
1207;25
1208;28
1209;38
1210;35
1211;29
1212;23
1213;29
1214;21
1215;34
1216;25
1217;18
1218;29
1219;41
1220;25
1221;29
1222;17
1223;26
1224;17
1225;26
1226;26
1227;31
1228;25
1229;25
1230;23
1231;24
1232;13
1233;17
1234;27
1235;19
1236;22
1237;21
1238;24
1239;23
1240;19
1241;18
1242;32
1243;31
1244;32
1245;30
1246;27
1247;18
1248;29
1249;22
1250;19
1251;20
1252;31
1253;19
1254;31
1255;16
1256;23
1257;32
1258;30
1259;22
1260;26
1261;30
1262;17
1263;19
1264;23
1265;17
1266;27
1267;27
1268;23
1269;18
1270;22
1271;25
1272;19
1273;22
1274;20
1275;18
1276;24
1277;23
1278;17
1279;21
1280;20
1281;15
1282;21
1283;22
1284;18
1285;27
1286;28
1287;16
1288;10
1289;25
1290;18
1291;23
1292;17
1293;19
1294;25
1295;22
1296;17
1297;22
1298;24
1299;16
1300;15
1301;16
1302;26
1303;14
1304;21
1305;14
1306;12
1307;23
1308;18
1309;19
1310;17
1311;28
1312;19
1313;14
1314;24
1315;23
1316;15
1317;17
1318;18
1319;12
1320;15
1321;23
1322;13
1323;14
1324;22
1325;16
1326;27
1327;24
1328;16
1329;18
1330;21
1331;17
1332;12
1333;19
1334;23
1335;27
1336;13
1337;24
1338;14
1339;15
1340;17
1341;16
1342;20
1343;24
1344;17
1345;14
1346;22
1347;15
1348;14
1349;16
1350;19
1351;12
1352;10
1353;14
1354;9
1355;12
1356;15
1357;16
1358;14
1359;21
1360;18
1361;21
1362;19
1363;15
1364;11
1365;15
1366;9
1367;15
1368;12
1369;15
1370;22
1371;20
1372;12
1373;16
1374;12
1375;3
1376;14
1377;21
1378;11
1379;10
1380;15
1381;13
1382;18
1383;18
1384;14
1385;21
1386;12
1387;12
1388;17
1389;12
1390;17
1391;14
1392;8
1393;17
1394;15
1395;7
1396;17
1397;11
1398;16
1399;9
1400;13
1401;11
1402;18
1403;11
1404;17
1405;14
1406;11
1407;11
1408;14
1409;13
1410;9
1411;14
1412;12
1413;14
1414;8
1415;14
1416;13
1417;13
1418;13
1419;13
1420;14
1421;13
1422;12
1423;11
1424;17
1425;11
1426;11
1427;12
1428;9
1429;8
1430;9
1431;15
1432;9
1433;13
1434;13
1435;11
1436;12
1437;7
1438;8
1439;12
1440;14
1441;9
1442;11
1443;12
1444;13
1445;14
1446;8
1447;5
1448;11
1449;4
1450;14
1451;10
1452;8
1453;12
1454;11
1455;10
1456;3
1457;12
1458;13
1459;7
1460;7
1461;6
1462;8
1463;5
1464;8
1465;7
1466;9
1467;6
1468;5
1469;9
1470;9
1471;9
1472;8
1473;6
1474;8
1475;3
1476;6
1477;7
1478;5
1479;17
1480;8
1481;8
1482;7
1483;10
1484;3
1485;4
1486;8
1487;8
1488;11
1489;10
1490;3
1491;6
1492;5
1493;7
1494;7
1495;11
1496;7
1497;7
1498;6
1499;8
1500;6
1501;5
1502;6
1503;4
1504;12
1505;6
1506;12
1507;10
1508;8
1509;7
1510;8
1511;3
1512;7
1513;8
1514;2
1515;5
1516;4
1517;6
1518;13
1519;3
1520;8
1521;4
1522;3
1523;5
1524;6
1525;5
1526;5
1527;7
1528;5
1529;3
1530;8
1531;4
1532;2
1533;5
1534;4
1535;4
1536;4
1537;8
1538;11
1539;3
1540;3
1541;7
1542;6
1543;7
1544;2
1545;8
1546;2
1547;5
1548;5
1549;3
1550;3
1551;3
1552;4
1553;6
1554;8
1555;3
1556;5
1557;6
1558;7
1559;8
1560;5
1561;3
1562;4
1563;7
1564;5
1565;1
1566;5
1567;6
1568;2
1569;4
1570;5
1571;1
1572;1
1573;4
1574;7
1575;5
1576;5
1577;5
1578;5
1579;5
1580;4
1581;3
1582;1
1583;6
1584;5
1585;0
1586;2
1587;4
1588;1
1589;1
1590;4
1591;5
1592;8
1593;4
1594;4
1595;4
1596;2
1597;1
1598;3
1599;3
1600;5
1601;3
1602;3
1603;2
1604;2
1605;2
1606;1
1607;2
1608;2
1609;5
1610;4
1611;2
1612;3
1613;4
1614;4
1615;1
1616;3
1617;2
1618;2
1619;3
1620;2
1621;4
1622;5
1623;3
1624;1
1625;3
1626;4
1627;2
1628;2
1629;0
1630;1
1631;3
1632;4
1633;0
1634;2
1635;2
1636;1
1637;4
1638;1
1639;1
1640;2
1641;3
1642;2
1643;2
1644;5
1645;0
1646;1
1647;3
1648;2
1649;2
1650;4
1651;1
1652;0
1653;3
1654;4
1655;1
1656;0
1657;0
1658;3
1659;4
1660;2
1661;1
1662;1
1663;1
1664;0
1665;2
1666;3
1667;0
1668;4
1669;1
1670;4
1671;0
1672;3
1673;1
1674;2
1675;4
1676;2
1677;1
1678;1
1679;4
1680;2
1681;4
1682;1
1683;0
1684;3
1685;1
1686;2
1687;1
1688;1
1689;0
1690;0
1691;0
1692;1
1693;0
1694;1
1695;1
1696;0
1697;1
1698;0
1699;1
1700;1
1701;0
1702;2
1703;1
1704;2
1705;1
1706;1
1707;0
1708;2
1709;1
1710;3
1711;0
1712;0
1713;1
1714;1
1715;2
1716;1
1717;2
1718;1
1719;1
1720;2
1721;4
1722;1
1723;1
1724;1
1725;0
1726;0
1727;0
1728;0
1729;0
1730;1
1731;0
1732;1
1733;1
1734;2
1735;0
1736;0
1737;2
1738;1
1739;0
1740;0
1741;0
1742;1
1743;0
1744;1
1745;0
1746;1
1747;0
1748;0
1749;1
1750;2
1751;1
1752;1
1753;0
1754;0
1755;0
1756;0
1757;0
1758;0
1759;1
1760;0
1761;1
1762;1
1763;0
1764;0
1765;0
1766;1
1767;1
1768;1
1769;1
1770;0
1771;0
1772;0
1773;2
1774;0
1775;0
1776;0
1777;0
1778;1
1779;0
1780;0
1781;0
1782;0
1783;0
1784;1
1785;0
1786;1
1787;0
1788;1
1789;0
1790;1
1791;0
1792;0
1793;0
1794;1
1795;1
1796;0
1797;0
1798;0
1799;1
1800;0
1801;1
1802;1
1803;0
1804;0
1805;0
1806;1
1807;0
1808;1
1809;1
1810;0
1811;0
1812;0
1813;0
1814;2
1815;0
1816;0
1817;0
1818;0
1819;1
1820;0
1821;0
1822;0
1823;0
1824;1
1825;0
1826;0
1827;0
1828;0
1829;0
1830;0
1831;0
1832;0
1833;1
1834;0
1835;1
1836;1
1837;0
1838;0
1839;0
1840;0
1841;0
1842;0
1843;0
1844;0
1845;1
1846;0
1847;0
1848;0
1849;0
1850;0
1851;0
1852;0
1853;1
1854;0
1855;0
1856;0
1857;0
1858;0
1859;0
1860;0
1861;1
1862;0
1863;0
1864;0
1865;0
1866;0
1867;0
1868;0
1869;0
1870;0
1871;0
1872;0
1873;0
1874;0
1875;0
1876;0
1877;0
1878;0
1879;0
1880;0
1881;0
1882;0
1883;0
1884;0
1885;0
1886;0
1887;0
1888;0
1889;1
1890;1
1891;0
1892;0
1893;0
1894;0
1895;0
1896;1
1897;0
1898;0
1899;0
1900;0
1901;0
1902;0
1903;0
1904;0
1905;0
1906;1
1907;0
1908;0
1909;0
1910;0
1911;0
1912;0
1913;0
1914;0
1915;0
1916;0
1917;0
1918;1
1919;0
1920;0
1921;0
1922;0
1923;0
1924;0
1925;0
1926;0
1927;0
1928;0
1929;0
1930;0
1931;0
1932;0
1933;0
1934;0
1935;0
1936;0
1937;0
1938;0
1939;0
1940;0
1941;0
1942;0
1943;0
1944;0
1945;0
1946;0
1947;0
1948;0
1949;0
1950;0
1951;0
1952;0
1953;0
1954;0
1955;0
1956;0
1957;0
1958;0
1959;0
1960;0
1961;0
1962;0
1963;0
1964;0
1965;0
1966;0
1967;0
1968;0
1969;0
1970;0
1971;0
1972;0
1973;0
1974;0
1975;0
1976;0
1977;0
1978;0
1979;0
1980;0
1981;0
1982;0
1983;0
1984;0
1985;0
1986;0
1987;0
1988;0
1989;0
1990;0
1991;0
1992;0
1993;0
1994;0
1995;0
1996;0
1997;0
1998;0
1999;0
2000;0
2001;0
2002;0
2003;0
2004;0
2005;0
2006;0
2007;0
2008;0
2009;0
2010;0
2011;0
2012;0
2013;0
2014;0
2015;0
2016;0
2017;0
2018;1
2019;0
2020;0
2021;0
2022;0
2023;0
2024;0
2025;0
2026;0
2027;0
2028;0
2029;0
2030;0
2031;0
2032;0
2033;0
2034;0
2035;0
2036;0
2037;0
2038;0
2039;0
2040;0
2041;0
2042;0
2043;0
2044;0
2045;0
2046;0
2047;0
2048;0
2049;0
2050;0
2051;0
2052;0
2053;0
2054;0
2055;0
2056;0
2057;0
2058;0
2059;0
2060;0
2061;0
2062;0
2063;0
2064;0
2065;0
2066;0
2067;0
2068;0
2069;0
2070;0
2071;0
2072;0
2073;0
2074;0
2075;0
2076;0
2077;0
2078;0
2079;0
2080;0
2081;0
2082;0
2083;0
2084;0
2085;0
2086;0
2087;0
2088;0
2089;0
2090;0
2091;0
2092;0
2093;0
2094;0
2095;0
2096;0
2097;0
2098;0
2099;0
2100;0
2101;0
2102;0
2103;0
2104;0
2105;0
2106;0
2107;0
2108;0
2109;0
2110;0
2111;0
2112;0
2113;0
2114;0
2115;0
2116;0
2117;0
2118;0
2119;0
2120;0
2121;0
2122;0
2123;0
2124;0
2125;0
2126;0
2127;0
2128;0
2129;0
2130;0
2131;0
2132;0
2133;0
2134;0
2135;0
2136;0
2137;0
2138;0
2139;0
2140;0
2141;0
2142;0
2143;0
2144;0
2145;0
2146;0
2147;0
2148;0
2149;0
2150;0
2151;0
2152;0
2153;0
2154;0
2155;0
2156;0
2157;0
2158;0
2159;0
2160;0
2161;0
2162;0
2163;0
2164;0
2165;0
2166;0
2167;0
2168;0
2169;0
2170;0
2171;0
2172;0
2173;0
2174;0
2175;0
2176;0
2177;0
2178;0
2179;0
2180;0
2181;0
2182;0
2183;0
2184;0
2185;0
2186;0
2187;0
2188;0
2189;0
2190;0
2191;0
2192;0
2193;0
2194;0
2195;0
2196;0
2197;0
2198;0
2199;0
2200;0
2201;0
2202;0
2203;0
2204;0
2205;0
2206;0
2207;0
2208;0
2209;0
2210;0
2211;0
2212;0
2213;0
2214;0
2215;0
2216;0
2217;0
2218;0
2219;0
2220;0
2221;0
2222;0
2223;0
2224;0
2225;0
2226;0
2227;0
2228;0
2229;0
2230;0
2231;0
2232;0
2233;0
2234;0
2235;0
2236;0
2237;0
2238;0
2239;0
2240;0
2241;0
2242;0
2243;0
2244;0
2245;0
2246;0
2247;0
2248;0
2249;0
2250;0
2251;0
2252;0
2253;0
2254;0
2255;0
2256;0
2257;0
2258;0
2259;0
2260;0
2261;0
2262;0
2263;0
2264;0
2265;0
2266;0
2267;0
2268;0
2269;0
2270;0
2271;0
2272;0
2273;0
2274;0
2275;0
2276;0
2277;0
2278;0
2279;0
2280;0
2281;0
2282;0
2283;0
2284;0
2285;0
2286;0
2287;0
2288;0
2289;0
2290;0
2291;0
2292;0
2293;0
2294;0
2295;0
2296;0
2297;0
2298;0
2299;0
2300;0
2301;0
2302;0
2303;0
2304;0
2305;0
2306;0
2307;0
2308;0
2309;0
2310;0
2311;0
2312;0
2313;0
2314;0
2315;0
2316;0
2317;0
2318;0
2319;0
2320;0
2321;0
2322;0
2323;0
2324;0
2325;0
2326;0
2327;0
2328;0
2329;0
2330;0
2331;0
2332;0
2333;0
2334;0
2335;0
2336;0
2337;0
2338;0
2339;0
2340;0
2341;0
2342;0
2343;0
2344;0
2345;0
2346;0
2347;0
2348;0
2349;0
2350;0
2351;0
2352;0
2353;0
2354;0
2355;0
2356;0
2357;0
2358;0
2359;0
2360;0
2361;0
2362;0
2363;0
2364;0
2365;0
2366;0
2367;0
2368;0
2369;0
2370;0
2371;0
2372;0
2373;0
2374;0
2375;0
2376;0
2377;0
2378;0
2379;0
2380;0
2381;0
2382;0
2383;0
2384;0
2385;0
2386;0
2387;0
2388;0
2389;0
2390;0
2391;0
2392;0
2393;0
2394;0
2395;0
2396;0
2397;0
2398;0
2399;0
2400;0
2401;0
2402;0
2403;0
2404;0
2405;0
2406;0
2407;0
2408;0
2409;0
2410;0
2411;0
2412;0
2413;0
2414;0
2415;0
2416;0
2417;0
2418;0
2419;0
2420;0
2421;0
2422;0
2423;0
2424;0
2425;0
2426;0
2427;0
2428;0
2429;0
2430;0
2431;0
2432;0
2433;0
2434;0
2435;0
2436;0
2437;0
2438;0
2439;0
2440;0
2441;0
2442;0
2443;0
2444;0
2445;0
2446;0
2447;0
2448;0
2449;0
2450;0
2451;0
2452;0
2453;0
2454;0
2455;0
2456;0
2457;0
2458;0
2459;0
2460;0
2461;0
2462;0
2463;0
2464;0
2465;0
2466;0
2467;0
2468;0
2469;0
2470;0
2471;0
2472;0
2473;0
2474;0
2475;0
2476;0
2477;0
2478;0
2479;0
2480;0
2481;0
2482;0
2483;0
2484;0
2485;0
2486;0
2487;0
2488;0
2489;0
2490;0
2491;0
2492;0
2493;0
2494;0
2495;0
2496;0
2497;0
2498;0
2499;0
2500;0
2501;0
2502;0
2503;0
2504;0
2505;0
2506;0
2507;0
2508;0
2509;0
2510;0
2511;0
2512;0
2513;0
2514;0
2515;0
2516;0
2517;0
2518;0
2519;0
2520;0
2521;0
2522;0
2523;0
2524;0
2525;0
2526;0
2527;0
2528;0
2529;0
2530;0
2531;0
2532;0
2533;0
2534;0
2535;0
2536;0
2537;0
2538;0
2539;0
2540;0
2541;0
2542;0
2543;0
2544;0
2545;0
2546;0
2547;0
2548;0
2549;0
2550;0
2551;0
2552;0
2553;0
2554;0
2555;0
2556;0
2557;0
2558;0
2559;0
2560;0
2561;0
2562;0
2563;0
2564;0
2565;0
2566;0
2567;0
2568;0
2569;0
2570;0
2571;0
2572;0
2573;0
2574;0
2575;0
2576;0
2577;0
2578;0
2579;0
2580;0
2581;0
2582;0
2583;0
2584;0
2585;0
2586;0
2587;0
2588;0
2589;0
2590;0
2591;0
2592;0
2593;0
2594;0
2595;0
2596;0
2597;0
2598;0
2599;0
2600;0
2601;0
2602;0
2603;0
2604;0
2605;0
2606;0
2607;0
2608;0
2609;0
2610;0
2611;0
2612;0
2613;0
2614;0
2615;0
2616;0
2617;0
2618;0
2619;0
2620;0
2621;0
2622;0
2623;0
2624;0
2625;0
2626;0
2627;0
2628;0
2629;0
2630;0
2631;0
2632;0
2633;0
2634;0
2635;0
2636;0
2637;0
2638;0
2639;0
2640;0
2641;0
2642;0
2643;0
2644;0
2645;0
2646;0
2647;0
2648;0
2649;0
2650;0
2651;0
2652;0
2653;0
2654;0
2655;0
2656;0
2657;0
2658;0
2659;0
2660;0
2661;0
2662;0
2663;0
2664;0
2665;0
2666;0
2667;0
2668;0
2669;0
2670;0
2671;0
2672;0
2673;0
2674;0
2675;0
2676;0
2677;0
2678;0
2679;0
2680;0
2681;0
2682;0
2683;0
2684;0
2685;0
2686;0
2687;0
2688;0
2689;0
2690;0
2691;0
2692;0
2693;0
2694;0
2695;0
2696;0
2697;0
2698;0
2699;0
2700;0
2701;0
2702;0
2703;0
2704;0
2705;0
2706;0
2707;0
2708;0
2709;0
2710;0
2711;0
2712;0
2713;0
2714;0
2715;0
2716;0
2717;0
2718;0
2719;0
2720;0
2721;0
2722;0
2723;0
2724;0
2725;0
2726;0
2727;0
2728;0
2729;0
2730;0
2731;0
2732;0
2733;0
2734;0
2735;0
2736;0
2737;0
2738;0
2739;0
2740;0
2741;0
2742;0
2743;0
2744;0
2745;0
2746;0
2747;0
2748;0
2749;0
2750;0
2751;0
2752;0
2753;0
2754;0
2755;0
2756;0
2757;0
2758;0
2759;0
2760;0
2761;0
2762;0
2763;0
2764;0
2765;0
2766;0
2767;0
2768;0
2769;0
2770;0
2771;0
2772;0
2773;0
2774;0
2775;0
2776;0
2777;0
2778;0
2779;0
2780;0
2781;0
2782;0
2783;0
2784;0
2785;0
2786;0
2787;0
2788;0
2789;0
2790;0
2791;0
2792;0
2793;0
2794;0
2795;0
2796;0
2797;0
2798;0
2799;0
2800;0
2801;0
2802;0
2803;0
2804;0
2805;0
2806;0
2807;0
2808;0
2809;0
2810;0
2811;0
2812;0
2813;0
2814;0
2815;0
2816;0
2817;0
2818;0
2819;0
2820;0
2821;0
2822;0
2823;0
2824;0
2825;0
2826;0
2827;0
2828;0
2829;0
2830;0
2831;0
2832;0
2833;0
2834;0
2835;0
2836;0
2837;0
2838;0
2839;0
2840;0
2841;0
2842;0
2843;0
2844;0
2845;0
2846;0
2847;0
2848;0
2849;0
2850;0
2851;0
2852;0
2853;0
2854;0
2855;0
2856;0
2857;0
2858;0
2859;0
2860;0
2861;0
2862;0
2863;0
2864;0
2865;0
2866;0
2867;0
2868;0
2869;0
2870;0
2871;0
2872;0
2873;0
2874;0
2875;0
2876;0
2877;0
2878;0
2879;0
2880;0
2881;0
2882;0
2883;0
2884;0
2885;0
2886;0
2887;0
2888;0
2889;0
2890;0
2891;0
2892;0
2893;0
2894;0
2895;0
2896;0
2897;0
2898;0
2899;0
2900;0
2901;0
2902;0
2903;0
2904;0
2905;0
2906;0
2907;0
2908;0
2909;0
2910;0
2911;0
2912;0
2913;0
2914;0
2915;0
2916;0
2917;0
2918;0
2919;0
2920;0
2921;0
2922;0
2923;0
2924;0
2925;0
2926;0
2927;0
2928;0
2929;0
2930;0
2931;0
2932;0
2933;0
2934;0
2935;0
2936;0
2937;0
2938;0
2939;0
2940;0
2941;0
2942;0
2943;0
2944;0
2945;0
2946;0
2947;0
2948;0
2949;0
2950;0
2951;0
2952;0
2953;0
2954;0
2955;0
2956;0
2957;0
2958;0
2959;0
2960;0
2961;0
2962;0
2963;0
2964;0
2965;0
2966;0
2967;0
2968;0
2969;0
2970;0
2971;0
2972;0
2973;0
2974;0
2975;0
2976;0
2977;0
2978;0
2979;0
2980;0
2981;0
2982;0
2983;0
2984;0
2985;0
2986;0
2987;0
2988;0
2989;0
2990;0
2991;0
2992;0
2993;0
2994;0
2995;0
2996;0
2997;0
2998;0
2999;0
3000;0
3001;0
3002;0
3003;0
3004;0
3005;0
3006;0
3007;0
3008;0
3009;0
3010;0
3011;0
3012;0
3013;0
3014;0
3015;0
3016;0
3017;0
3018;0
3019;0
3020;0
3021;0
3022;0
3023;0
3024;0
3025;0
3026;0
3027;0
3028;0
3029;0
3030;0
3031;0
3032;0
3033;0
3034;0
3035;0
3036;0
3037;0
3038;0
3039;0
3040;0
3041;0
3042;0
3043;0
3044;0
3045;0
3046;0
3047;0
3048;0
3049;0
3050;0
3051;0
3052;0
3053;0
3054;0
3055;0
3056;0
3057;0
3058;0
3059;0
3060;0
3061;0
3062;0
3063;0
3064;0
3065;0
3066;0
3067;0
3068;0
3069;0
3070;0
3071;0
3072;0
3073;0
3074;0
3075;0
3076;0
3077;0
3078;0
3079;0
3080;0
3081;0
3082;0
3083;0
3084;0
3085;0
3086;0
3087;0
3088;0
3089;0
3090;0
3091;0
3092;0
3093;0
3094;0
3095;0
3096;0
3097;0
3098;0
3099;0
3100;0
3101;0
3102;0
3103;0
3104;0
3105;0
3106;0
3107;0
3108;0
3109;0
3110;0
3111;0
3112;0
3113;0
3114;0
3115;0
3116;0
3117;0
3118;0
3119;0
3120;0
3121;0
3122;0
3123;0
3124;0
3125;0
3126;0
3127;0
3128;0
3129;0
3130;0
3131;0
3132;0
3133;0
3134;0
3135;0
3136;0
3137;0
3138;0
3139;0
3140;0
3141;0
3142;0
3143;0
3144;0
3145;0
3146;0
3147;0
3148;0
3149;0
3150;0
3151;0
3152;0
3153;0
3154;0
3155;0
3156;0
3157;0
3158;0
3159;0
3160;0
3161;0
3162;0
3163;0
3164;0
3165;0
3166;0
3167;0
3168;0
3169;0
3170;0
3171;0
3172;0
3173;0
3174;0
3175;0
3176;0
3177;0
3178;0
3179;0
3180;0
3181;0
3182;0
3183;0
3184;0
3185;0
3186;0
3187;0
3188;0
3189;0
3190;0
3191;0
3192;0
3193;0
3194;0
3195;0
3196;0
3197;0
3198;0
3199;0
3200;0
3201;0
3202;0
3203;0
3204;0
3205;0
3206;0
3207;0
3208;0
3209;0
3210;0
3211;0
3212;0
3213;0
3214;0
3215;0
3216;0
3217;0
3218;0
3219;0
3220;0
3221;0
3222;0
3223;0
3224;0
3225;0
3226;0
3227;0
3228;0
3229;0
3230;0
3231;0
3232;0
3233;0
3234;0
3235;0
3236;0
3237;0
3238;0
3239;0
3240;0
3241;0
3242;0
3243;0
3244;0
3245;0
3246;0
3247;0
3248;0
3249;0
3250;0
3251;0
3252;0
3253;0
3254;0
3255;0
3256;0
3257;0
3258;0
3259;0
3260;0
3261;0
3262;0
3263;0
3264;0
3265;0
3266;0
3267;0
3268;0
3269;0
3270;0
3271;0
3272;0
3273;0
3274;0
3275;0
3276;0
3277;0
3278;0
3279;0
3280;0
3281;0
3282;0
3283;0
3284;0
3285;0
3286;0
3287;0
3288;0
3289;0
3290;0
3291;0
3292;0
3293;0
3294;0
3295;0
3296;0
3297;0
3298;0
3299;0
3300;0
3301;0
3302;0
3303;0
3304;0
3305;0
3306;0
3307;0
3308;0
3309;0
3310;0
3311;0
3312;0
3313;0
3314;0
3315;0
3316;0
3317;0
3318;0
3319;0
3320;0
3321;0
3322;0
3323;0
3324;0
3325;0
3326;0
3327;0
3328;0
3329;0
3330;0
3331;0
3332;0
3333;0
3334;0
3335;0
3336;0
3337;0
3338;0
3339;0
3340;0
3341;0
3342;0
3343;0
3344;0
3345;0
3346;0
3347;0
3348;0
3349;0
3350;0
3351;0
3352;0
3353;0
3354;0
3355;0
3356;0
3357;0
3358;0
3359;0
3360;0
3361;0
3362;0
3363;0
3364;0
3365;0
3366;0
3367;0
3368;0
3369;0
3370;0
3371;0
3372;0
3373;0
3374;0
3375;0
3376;0
3377;0
3378;0
3379;0
3380;0
3381;0
3382;0
3383;0
3384;0
3385;0
3386;0
3387;0
3388;0
3389;0
3390;0
3391;0
3392;0
3393;0
3394;0
3395;0
3396;0
3397;0
3398;0
3399;0
3400;0
3401;0
3402;0
3403;0
3404;0
3405;0
3406;0
3407;0
3408;0
3409;0
3410;0
3411;0
3412;0
3413;0
3414;0
3415;0
3416;0
3417;0
3418;0
3419;0
3420;0
3421;0
3422;0
3423;0
3424;0
3425;0
3426;0
3427;0
3428;0
3429;0
3430;0
3431;0
3432;0
3433;0
3434;0
3435;0
3436;0
3437;0
3438;0
3439;0
3440;0
3441;0
3442;0
3443;0
3444;0
3445;0
3446;0
3447;0
3448;0
3449;0
3450;0
3451;0
3452;0
3453;0
3454;0
3455;0
3456;0
3457;0
3458;0
3459;0
3460;0
3461;0
3462;0
3463;0
3464;0
3465;0
3466;0
3467;0
3468;0
3469;0
3470;0
3471;0
3472;0
3473;0
3474;0
3475;0
3476;0
3477;0
3478;0
3479;0
3480;0
3481;0
3482;0
3483;0
3484;0
3485;0
3486;0
3487;0
3488;0
3489;0
3490;0
3491;0
3492;0
3493;0
3494;0
3495;0
3496;0
3497;0
3498;0
3499;0
3500;0
3501;0
3502;0
3503;0
3504;0
3505;0
3506;0
3507;0
3508;0
3509;0
3510;0
3511;0
3512;0
3513;0
3514;0
3515;0
3516;0
3517;0
3518;0
3519;0
3520;0
3521;0
3522;0
3523;0
3524;0
3525;0
3526;0
3527;0
3528;0
3529;0
3530;0
3531;0
3532;0
3533;0
3534;0
3535;0
3536;0
3537;0
3538;0
3539;0
3540;0
3541;0
3542;0
3543;0
3544;0
3545;0
3546;0
3547;0
3548;0
3549;0
3550;0
3551;0
3552;0
3553;0
3554;0
3555;0
3556;0
3557;0
3558;0
3559;0
3560;0
3561;0
3562;0
3563;0
3564;0
3565;0
3566;0
3567;0
3568;0
3569;0
3570;0
3571;0
3572;0
3573;0
3574;0
3575;0
3576;0
3577;0
3578;0
3579;0
3580;0
3581;0
3582;0
3583;0
3584;0
3585;0
3586;0
3587;0
3588;0
3589;0
3590;0
3591;0
3592;0
3593;0
3594;0
3595;0
3596;0
3597;0
3598;0
3599;0
3600;0
3601;0
3602;0
3603;0
3604;0
3605;0
3606;0
3607;0
3608;0
3609;0
3610;0
3611;0
3612;0
3613;0
3614;0
3615;0
3616;0
3617;0
3618;0
3619;0
3620;0
3621;0
3622;0
3623;0
3624;0
3625;0
3626;0
3627;0
3628;0
3629;0
3630;0
3631;0
3632;0
3633;0
3634;0
3635;0
3636;0
3637;0
3638;0
3639;0
3640;0
3641;0
3642;0
3643;0
3644;0
3645;0
3646;0
3647;0
3648;0
3649;0
3650;0
3651;0
3652;0
3653;0
3654;0
3655;0
3656;0
3657;0
3658;0
3659;0
3660;0
3661;0
3662;0
3663;0
3664;0
3665;0
3666;0
3667;0
3668;0
3669;0
3670;0
3671;0
3672;0
3673;0
3674;0
3675;0
3676;0
3677;0
3678;0
3679;0
3680;0
3681;0
3682;0
3683;0
3684;0
3685;0
3686;0
3687;0
3688;0
3689;0
3690;0
3691;0
3692;0
3693;0
3694;0
3695;0
3696;0
3697;0
3698;0
3699;0
3700;0
3701;0
3702;0
3703;0
3704;0
3705;0
3706;0
3707;0
3708;0
3709;0
3710;0
3711;0
3712;0
3713;0
3714;0
3715;0
3716;0
3717;0
3718;0
3719;0
3720;0
3721;0
3722;0
3723;0
3724;0
3725;0
3726;0
3727;0
3728;0
3729;0
3730;0
3731;0
3732;0
3733;0
3734;0
3735;0
3736;0
3737;0
3738;0
3739;0
3740;0
3741;0
3742;0
3743;0
3744;0
3745;0
3746;0
3747;0
3748;0
3749;0
3750;0
3751;0
3752;0
3753;0
3754;0
3755;0
3756;0
3757;0
3758;0
3759;0
3760;0
3761;0
3762;0
3763;0
3764;0
3765;0
3766;0
3767;0
3768;0
3769;0
3770;0
3771;0
3772;0
3773;0
3774;0
3775;0
3776;0
3777;0
3778;0
3779;0
3780;0
3781;0
3782;0
3783;0
3784;0
3785;0
3786;0
3787;0
3788;0
3789;0
3790;0
3791;0
3792;0
3793;0
3794;0
3795;0
3796;0
3797;0
3798;0
3799;0
3800;0
3801;0
3802;0
3803;0
3804;0
3805;0
3806;0
3807;0
3808;0
3809;0
3810;0
3811;0
3812;0
3813;0
3814;0
3815;0
3816;0
3817;0
3818;0
3819;0
3820;0
3821;0
3822;0
3823;0
3824;0
3825;0
3826;0
3827;0
3828;0
3829;0
3830;0
3831;0
3832;0
3833;0
3834;0
3835;0
3836;0
3837;0
3838;0
3839;0
3840;0
3841;0
3842;0
3843;0
3844;0
3845;0
3846;0
3847;0
3848;0
3849;0
3850;0
3851;0
3852;0
3853;0
3854;0
3855;0
3856;0
3857;0
3858;0
3859;0
3860;0
3861;0
3862;0
3863;0
3864;0
3865;0
3866;0
3867;0
3868;0
3869;0
3870;0
3871;0
3872;0
3873;0
3874;0
3875;0
3876;0
3877;0
3878;0
3879;0
3880;0
3881;0
3882;0
3883;0
3884;0
3885;0
3886;0
3887;0
3888;0
3889;0
3890;0
3891;0
3892;0
3893;0
3894;0
3895;0
3896;0
3897;0
3898;0
3899;0
3900;0
3901;0
3902;0
3903;0
3904;0
3905;0
3906;0
3907;0
3908;0
3909;0
3910;0
3911;0
3912;0
3913;0
3914;0
3915;0
3916;0
3917;0
3918;0
3919;0
3920;0
3921;0
3922;0
3923;0
3924;0
3925;0
3926;0
3927;0
3928;0
3929;0
3930;0
3931;0
3932;0
3933;0
3934;0
3935;0
3936;0
3937;0
3938;0
3939;0
3940;0
3941;0
3942;0
3943;0
3944;0
3945;0
3946;0
3947;0
3948;0
3949;0
3950;0
3951;0
3952;0
3953;0
3954;0
3955;0
3956;0
3957;0
3958;0
3959;0
3960;0
3961;0
3962;0
3963;0
3964;0
3965;0
3966;0
3967;0
3968;0
3969;0
3970;0
3971;0
3972;0
3973;0
3974;0
3975;0
3976;0
3977;0
3978;0
3979;0
3980;0
3981;0
3982;0
3983;0
3984;0
3985;0
3986;0
3987;0
3988;0
3989;0
3990;0
3991;0
3992;0
3993;0
3994;0
3995;0
3996;0
3997;0
3998;0
3999;0
4000;0
4001;0
4002;0
4003;0
4004;0
4005;0
4006;0
4007;0
4008;0
4009;0
4010;0
4011;0
4012;0
4013;0
4014;0
4015;0
4016;0
4017;0
4018;0
4019;0
4020;0
4021;0
4022;0
4023;0
4024;0
4025;0
4026;0
4027;0
4028;0
4029;0
4030;0
4031;0
4032;0
4033;0
4034;0
4035;0
4036;0
4037;0
4038;0
4039;0
4040;0
4041;0
4042;0
4043;0
4044;0
4045;0
4046;0
4047;0
4048;0
4049;0
4050;0
4051;0
4052;0
4053;0
4054;0
4055;0
4056;0
4057;0
4058;0
4059;0
4060;0
4061;0
4062;0
4063;0
4064;0
4065;0
4066;0
4067;0
4068;0
4069;0
4070;0
4071;0
4072;0
4073;0
4074;0
4075;0
4076;0
4077;0
4078;0
4079;0
4080;0
4081;0
4082;0
4083;0
4084;0
4085;0
4086;0
4087;0
4088;0
4089;0
4090;0
4091;0
4092;0
4093;0
4094;0
4095;0
4096;0
