L 64,p 0.585100,Z 100000
/* Tamanio de cluster; Ocurrencias de cada tamaño de cluster */
1;7744430
2;1693154
3;1019667
4;665481
5;466078
6;344894
7;266685
8;213599
9;174947
10;146685
11;125259
12;107964
13;93980
14;82328
15;73778
16;65633
17;58890
18;53700
19;49156
20;44664
21;41036
22;38039
23;35195
24;32487
25;30675
26;28440
27;26822
28;24955
29;23562
30;21990
31;21180
32;19754
33;18980
34;17879
35;17288
36;16199
37;15566
38;14881
39;14329
40;13559
41;13033
42;12447
43;11956
44;11345
45;11082
46;10497
47;10136
48;9897
49;9457
50;9180
51;9036
52;8636
53;8372
54;8167
55;7664
56;7544
57;7361
58;7203
59;6914
60;6802
61;6467
62;6488
63;6125
64;6195
65;5857
66;5749
67;5678
68;5440
69;5290
70;5160
71;5037
72;4900
73;4777
74;4709
75;4550
76;4581
77;4432
78;4388
79;4245
80;4232
81;4092
82;3948
83;3969
84;3828
85;3695
86;3609
87;3588
88;3542
89;3488
90;3454
91;3358
92;3196
93;3226
94;3139
95;3039
96;3037
97;2994
98;2944
99;2861
100;2811
101;2805
102;2694
103;2687
104;2670
105;2733
106;2640
107;2577
108;2433
109;2444
110;2417
111;2404
112;2365
113;2301
114;2289
115;2242
116;2146
117;2185
118;2147
119;2141
120;2046
121;2158
122;1942
123;2097
124;1948
125;1906
126;1856
127;1931
128;1917
129;1822
130;1809
131;1768
132;1726
133;1737
134;1774
135;1701
136;1640
137;1768
138;1634
139;1629
140;1636
141;1654
142;1610
143;1559
144;1547
145;1509
146;1506
147;1474
148;1446
149;1481
150;1459
151;1440
152;1474
153;1372
154;1310
155;1350
156;1376
157;1287
158;1345
159;1261
160;1258
161;1244
162;1290
163;1234
164;1246
165;1242
166;1216
167;1189
168;1163
169;1282
170;1225
171;1198
172;1136
173;1077
174;1128
175;1095
176;1130
177;1157
178;1120
179;1095
180;1066
181;1034
182;1023
183;1049
184;1045
185;1021
186;1011
187;1037
188;992
189;963
190;989
191;989
192;969
193;948
194;941
195;947
196;847
197;904
198;917
199;902
200;914
201;860
202;855
203;959
204;841
205;851
206;817
207;785
208;839
209;823
210;813
211;846
212;834
213;785
214;757
215;763
216;768
217;777
218;786
219;748
220;739
221;702
222;741
223;793
224;661
225;675
226;711
227;715
228;686
229;643
230;702
231;692
232;690
233;727
234;692
235;699
236;693
237;687
238;656
239;669
240;649
241;647
242;633
243;680
244;662
245;632
246;612
247;612
248;640
249;633
250;611
251;680
252;622
253;592
254;613
255;593
256;526
257;610
258;588
259;600
260;589
261;560
262;563
263;573
264;577
265;539
266;532
267;536
268;529
269;502
270;559
271;508
272;560
273;508
274;560
275;522
276;498
277;553
278;535
279;489
280;502
281;522
282;531
283;503
284;510
285;475
286;523
287;501
288;487
289;468
290;474
291;492
292;479
293;483
294;452
295;446
296;480
297;477
298;474
299;461
300;428
301;473
302;466
303;426
304;433
305;406
306;402
307;447
308;458
309;446
310;422
311;409
312;395
313;423
314;391
315;420
316;403
317;411
318;430
319;425
320;376
321;435
322;397
323;413
324;485
325;418
326;400
327;433
328;373
329;381
330;376
331;374
332;358
333;432
334;382
335;379
336;378
337;390
338;398
339;379
340;352
341;365
342;365
343;341
344;346
345;381
346;350
347;353
348;361
349;355
350;370
351;350
352;378
353;338
354;368
355;332
356;326
357;328
358;353
359;337
360;345
361;366
362;354
363;302
364;319
365;334
366;344
367;329
368;330
369;326
370;300
371;335
372;361
373;305
374;293
375;348
376;318
377;334
378;271
379;305
380;309
381;306
382;296
383;337
384;318
385;303
386;296
387;281
388;269
389;290
390;275
391;295
392;281
393;267
394;309
395;293
396;288
397;283
398;271
399;306
400;262
401;295
402;308
403;268
404;267
405;298
406;277
407;280
408;310
409;276
410;274
411;264
412;271
413;267
414;275
415;271
416;257
417;260
418;247
419;235
420;312
421;262
422;263
423;304
424;284
425;250
426;247
427;237
428;249
429;239
430;260
431;245
432;241
433;230
434;232
435;253
436;265
437;266
438;247
439;261
440;236
441;223
442;233
443;222
444;238
445;237
446;244
447;227
448;237
449;236
450;226
451;240
452;241
453;236
454;231
455;204
456;232
457;231
458;215
459;263
460;229
461;213
462;220
463;206
464;235
465;229
466;220
467;220
468;192
469;203
470;209
471;199
472;239
473;225
474;213
475;213
476;231
477;235
478;219
479;196
480;231
481;190
482;206
483;222
484;217
485;213
486;207
487;174
488;184
489;222
490;226
491;185
492;173
493;205
494;184
495;217
496;194
497;215
498;203
499;189
500;209
501;173
502;208
503;178
504;180
505;205
506;181
507;170
508;193
509;167
510;204
511;212
512;172
513;183
514;180
515;180
516;208
517;190
518;181
519;190
520;186
521;196
522;193
523;173
524;182
525;179
526;173
527;197
528;166
529;194
530;156
531;162
532;188
533;184
534;185
535;180
536;149
537;190
538;170
539;191
540;174
541;201
542;177
543;188
544;171
545;168
546;181
547;152
548;154
549;165
550;143
551;172
552;192
553;159
554;151
555;153
556;175
557;168
558;138
559;167
560;159
561;156
562;178
563;191
564;153
565;153
566;152
567;153
568;179
569;163
570;158
571;174
572;148
573;175
574;132
575;159
576;142
577;139
578;132
579;149
580;164
581;134
582;145
583;153
584;173
585;149
586;168
587;145
588;130
589;154
590;146
591;130
592;164
593;138
594;130
595;135
596;143
597;149
598;167
599;148
600;145
601;146
602;140
603;156
604;146
605;144
606;141
607;136
608;135
609;162
610;130
611;157
612;163
613;143
614;135
615;148
616;112
617;123
618;131
619;130
620;149
621;137
622;140
623;132
624;122
625;113
626;149
627;147
628;144
629;120
630;101
631;117
632;125
633;131
634;143
635;157
636;122
637;131
638;143
639;137
640;110
641;143
642;131
643;123
644;143
645;147
646;114
647;107
648;127
649;127
650;116
651;133
652;124
653;111
654;152
655;134
656;127
657;124
658;131
659;113
660;121
661;114
662;106
663;119
664;131
665;131
666;109
667;115
668;129
669;106
670;111
671;124
672;114
673;116
674;108
675;118
676;119
677;130
678;133
679;107
680;103
681;126
682;106
683;100
684;136
685;106
686;115
687;100
688;132
689;92
690;120
691;117
692;121
693;129
694;130
695;103
696;122
697;116
698;131
699;134
700;127
701;112
702;103
703;110
704;118
705;114
706;111
707;91
708;117
709;109
710;126
711;99
712;104
713;106
714;116
715;92
716;99
717;113
718;81
719;98
720;98
721;100
722;89
723;100
724;114
725;111
726;104
727;96
728;99
729;113
730;76
731;89
732;90
733;103
734;116
735;98
736;88
737;91
738;108
739;100
740;112
741;102
742;90
743;109
744;103
745;94
746;115
747;94
748;91
749;94
750;105
751;99
752;95
753;98
754;85
755;87
756;105
757;83
758;100
759;93
760;113
761;86
762;76
763;92
764;99
765;114
766;88
767;106
768;109
769;102
770;90
771;103
772;100
773;101
774;95
775;86
776;92
777;93
778;89
779;93
780;82
781;97
782;101
783;94
784;98
785;89
786;113
787;106
788;99
789;106
790;88
791;77
792;93
793;82
794;79
795;79
796;116
797;94
798;81
799;100
800;91
801;92
802;92
803;79
804;95
805;74
806;79
807;94
808;83
809;79
810;74
811;86
812;78
813;83
814;89
815;88
816;70
817;76
818;88
819;94
820;80
821;86
822;79
823;59
824;78
825;86
826;87
827;73
828;84
829;74
830;73
831;75
832;89
833;82
834;72
835;70
836;87
837;60
838;82
839;79
840;80
841;78
842;75
843;93
844;76
845;66
846;79
847;79
848;64
849;91
850;73
851;87
852;85
853;69
854;76
855;69
856;71
857;84
858;58
859;77
860;65
861;68
862;78
863;70
864;72
865;79
866;71
867;83
868;78
869;65
870;79
871;69
872;72
873;63
874;49
875;65
876;81
877;83
878;65
879;71
880;82
881;67
882;75
883;76
884;55
885;76
886;75
887;81
888;81
889;67
890;59
891;65
892;63
893;69
894;68
895;75
896;68
897;59
898;58
899;54
900;70
901;59
902;70
903;73
904;79
905;66
906;72
907;67
908;65
909;84
910;63
911;65
912;65
913;70
914;64
915;65
916;63
917;64
918;63
919;57
920;77
921;58
922;69
923;66
924;67
925;68
926;65
927;83
928;60
929;80
930;74
931;74
932;63
933;66
934;63
935;65
936;71
937;70
938;57
939;64
940;64
941;56
942;59
943;78
944;80
945;78
946;71
947;62
948;55
949;54
950;59
951;57
952;73
953;57
954;58
955;54
956;73
957;66
958;64
959;49
960;52
961;67
962;82
963;65
964;48
965;63
966;54
967;59
968;67
969;48
970;47
971;57
972;59
973;47
974;52
975;67
976;50
977;33
978;53
979;57
980;50
981;60
982;59
983;52
984;58
985;64
986;57
987;60
988;58
989;62
990;62
991;55
992;46
993;65
994;75
995;64
996;53
997;57
998;55
999;52
1000;44
1001;56
1002;58
1003;51
1004;53
1005;47
1006;50
1007;56
1008;37
1009;50
1010;48
1011;43
1012;45
1013;59
1014;65
1015;51
1016;53
1017;61
1018;52
1019;46
1020;49
1021;57
1022;53
1023;56
1024;54
1025;44
1026;42
1027;47
1028;53
1029;47
1030;44
1031;58
1032;47
1033;50
1034;63
1035;50
1036;42
1037;41
1038;44
1039;40
1040;42
1041;50
1042;48
1043;39
1044;48
1045;38
1046;49
1047;43
1048;59
1049;37
1050;54
1051;39
1052;46
1053;58
1054;51
1055;62
1056;57
1057;36
1058;39
1059;47
1060;51
1061;47
1062;53
1063;46
1064;42
1065;48
1066;40
1067;47
1068;50
1069;51
1070;44
1071;48
1072;36
1073;53
1074;34
1075;46
1076;39
1077;46
1078;49
1079;54
1080;46
1081;45
1082;40
1083;51
1084;38
1085;59
1086;41
1087;41
1088;48
1089;47
1090;40
1091;40
1092;29
1093;33
1094;40
1095;36
1096;43
1097;42
1098;40
1099;56
1100;35
1101;45
1102;52
1103;37
1104;34
1105;47
1106;34
1107;41
1108;49
1109;33
1110;26
1111;38
1112;56
1113;31
1114;40
1115;39
1116;39
1117;38
1118;43
1119;32
1120;38
1121;37
1122;40
1123;38
1124;45
1125;41
1126;37
1127;42
1128;28
1129;34
1130;50
1131;34
1132;45
1133;43
1134;27
1135;35
1136;41
1137;36
1138;38
1139;29
1140;39
1141;33
1142;38
1143;37
1144;36
1145;43
1146;31
1147;40
1148;38
1149;30
1150;43
1151;39
1152;27
1153;29
1154;32
1155;32
1156;40
1157;31
1158;32
1159;35
1160;31
1161;39
1162;32
1163;31
1164;31
1165;30
1166;26
1167;27
1168;37
1169;47
1170;37
1171;34
1172;35
1173;29
1174;27
1175;33
1176;34
1177;33
1178;31
1179;30
1180;30
1181;26
1182;22
1183;31
1184;35
1185;19
1186;39
1187;35
1188;28
1189;17
1190;34
1191;30
1192;29
1193;29
1194;25
1195;28
1196;28
1197;30
1198;32
1199;36
1200;35
1201;38
1202;35
1203;34
1204;33
1205;26
1206;31
1207;30
1208;35
1209;36
1210;28
1211;40
1212;26
1213;33
1214;28
1215;33
1216;32
1217;38
1218;32
1219;27
1220;31
1221;35
1222;16
1223;35
1224;43
1225;25
1226;28
1227;22
1228;21
1229;31
1230;36
1231;23
1232;20
1233;29
1234;24
1235;35
1236;24
1237;33
1238;27
1239;24
1240;33
1241;20
1242;22
1243;27
1244;19
1245;26
1246;34
1247;22
1248;22
1249;25
1250;20
1251;35
1252;20
1253;25
1254;28
1255;23
1256;39
1257;32
1258;20
1259;30
1260;35
1261;18
1262;31
1263;25
1264;16
1265;19
1266;18
1267;25
1268;20
1269;18
1270;37
1271;27
1272;24
1273;35
1274;18
1275;29
1276;22
1277;17
1278;28
1279;18
1280;19
1281;29
1282;30
1283;21
1284;20
1285;26
1286;26
1287;24
1288;20
1289;26
1290;16
1291;26
1292;23
1293;22
1294;20
1295;18
1296;19
1297;24
1298;26
1299;21
1300;17
1301;24
1302;20
1303;21
1304;22
1305;28
1306;14
1307;20
1308;23
1309;21
1310;16
1311;19
1312;20
1313;23
1314;21
1315;16
1316;18
1317;20
1318;25
1319;21
1320;22
1321;14
1322;27
1323;27
1324;22
1325;16
1326;21
1327;19
1328;20
1329;20
1330;20
1331;13
1332;25
1333;24
1334;24
1335;21
1336;11
1337;13
1338;16
1339;11
1340;21
1341;18
1342;17
1343;19
1344;26
1345;16
1346;18
1347;18
1348;15
1349;12
1350;14
1351;14
1352;16
1353;19
1354;11
1355;20
1356;23
1357;18
1358;14
1359;20
1360;11
1361;23
1362;15
1363;17
1364;17
1365;12
1366;11
1367;12
1368;19
1369;18
1370;17
1371;19
1372;20
1373;14
1374;20
1375;14
1376;10
1377;10
1378;19
1379;15
1380;16
1381;15
1382;20
1383;16
1384;6
1385;11
1386;10
1387;13
1388;14
1389;15
1390;12
1391;17
1392;19
1393;20
1394;19
1395;19
1396;17
1397;14
1398;12
1399;12
1400;12
1401;13
1402;15
1403;14
1404;17
1405;14
1406;12
1407;14
1408;12
1409;12
1410;12
1411;12
1412;10
1413;14
1414;15
1415;18
1416;12
1417;12
1418;22
1419;18
1420;16
1421;14
1422;20
1423;10
1424;9
1425;8
1426;8
1427;7
1428;11
1429;10
1430;16
1431;12
1432;7
1433;12
1434;9
1435;17
1436;11
1437;14
1438;12
1439;13
1440;12
1441;6
1442;9
1443;14
1444;11
1445;11
1446;17
1447;15
1448;14
1449;11
1450;13
1451;6
1452;9
1453;11
1454;15
1455;9
1456;14
1457;11
1458;6
1459;18
1460;10
1461;12
1462;10
1463;11
1464;10
1465;15
1466;10
1467;8
1468;7
1469;11
1470;8
1471;9
1472;9
1473;10
1474;10
1475;8
1476;12
1477;11
1478;5
1479;14
1480;7
1481;5
1482;11
1483;8
1484;11
1485;8
1486;7
1487;6
1488;9
1489;5
1490;8
1491;7
1492;4
1493;10
1494;6
1495;8
1496;6
1497;7
1498;13
1499;6
1500;7
1501;11
1502;9
1503;7
1504;3
1505;8
1506;6
1507;7
1508;6
1509;7
1510;4
1511;4
1512;14
1513;6
1514;7
1515;8
1516;4
1517;12
1518;8
1519;8
1520;8
1521;7
1522;4
1523;6
1524;9
1525;7
1526;6
1527;5
1528;4
1529;5
1530;5
1531;7
1532;12
1533;4
1534;4
1535;10
1536;7
1537;6
1538;6
1539;4
1540;9
1541;8
1542;5
1543;7
1544;15
1545;8
1546;4
1547;5
1548;4
1549;5
1550;5
1551;4
1552;6
1553;5
1554;8
1555;9
1556;7
1557;7
1558;7
1559;6
1560;6
1561;6
1562;8
1563;4
1564;3
1565;5
1566;4
1567;4
1568;5
1569;2
1570;5
1571;7
1572;3
1573;5
1574;5
1575;5
1576;4
1577;3
1578;5
1579;4
1580;6
1581;3
1582;7
1583;6
1584;5
1585;5
1586;6
1587;6
1588;8
1589;7
1590;5
1591;5
1592;1
1593;10
1594;2
1595;2
1596;4
1597;3
1598;3
1599;3
1600;2
1601;1
1602;1
1603;4
1604;3
1605;5
1606;3
1607;4
1608;2
1609;4
1610;1
1611;3
1612;2
1613;0
1614;6
1615;1
1616;2
1617;5
1618;6
1619;1
1620;5
1621;4
1622;1
1623;4
1624;3
1625;2
1626;2
1627;4
1628;3
1629;5
1630;3
1631;2
1632;2
1633;4
1634;1
1635;2
1636;3
1637;1
1638;1
1639;3
1640;1
1641;3
1642;6
1643;3
1644;2
1645;1
1646;4
1647;2
1648;1
1649;3
1650;1
1651;1
1652;2
1653;3
1654;1
1655;5
1656;0
1657;0
1658;1
1659;3
1660;3
1661;1
1662;1
1663;3
1664;4
1665;4
1666;3
1667;1
1668;5
1669;4
1670;2
1671;1
1672;2
1673;1
1674;4
1675;2
1676;0
1677;2
1678;2
1679;2
1680;0
1681;2
1682;1
1683;3
1684;5
1685;3
1686;4
1687;5
1688;2
1689;2
1690;1
1691;2
1692;1
1693;0
1694;0
1695;0
1696;5
1697;1
1698;1
1699;1
1700;2
1701;3
1702;1
1703;1
1704;4
1705;0
1706;2
1707;2
1708;2
1709;0
1710;3
1711;2
1712;1
1713;1
1714;0
1715;1
1716;1
1717;0
1718;3
1719;2
1720;1
1721;1
1722;0
1723;2
1724;2
1725;2
1726;2
1727;0
1728;0
1729;0
1730;0
1731;1
1732;0
1733;2
1734;3
1735;2
1736;0
1737;1
1738;0
1739;1
1740;1
1741;1
1742;0
1743;3
1744;0
1745;0
1746;2
1747;0
1748;0
1749;1
1750;1
1751;1
1752;2
1753;3
1754;0
1755;0
1756;0
1757;1
1758;0
1759;2
1760;1
1761;1
1762;1
1763;1
1764;0
1765;0
1766;0
1767;0
1768;0
1769;0
1770;0
1771;1
1772;1
1773;0
1774;1
1775;1
1776;1
1777;0
1778;1
1779;0
1780;0
1781;1
1782;0
1783;0
1784;1
1785;1
1786;0
1787;0
1788;0
1789;0
1790;0
1791;0
1792;0
1793;1
1794;0
1795;0
1796;0
1797;1
1798;1
1799;1
1800;1
1801;0
1802;0
1803;1
1804;0
1805;1
1806;3
1807;0
1808;0
1809;0
1810;0
1811;0
1812;0
1813;0
1814;2
1815;0
1816;0
1817;0
1818;0
1819;0
1820;0
1821;0
1822;0
1823;0
1824;0
1825;0
1826;2
1827;1
1828;0
1829;0
1830;0
1831;0
1832;0
1833;0
1834;0
1835;0
1836;0
1837;1
1838;0
1839;0
1840;0
1841;1
1842;0
1843;1
1844;0
1845;0
1846;1
1847;0
1848;0
1849;0
1850;0
1851;0
1852;0
1853;0
1854;0
1855;0
1856;0
1857;0
1858;0
1859;0
1860;1
1861;0
1862;0
1863;0
1864;0
1865;0
1866;0
1867;0
1868;1
1869;0
1870;0
1871;0
1872;0
1873;0
1874;0
1875;1
1876;0
1877;0
1878;0
1879;0
1880;0
1881;0
1882;0
1883;0
1884;0
1885;0
1886;0
1887;0
1888;0
1889;0
1890;0
1891;1
1892;0
1893;0
1894;0
1895;0
1896;0
1897;0
1898;0
1899;0
1900;0
1901;0
1902;0
1903;0
1904;0
1905;0
1906;0
1907;0
1908;0
1909;0
1910;0
1911;0
1912;0
1913;0
1914;0
1915;0
1916;0
1917;0
1918;0
1919;0
1920;0
1921;0
1922;0
1923;0
1924;0
1925;0
1926;1
1927;0
1928;0
1929;1
1930;0
1931;1
1932;0
1933;0
1934;0
1935;0
1936;0
1937;0
1938;0
1939;0
1940;0
1941;0
1942;0
1943;0
1944;0
1945;0
1946;0
1947;0
1948;0
1949;0
1950;0
1951;0
1952;0
1953;0
1954;0
1955;0
1956;0
1957;0
1958;0
1959;0
1960;0
1961;0
1962;0
1963;0
1964;0
1965;0
1966;0
1967;0
1968;0
1969;0
1970;0
1971;0
1972;0
1973;0
1974;0
1975;0
1976;0
1977;0
1978;0
1979;0
1980;0
1981;0
1982;0
1983;0
1984;0
1985;0
1986;0
1987;0
1988;0
1989;0
1990;0
1991;0
1992;0
1993;0
1994;0
1995;0
1996;0
1997;0
1998;0
1999;0
2000;0
2001;0
2002;0
2003;0
2004;0
2005;0
2006;0
2007;0
2008;0
2009;0
2010;0
2011;0
2012;0
2013;0
2014;0
2015;0
2016;0
2017;0
2018;0
2019;0
2020;0
2021;0
2022;0
2023;0
2024;0
2025;0
2026;0
2027;0
2028;0
2029;0
2030;0
2031;0
2032;0
2033;0
2034;0
2035;0
2036;0
2037;0
2038;0
2039;0
2040;0
2041;0
2042;0
2043;0
2044;0
2045;0
2046;0
2047;0
2048;0
2049;0
2050;0
2051;0
2052;0
2053;0
2054;0
2055;0
2056;0
2057;0
2058;0
2059;0
2060;0
2061;0
2062;0
2063;0
2064;0
2065;0
2066;0
2067;0
2068;0
2069;0
2070;0
2071;0
2072;0
2073;0
2074;0
2075;0
2076;0
2077;0
2078;0
2079;0
2080;0
2081;0
2082;0
2083;0
2084;0
2085;0
2086;0
2087;0
2088;0
2089;0
2090;0
2091;0
2092;0
2093;0
2094;0
2095;0
2096;0
2097;0
2098;0
2099;0
2100;0
2101;0
2102;0
2103;0
2104;0
2105;0
2106;0
2107;0
2108;0
2109;0
2110;0
2111;0
2112;0
2113;0
2114;0
2115;0
2116;0
2117;0
2118;0
2119;0
2120;0
2121;0
2122;0
2123;0
2124;0
2125;0
2126;0
2127;0
2128;0
2129;0
2130;0
2131;0
2132;0
2133;0
2134;0
2135;0
2136;0
2137;0
2138;0
2139;0
2140;0
2141;0
2142;0
2143;0
2144;0
2145;0
2146;0
2147;0
2148;0
2149;0
2150;0
2151;0
2152;0
2153;0
2154;0
2155;0
2156;0
2157;0
2158;0
2159;0
2160;0
2161;0
2162;0
2163;0
2164;0
2165;0
2166;0
2167;0
2168;0
2169;0
2170;0
2171;0
2172;0
2173;0
2174;0
2175;0
2176;0
2177;0
2178;0
2179;0
2180;0
2181;0
2182;0
2183;0
2184;0
2185;0
2186;0
2187;0
2188;0
2189;0
2190;0
2191;0
2192;0
2193;0
2194;0
2195;0
2196;0
2197;0
2198;0
2199;0
2200;0
2201;0
2202;0
2203;0
2204;0
2205;0
2206;0
2207;0
2208;0
2209;0
2210;0
2211;0
2212;0
2213;0
2214;0
2215;0
2216;0
2217;0
2218;0
2219;0
2220;0
2221;0
2222;0
2223;0
2224;0
2225;0
2226;0
2227;0
2228;0
2229;0
2230;0
2231;0
2232;0
2233;0
2234;0
2235;0
2236;0
2237;0
2238;0
2239;0
2240;0
2241;0
2242;0
2243;0
2244;0
2245;0
2246;0
2247;0
2248;0
2249;0
2250;0
2251;0
2252;0
2253;0
2254;0
2255;0
2256;0
2257;0
2258;0
2259;0
2260;0
2261;0
2262;0
2263;0
2264;0
2265;0
2266;0
2267;0
2268;0
2269;0
2270;0
2271;0
2272;0
2273;0
2274;0
2275;0
2276;0
2277;0
2278;0
2279;0
2280;0
2281;0
2282;0
2283;0
2284;0
2285;0
2286;0
2287;0
2288;0
2289;0
2290;0
2291;0
2292;0
2293;0
2294;0
2295;0
2296;0
2297;0
2298;0
2299;0
2300;0
2301;0
2302;0
2303;0
2304;0
2305;0
2306;0
2307;0
2308;0
2309;0
2310;0
2311;0
2312;0
2313;0
2314;0
2315;0
2316;0
2317;0
2318;0
2319;0
2320;0
2321;0
2322;0
2323;0
2324;0
2325;0
2326;0
2327;0
2328;0
2329;0
2330;0
2331;0
2332;0
2333;0
2334;0
2335;0
2336;0
2337;0
2338;0
2339;0
2340;0
2341;0
2342;0
2343;0
2344;0
2345;0
2346;0
2347;0
2348;0
2349;0
2350;0
2351;0
2352;0
2353;0
2354;0
2355;0
2356;0
2357;0
2358;0
2359;0
2360;0
2361;0
2362;0
2363;0
2364;0
2365;0
2366;0
2367;0
2368;0
2369;0
2370;0
2371;0
2372;0
2373;0
2374;0
2375;0
2376;0
2377;0
2378;0
2379;0
2380;0
2381;0
2382;0
2383;0
2384;0
2385;0
2386;0
2387;0
2388;0
2389;0
2390;0
2391;0
2392;0
2393;0
2394;0
2395;0
2396;0
2397;0
2398;0
2399;0
2400;0
2401;0
2402;0
2403;0
2404;0
2405;0
2406;0
2407;0
2408;0
2409;0
2410;0
2411;0
2412;0
2413;0
2414;0
2415;0
2416;0
2417;0
2418;0
2419;0
2420;0
2421;0
2422;0
2423;0
2424;0
2425;0
2426;0
2427;0
2428;0
2429;0
2430;0
2431;0
2432;0
2433;0
2434;0
2435;0
2436;0
2437;0
2438;0
2439;0
2440;0
2441;0
2442;0
2443;0
2444;0
2445;0
2446;0
2447;0
2448;0
2449;0
2450;0
2451;0
2452;0
2453;0
2454;0
2455;0
2456;0
2457;0
2458;0
2459;0
2460;0
2461;0
2462;0
2463;0
2464;0
2465;0
2466;0
2467;0
2468;0
2469;0
2470;0
2471;0
2472;0
2473;0
2474;0
2475;0
2476;0
2477;0
2478;0
2479;0
2480;0
2481;0
2482;0
2483;0
2484;0
2485;0
2486;0
2487;0
2488;0
2489;0
2490;0
2491;0
2492;0
2493;0
2494;0
2495;0
2496;0
2497;0
2498;0
2499;0
2500;0
2501;0
2502;0
2503;0
2504;0
2505;0
2506;0
2507;0
2508;0
2509;0
2510;0
2511;0
2512;0
2513;0
2514;0
2515;0
2516;0
2517;0
2518;0
2519;0
2520;0
2521;0
2522;0
2523;0
2524;0
2525;0
2526;0
2527;0
2528;0
2529;0
2530;0
2531;0
2532;0
2533;0
2534;0
2535;0
2536;0
2537;0
2538;0
2539;0
2540;0
2541;0
2542;0
2543;0
2544;0
2545;0
2546;0
2547;0
2548;0
2549;0
2550;0
2551;0
2552;0
2553;0
2554;0
2555;0
2556;0
2557;0
2558;0
2559;0
2560;0
2561;0
2562;0
2563;0
2564;0
2565;0
2566;0
2567;0
2568;0
2569;0
2570;0
2571;0
2572;0
2573;0
2574;0
2575;0
2576;0
2577;0
2578;0
2579;0
2580;0
2581;0
2582;0
2583;0
2584;0
2585;0
2586;0
2587;0
2588;0
2589;0
2590;0
2591;0
2592;0
2593;0
2594;0
2595;0
2596;0
2597;0
2598;0
2599;0
2600;0
2601;0
2602;0
2603;0
2604;0
2605;0
2606;0
2607;0
2608;0
2609;0
2610;0
2611;0
2612;0
2613;0
2614;0
2615;0
2616;0
2617;0
2618;0
2619;0
2620;0
2621;0
2622;0
2623;0
2624;0
2625;0
2626;0
2627;0
2628;0
2629;0
2630;0
2631;0
2632;0
2633;0
2634;0
2635;0
2636;0
2637;0
2638;0
2639;0
2640;0
2641;0
2642;0
2643;0
2644;0
2645;0
2646;0
2647;0
2648;0
2649;0
2650;0
2651;0
2652;0
2653;0
2654;0
2655;0
2656;0
2657;0
2658;0
2659;0
2660;0
2661;0
2662;0
2663;0
2664;0
2665;0
2666;0
2667;0
2668;0
2669;0
2670;0
2671;0
2672;0
2673;0
2674;0
2675;0
2676;0
2677;0
2678;0
2679;0
2680;0
2681;0
2682;0
2683;0
2684;0
2685;0
2686;0
2687;0
2688;0
2689;0
2690;0
2691;0
2692;0
2693;0
2694;0
2695;0
2696;0
2697;0
2698;0
2699;0
2700;0
2701;0
2702;0
2703;0
2704;0
2705;0
2706;0
2707;0
2708;0
2709;0
2710;0
2711;0
2712;0
2713;0
2714;0
2715;0
2716;0
2717;0
2718;0
2719;0
2720;0
2721;0
2722;0
2723;0
2724;0
2725;0
2726;0
2727;0
2728;0
2729;0
2730;0
2731;0
2732;0
2733;0
2734;0
2735;0
2736;0
2737;0
2738;0
2739;0
2740;0
2741;0
2742;0
2743;0
2744;0
2745;0
2746;0
2747;0
2748;0
2749;0
2750;0
2751;0
2752;0
2753;0
2754;0
2755;0
2756;0
2757;0
2758;0
2759;0
2760;0
2761;0
2762;0
2763;0
2764;0
2765;0
2766;0
2767;0
2768;0
2769;0
2770;0
2771;0
2772;0
2773;0
2774;0
2775;0
2776;0
2777;0
2778;0
2779;0
2780;0
2781;0
2782;0
2783;0
2784;0
2785;0
2786;0
2787;0
2788;0
2789;0
2790;0
2791;0
2792;0
2793;0
2794;0
2795;0
2796;0
2797;0
2798;0
2799;0
2800;0
2801;0
2802;0
2803;0
2804;0
2805;0
2806;0
2807;0
2808;0
2809;0
2810;0
2811;0
2812;0
2813;0
2814;0
2815;0
2816;0
2817;0
2818;0
2819;0
2820;0
2821;0
2822;0
2823;0
2824;0
2825;0
2826;0
2827;0
2828;0
2829;0
2830;0
2831;0
2832;0
2833;0
2834;0
2835;0
2836;0
2837;0
2838;0
2839;0
2840;0
2841;0
2842;0
2843;0
2844;0
2845;0
2846;0
2847;0
2848;0
2849;0
2850;0
2851;0
2852;0
2853;0
2854;0
2855;0
2856;0
2857;0
2858;0
2859;0
2860;0
2861;0
2862;0
2863;0
2864;0
2865;0
2866;0
2867;0
2868;0
2869;0
2870;0
2871;0
2872;0
2873;0
2874;0
2875;0
2876;0
2877;0
2878;0
2879;0
2880;0
2881;0
2882;0
2883;0
2884;0
2885;0
2886;0
2887;0
2888;0
2889;0
2890;0
2891;0
2892;0
2893;0
2894;0
2895;0
2896;0
2897;0
2898;0
2899;0
2900;0
2901;0
2902;0
2903;0
2904;0
2905;0
2906;0
2907;0
2908;0
2909;0
2910;0
2911;0
2912;0
2913;0
2914;0
2915;0
2916;0
2917;0
2918;0
2919;0
2920;0
2921;0
2922;0
2923;0
2924;0
2925;0
2926;0
2927;0
2928;0
2929;0
2930;0
2931;0
2932;0
2933;0
2934;0
2935;0
2936;0
2937;0
2938;0
2939;0
2940;0
2941;0
2942;0
2943;0
2944;0
2945;0
2946;0
2947;0
2948;0
2949;0
2950;0
2951;0
2952;0
2953;0
2954;0
2955;0
2956;0
2957;0
2958;0
2959;0
2960;0
2961;0
2962;0
2963;0
2964;0
2965;0
2966;0
2967;0
2968;0
2969;0
2970;0
2971;0
2972;0
2973;0
2974;0
2975;0
2976;0
2977;0
2978;0
2979;0
2980;0
2981;0
2982;0
2983;0
2984;0
2985;0
2986;0
2987;0
2988;0
2989;0
2990;0
2991;0
2992;0
2993;0
2994;0
2995;0
2996;0
2997;0
2998;0
2999;0
3000;0
3001;0
3002;0
3003;0
3004;0
3005;0
3006;0
3007;0
3008;0
3009;0
3010;0
3011;0
3012;0
3013;0
3014;0
3015;0
3016;0
3017;0
3018;0
3019;0
3020;0
3021;0
3022;0
3023;0
3024;0
3025;0
3026;0
3027;0
3028;0
3029;0
3030;0
3031;0
3032;0
3033;0
3034;0
3035;0
3036;0
3037;0
3038;0
3039;0
3040;0
3041;0
3042;0
3043;0
3044;0
3045;0
3046;0
3047;0
3048;0
3049;0
3050;0
3051;0
3052;0
3053;0
3054;0
3055;0
3056;0
3057;0
3058;0
3059;0
3060;0
3061;0
3062;0
3063;0
3064;0
3065;0
3066;0
3067;0
3068;0
3069;0
3070;0
3071;0
3072;0
3073;0
3074;0
3075;0
3076;0
3077;0
3078;0
3079;0
3080;0
3081;0
3082;0
3083;0
3084;0
3085;0
3086;0
3087;0
3088;0
3089;0
3090;0
3091;0
3092;0
3093;0
3094;0
3095;0
3096;0
3097;0
3098;0
3099;0
3100;0
3101;0
3102;0
3103;0
3104;0
3105;0
3106;0
3107;0
3108;0
3109;0
3110;0
3111;0
3112;0
3113;0
3114;0
3115;0
3116;0
3117;0
3118;0
3119;0
3120;0
3121;0
3122;0
3123;0
3124;0
3125;0
3126;0
3127;0
3128;0
3129;0
3130;0
3131;0
3132;0
3133;0
3134;0
3135;0
3136;0
3137;0
3138;0
3139;0
3140;0
3141;0
3142;0
3143;0
3144;0
3145;0
3146;0
3147;0
3148;0
3149;0
3150;0
3151;0
3152;0
3153;0
3154;0
3155;0
3156;0
3157;0
3158;0
3159;0
3160;0
3161;0
3162;0
3163;0
3164;0
3165;0
3166;0
3167;0
3168;0
3169;0
3170;0
3171;0
3172;0
3173;0
3174;0
3175;0
3176;0
3177;0
3178;0
3179;0
3180;0
3181;0
3182;0
3183;0
3184;0
3185;0
3186;0
3187;0
3188;0
3189;0
3190;0
3191;0
3192;0
3193;0
3194;0
3195;0
3196;0
3197;0
3198;0
3199;0
3200;0
3201;0
3202;0
3203;0
3204;0
3205;0
3206;0
3207;0
3208;0
3209;0
3210;0
3211;0
3212;0
3213;0
3214;0
3215;0
3216;0
3217;0
3218;0
3219;0
3220;0
3221;0
3222;0
3223;0
3224;0
3225;0
3226;0
3227;0
3228;0
3229;0
3230;0
3231;0
3232;0
3233;0
3234;0
3235;0
3236;0
3237;0
3238;0
3239;0
3240;0
3241;0
3242;0
3243;0
3244;0
3245;0
3246;0
3247;0
3248;0
3249;0
3250;0
3251;0
3252;0
3253;0
3254;0
3255;0
3256;0
3257;0
3258;0
3259;0
3260;0
3261;0
3262;0
3263;0
3264;0
3265;0
3266;0
3267;0
3268;0
3269;0
3270;0
3271;0
3272;0
3273;0
3274;0
3275;0
3276;0
3277;0
3278;0
3279;0
3280;0
3281;0
3282;0
3283;0
3284;0
3285;0
3286;0
3287;0
3288;0
3289;0
3290;0
3291;0
3292;0
3293;0
3294;0
3295;0
3296;0
3297;0
3298;0
3299;0
3300;0
3301;0
3302;0
3303;0
3304;0
3305;0
3306;0
3307;0
3308;0
3309;0
3310;0
3311;0
3312;0
3313;0
3314;0
3315;0
3316;0
3317;0
3318;0
3319;0
3320;0
3321;0
3322;0
3323;0
3324;0
3325;0
3326;0
3327;0
3328;0
3329;0
3330;0
3331;0
3332;0
3333;0
3334;0
3335;0
3336;0
3337;0
3338;0
3339;0
3340;0
3341;0
3342;0
3343;0
3344;0
3345;0
3346;0
3347;0
3348;0
3349;0
3350;0
3351;0
3352;0
3353;0
3354;0
3355;0
3356;0
3357;0
3358;0
3359;0
3360;0
3361;0
3362;0
3363;0
3364;0
3365;0
3366;0
3367;0
3368;0
3369;0
3370;0
3371;0
3372;0
3373;0
3374;0
3375;0
3376;0
3377;0
3378;0
3379;0
3380;0
3381;0
3382;0
3383;0
3384;0
3385;0
3386;0
3387;0
3388;0
3389;0
3390;0
3391;0
3392;0
3393;0
3394;0
3395;0
3396;0
3397;0
3398;0
3399;0
3400;0
3401;0
3402;0
3403;0
3404;0
3405;0
3406;0
3407;0
3408;0
3409;0
3410;0
3411;0
3412;0
3413;0
3414;0
3415;0
3416;0
3417;0
3418;0
3419;0
3420;0
3421;0
3422;0
3423;0
3424;0
3425;0
3426;0
3427;0
3428;0
3429;0
3430;0
3431;0
3432;0
3433;0
3434;0
3435;0
3436;0
3437;0
3438;0
3439;0
3440;0
3441;0
3442;0
3443;0
3444;0
3445;0
3446;0
3447;0
3448;0
3449;0
3450;0
3451;0
3452;0
3453;0
3454;0
3455;0
3456;0
3457;0
3458;0
3459;0
3460;0
3461;0
3462;0
3463;0
3464;0
3465;0
3466;0
3467;0
3468;0
3469;0
3470;0
3471;0
3472;0
3473;0
3474;0
3475;0
3476;0
3477;0
3478;0
3479;0
3480;0
3481;0
3482;0
3483;0
3484;0
3485;0
3486;0
3487;0
3488;0
3489;0
3490;0
3491;0
3492;0
3493;0
3494;0
3495;0
3496;0
3497;0
3498;0
3499;0
3500;0
3501;0
3502;0
3503;0
3504;0
3505;0
3506;0
3507;0
3508;0
3509;0
3510;0
3511;0
3512;0
3513;0
3514;0
3515;0
3516;0
3517;0
3518;0
3519;0
3520;0
3521;0
3522;0
3523;0
3524;0
3525;0
3526;0
3527;0
3528;0
3529;0
3530;0
3531;0
3532;0
3533;0
3534;0
3535;0
3536;0
3537;0
3538;0
3539;0
3540;0
3541;0
3542;0
3543;0
3544;0
3545;0
3546;0
3547;0
3548;0
3549;0
3550;0
3551;0
3552;0
3553;0
3554;0
3555;0
3556;0
3557;0
3558;0
3559;0
3560;0
3561;0
3562;0
3563;0
3564;0
3565;0
3566;0
3567;0
3568;0
3569;0
3570;0
3571;0
3572;0
3573;0
3574;0
3575;0
3576;0
3577;0
3578;0
3579;0
3580;0
3581;0
3582;0
3583;0
3584;0
3585;0
3586;0
3587;0
3588;0
3589;0
3590;0
3591;0
3592;0
3593;0
3594;0
3595;0
3596;0
3597;0
3598;0
3599;0
3600;0
3601;0
3602;0
3603;0
3604;0
3605;0
3606;0
3607;0
3608;0
3609;0
3610;0
3611;0
3612;0
3613;0
3614;0
3615;0
3616;0
3617;0
3618;0
3619;0
3620;0
3621;0
3622;0
3623;0
3624;0
3625;0
3626;0
3627;0
3628;0
3629;0
3630;0
3631;0
3632;0
3633;0
3634;0
3635;0
3636;0
3637;0
3638;0
3639;0
3640;0
3641;0
3642;0
3643;0
3644;0
3645;0
3646;0
3647;0
3648;0
3649;0
3650;0
3651;0
3652;0
3653;0
3654;0
3655;0
3656;0
3657;0
3658;0
3659;0
3660;0
3661;0
3662;0
3663;0
3664;0
3665;0
3666;0
3667;0
3668;0
3669;0
3670;0
3671;0
3672;0
3673;0
3674;0
3675;0
3676;0
3677;0
3678;0
3679;0
3680;0
3681;0
3682;0
3683;0
3684;0
3685;0
3686;0
3687;0
3688;0
3689;0
3690;0
3691;0
3692;0
3693;0
3694;0
3695;0
3696;0
3697;0
3698;0
3699;0
3700;0
3701;0
3702;0
3703;0
3704;0
3705;0
3706;0
3707;0
3708;0
3709;0
3710;0
3711;0
3712;0
3713;0
3714;0
3715;0
3716;0
3717;0
3718;0
3719;0
3720;0
3721;0
3722;0
3723;0
3724;0
3725;0
3726;0
3727;0
3728;0
3729;0
3730;0
3731;0
3732;0
3733;0
3734;0
3735;0
3736;0
3737;0
3738;0
3739;0
3740;0
3741;0
3742;0
3743;0
3744;0
3745;0
3746;0
3747;0
3748;0
3749;0
3750;0
3751;0
3752;0
3753;0
3754;0
3755;0
3756;0
3757;0
3758;0
3759;0
3760;0
3761;0
3762;0
3763;0
3764;0
3765;0
3766;0
3767;0
3768;0
3769;0
3770;0
3771;0
3772;0
3773;0
3774;0
3775;0
3776;0
3777;0
3778;0
3779;0
3780;0
3781;0
3782;0
3783;0
3784;0
3785;0
3786;0
3787;0
3788;0
3789;0
3790;0
3791;0
3792;0
3793;0
3794;0
3795;0
3796;0
3797;0
3798;0
3799;0
3800;0
3801;0
3802;0
3803;0
3804;0
3805;0
3806;0
3807;0
3808;0
3809;0
3810;0
3811;0
3812;0
3813;0
3814;0
3815;0
3816;0
3817;0
3818;0
3819;0
3820;0
3821;0
3822;0
3823;0
3824;0
3825;0
3826;0
3827;0
3828;0
3829;0
3830;0
3831;0
3832;0
3833;0
3834;0
3835;0
3836;0
3837;0
3838;0
3839;0
3840;0
3841;0
3842;0
3843;0
3844;0
3845;0
3846;0
3847;0
3848;0
3849;0
3850;0
3851;0
3852;0
3853;0
3854;0
3855;0
3856;0
3857;0
3858;0
3859;0
3860;0
3861;0
3862;0
3863;0
3864;0
3865;0
3866;0
3867;0
3868;0
3869;0
3870;0
3871;0
3872;0
3873;0
3874;0
3875;0
3876;0
3877;0
3878;0
3879;0
3880;0
3881;0
3882;0
3883;0
3884;0
3885;0
3886;0
3887;0
3888;0
3889;0
3890;0
3891;0
3892;0
3893;0
3894;0
3895;0
3896;0
3897;0
3898;0
3899;0
3900;0
3901;0
3902;0
3903;0
3904;0
3905;0
3906;0
3907;0
3908;0
3909;0
3910;0
3911;0
3912;0
3913;0
3914;0
3915;0
3916;0
3917;0
3918;0
3919;0
3920;0
3921;0
3922;0
3923;0
3924;0
3925;0
3926;0
3927;0
3928;0
3929;0
3930;0
3931;0
3932;0
3933;0
3934;0
3935;0
3936;0
3937;0
3938;0
3939;0
3940;0
3941;0
3942;0
3943;0
3944;0
3945;0
3946;0
3947;0
3948;0
3949;0
3950;0
3951;0
3952;0
3953;0
3954;0
3955;0
3956;0
3957;0
3958;0
3959;0
3960;0
3961;0
3962;0
3963;0
3964;0
3965;0
3966;0
3967;0
3968;0
3969;0
3970;0
3971;0
3972;0
3973;0
3974;0
3975;0
3976;0
3977;0
3978;0
3979;0
3980;0
3981;0
3982;0
3983;0
3984;0
3985;0
3986;0
3987;0
3988;0
3989;0
3990;0
3991;0
3992;0
3993;0
3994;0
3995;0
3996;0
3997;0
3998;0
3999;0
4000;0
4001;0
4002;0
4003;0
4004;0
4005;0
4006;0
4007;0
4008;0
4009;0
4010;0
4011;0
4012;0
4013;0
4014;0
4015;0
4016;0
4017;0
4018;0
4019;0
4020;0
4021;0
4022;0
4023;0
4024;0
4025;0
4026;0
4027;0
4028;0
4029;0
4030;0
4031;0
4032;0
4033;0
4034;0
4035;0
4036;0
4037;0
4038;0
4039;0
4040;0
4041;0
4042;0
4043;0
4044;0
4045;0
4046;0
4047;0
4048;0
4049;0
4050;0
4051;0
4052;0
4053;0
4054;0
4055;0
4056;0
4057;0
4058;0
4059;0
4060;0
4061;0
4062;0
4063;0
4064;0
4065;0
4066;0
4067;0
4068;0
4069;0
4070;0
4071;0
4072;0
4073;0
4074;0
4075;0
4076;0
4077;0
4078;0
4079;0
4080;0
4081;0
4082;0
4083;0
4084;0
4085;0
4086;0
4087;0
4088;0
4089;0
4090;0
4091;0
4092;0
4093;0
4094;0
4095;0
4096;0
