L 64,p 0.590000,Z 100000
/* Tamanio de cluster; Ocurrencias de cada tamaño de cluster */
1;7458526
2;1610073
3;964047
4;628303
5;438111
6;323975
7;249603
8;199148
9;162800
10;136964
11;115156
12;99920
13;86968
14;76427
15;68083
16;60786
17;54455
18;49762
19;44877
20;41426
21;37298
22;34678
23;32228
24;29793
25;27914
26;26166
27;24124
28;22855
29;21411
30;20336
31;18981
32;18409
33;17028
34;16201
35;15331
36;14506
37;13979
38;13402
39;12880
40;12074
41;11680
42;11173
43;10988
44;10497
45;9982
46;9686
47;9225
48;8735
49;8619
50;8280
51;8130
52;7819
53;7548
54;7259
55;7166
56;6685
57;6756
58;6408
59;6226
60;6094
61;5778
62;5815
63;5632
64;5377
65;5267
66;5160
67;4909
68;4807
69;4706
70;4664
71;4533
72;4399
73;4351
74;4187
75;4047
76;4076
77;3938
78;3941
79;3757
80;3690
81;3617
82;3515
83;3490
84;3312
85;3337
86;3325
87;3239
88;3214
89;3047
90;3094
91;2932
92;2909
93;2851
94;2867
95;2821
96;2751
97;2619
98;2613
99;2541
100;2586
101;2544
102;2362
103;2355
104;2310
105;2333
106;2274
107;2185
108;2182
109;2131
110;2127
111;2192
112;2061
113;2037
114;2044
115;1929
116;1976
117;1936
118;1878
119;1839
120;1818
121;1759
122;1773
123;1775
124;1753
125;1741
126;1684
127;1642
128;1701
129;1668
130;1595
131;1580
132;1608
133;1549
134;1522
135;1560
136;1537
137;1488
138;1434
139;1467
140;1492
141;1373
142;1410
143;1359
144;1321
145;1415
146;1354
147;1338
148;1278
149;1336
150;1233
151;1229
152;1236
153;1228
154;1203
155;1217
156;1234
157;1231
158;1158
159;1196
160;1106
161;1151
162;1159
163;1048
164;1142
165;1026
166;1037
167;1076
168;1018
169;1021
170;996
171;1014
172;1035
173;969
174;1002
175;1007
176;1011
177;917
178;906
179;946
180;908
181;913
182;918
183;908
184;923
185;859
186;861
187;824
188;848
189;832
190;870
191;816
192;853
193;841
194;806
195;859
196;837
197;770
198;774
199;767
200;762
201;803
202;719
203;786
204;749
205;724
206;745
207;757
208;800
209;699
210;770
211;696
212;698
213;700
214;685
215;708
216;690
217;708
218;740
219;655
220;716
221;655
222;647
223;655
224;655
225;680
226;646
227;594
228;625
229;597
230;603
231;617
232;582
233;585
234;537
235;617
236;624
237;643
238;596
239;594
240;554
241;607
242;609
243;574
244;570
245;559
246;585
247;485
248;573
249;526
250;566
251;535
252;547
253;528
254;556
255;508
256;524
257;516
258;493
259;502
260;492
261;471
262;438
263;475
264;540
265;518
266;511
267;459
268;476
269;461
270;506
271;491
272;493
273;469
274;482
275;465
276;426
277;434
278;434
279;443
280;433
281;461
282;460
283;424
284;436
285;460
286;431
287;422
288;430
289;436
290;406
291;493
292;435
293;409
294;425
295;428
296;417
297;404
298;384
299;420
300;408
301;405
302;401
303;462
304;409
305;395
306;389
307;415
308;362
309;349
310;360
311;406
312;411
313;386
314;350
315;397
316;384
317;409
318;367
319;373
320;344
321;316
322;338
323;350
324;389
325;372
326;343
327;373
328;346
329;341
330;336
331;351
332;328
333;326
334;364
335;338
336;351
337;329
338;325
339;310
340;345
341;304
342;353
343;337
344;328
345;298
346;321
347;317
348;279
349;310
350;311
351;292
352;266
353;321
354;321
355;296
356;303
357;346
358;307
359;301
360;296
361;295
362;293
363;295
364;302
365;321
366;296
367;263
368;286
369;258
370;279
371;276
372;285
373;285
374;279
375;278
376;297
377;256
378;306
379;262
380;304
381;273
382;282
383;292
384;254
385;270
386;274
387;258
388;270
389;256
390;260
391;274
392;250
393;294
394;275
395;304
396;257
397;253
398;246
399;261
400;229
401;248
402;265
403;277
404;223
405;241
406;239
407;242
408;254
409;259
410;263
411;250
412;245
413;224
414;224
415;244
416;220
417;218
418;224
419;247
420;223
421;235
422;246
423;236
424;245
425;231
426;221
427;243
428;210
429;243
430;232
431;210
432;259
433;189
434;240
435;221
436;214
437;233
438;224
439;193
440;218
441;227
442;218
443;211
444;189
445;207
446;219
447;232
448;194
449;193
450;213
451;196
452;189
453;193
454;194
455;201
456;200
457;239
458;207
459;181
460;187
461;207
462;215
463;183
464;180
465;219
466;179
467;217
468;200
469;198
470;181
471;202
472;187
473;216
474;192
475;192
476;199
477;181
478;185
479;214
480;195
481;190
482;189
483;200
484;197
485;196
486;204
487;179
488;216
489;190
490;173
491;181
492;194
493;181
494;176
495;193
496;167
497;170
498;171
499;157
500;180
501;153
502;147
503;176
504;178
505;173
506;161
507;151
508;146
509;171
510;160
511;160
512;158
513;172
514;173
515;196
516;169
517;177
518;171
519;191
520;172
521;161
522;177
523;160
524;182
525;171
526;163
527;148
528;159
529;177
530;163
531;181
532;152
533;162
534;156
535;155
536;162
537;165
538;142
539;141
540;173
541;163
542;138
543;168
544;169
545;161
546;139
547;154
548;185
549;149
550;138
551;152
552;172
553;135
554;138
555;171
556;157
557;153
558;152
559;159
560;153
561;155
562;145
563;126
564;132
565;143
566;144
567;141
568;138
569;151
570;148
571;150
572;134
573;158
574;135
575;140
576;154
577;128
578;121
579;122
580;120
581;153
582;122
583;132
584;139
585;131
586;121
587;135
588;141
589;142
590;147
591;131
592;131
593;135
594;121
595;120
596;127
597;126
598;135
599;132
600;136
601;123
602;142
603;123
604;107
605;138
606;125
607;123
608;124
609;135
610;134
611;117
612;118
613;125
614;125
615;136
616;113
617;107
618;110
619;121
620;98
621;126
622;130
623;119
624;121
625;133
626;115
627;118
628;123
629;98
630;132
631;133
632;126
633;119
634;108
635;106
636;112
637;138
638;107
639;116
640;121
641;105
642;133
643;124
644;101
645;114
646;125
647;134
648;127
649;137
650;116
651;129
652;112
653;112
654;103
655;114
656;98
657;105
658;117
659;119
660;107
661;98
662;122
663;145
664;123
665;117
666;115
667;112
668;117
669;111
670;109
671;118
672;120
673;91
674;104
675;101
676;79
677;102
678;121
679;115
680;99
681;108
682;95
683;104
684;99
685;105
686;133
687;105
688;89
689;93
690;101
691;100
692;111
693;103
694;119
695;101
696;107
697;105
698;99
699;117
700;99
701;101
702;99
703;113
704;88
705;106
706;92
707;91
708;106
709;88
710;100
711;108
712;93
713;82
714;96
715;100
716;80
717;116
718;100
719;88
720;84
721;104
722;81
723;87
724;96
725;110
726;105
727;76
728;85
729;75
730;85
731;108
732;113
733;91
734;95
735;69
736;97
737;87
738;90
739;106
740;99
741;83
742;88
743;87
744;85
745;90
746;98
747;93
748;74
749;90
750;100
751;81
752;82
753;109
754;84
755;96
756;83
757;112
758;86
759;85
760;86
761;93
762;90
763;82
764;88
765;96
766;89
767;93
768;88
769;88
770;86
771;92
772;95
773;98
774;91
775;94
776;79
777;96
778;81
779;83
780;88
781;80
782;104
783;99
784;73
785;80
786;72
787;98
788;80
789;77
790;91
791;79
792;74
793;65
794;85
795;81
796;82
797;81
798;76
799;76
800;73
801;72
802;76
803;85
804;87
805;80
806;72
807;78
808;72
809;81
810;86
811;78
812;79
813;81
814;79
815;90
816;86
817;65
818;70
819;67
820;64
821;81
822;67
823;78
824;79
825;73
826;81
827;85
828;91
829;75
830;67
831;69
832;62
833;82
834;78
835;73
836;86
837;78
838;87
839;58
840;79
841;70
842;80
843;65
844;63
845;77
846;66
847;76
848;81
849;80
850;75
851;80
852;61
853;67
854;65
855;65
856;72
857;75
858;69
859;84
860;71
861;65
862;71
863;86
864;74
865;64
866;67
867;64
868;77
869;81
870;62
871;59
872;55
873;60
874;69
875;73
876;70
877;57
878;66
879;63
880;75
881;77
882;59
883;75
884;75
885;72
886;57
887;75
888;70
889;57
890;64
891;66
892;69
893;72
894;62
895;69
896;55
897;64
898;63
899;66
900;75
901;64
902;81
903;64
904;69
905;52
906;60
907;59
908;68
909;84
910;75
911;71
912;58
913;64
914;62
915;63
916;69
917;57
918;62
919;62
920;54
921;65
922;74
923;65
924;66
925;68
926;54
927;47
928;50
929;75
930;56
931;59
932;55
933;64
934;71
935;71
936;55
937;71
938;61
939;54
940;65
941;68
942;76
943;59
944;65
945;56
946;72
947;41
948;73
949;47
950;53
951;56
952;65
953;57
954;53
955;60
956;55
957;67
958;60
959;68
960;57
961;61
962;63
963;53
964;52
965;47
966;46
967;56
968;63
969;55
970;55
971;57
972;63
973;71
974;53
975;64
976;59
977;66
978;52
979;65
980;40
981;60
982;52
983;48
984;57
985;49
986;60
987;49
988;63
989;55
990;58
991;61
992;52
993;51
994;66
995;60
996;52
997;51
998;43
999;43
1000;55
1001;52
1002;51
1003;51
1004;65
1005;61
1006;64
1007;62
1008;65
1009;56
1010;57
1011;51
1012;42
1013;40
1014;50
1015;49
1016;45
1017;50
1018;50
1019;52
1020;50
1021;46
1022;60
1023;41
1024;39
1025;44
1026;62
1027;48
1028;42
1029;52
1030;43
1031;50
1032;55
1033;39
1034;61
1035;41
1036;50
1037;46
1038;34
1039;47
1040;39
1041;46
1042;46
1043;59
1044;33
1045;40
1046;56
1047;44
1048;49
1049;52
1050;38
1051;50
1052;50
1053;45
1054;44
1055;46
1056;41
1057;54
1058;52
1059;49
1060;45
1061;41
1062;47
1063;38
1064;46
1065;62
1066;45
1067;39
1068;44
1069;48
1070;40
1071;49
1072;44
1073;34
1074;36
1075;37
1076;49
1077;51
1078;39
1079;53
1080;45
1081;40
1082;50
1083;38
1084;48
1085;50
1086;47
1087;41
1088;44
1089;37
1090;46
1091;40
1092;47
1093;41
1094;49
1095;40
1096;45
1097;30
1098;49
1099;39
1100;42
1101;43
1102;36
1103;53
1104;46
1105;45
1106;32
1107;33
1108;34
1109;37
1110;42
1111;36
1112;42
1113;34
1114;44
1115;54
1116;39
1117;34
1118;39
1119;45
1120;34
1121;45
1122;42
1123;41
1124;31
1125;54
1126;45
1127;44
1128;37
1129;41
1130;44
1131;37
1132;38
1133;37
1134;34
1135;29
1136;34
1137;35
1138;36
1139;44
1140;32
1141;42
1142;48
1143;37
1144;30
1145;42
1146;44
1147;54
1148;39
1149;36
1150;45
1151;28
1152;43
1153;32
1154;33
1155;34
1156;29
1157;34
1158;44
1159;37
1160;34
1161;38
1162;41
1163;24
1164;33
1165;31
1166;38
1167;46
1168;34
1169;27
1170;45
1171;43
1172;38
1173;30
1174;35
1175;30
1176;33
1177;37
1178;33
1179;37
1180;39
1181;30
1182;41
1183;33
1184;37
1185;24
1186;30
1187;38
1188;41
1189;36
1190;28
1191;34
1192;36
1193;35
1194;34
1195;40
1196;43
1197;47
1198;30
1199;39
1200;24
1201;25
1202;23
1203;34
1204;28
1205;31
1206;28
1207;28
1208;29
1209;38
1210;28
1211;25
1212;34
1213;27
1214;36
1215;36
1216;27
1217;25
1218;29
1219;29
1220;36
1221;44
1222;28
1223;28
1224;28
1225;31
1226;32
1227;41
1228;40
1229;38
1230;34
1231;44
1232;24
1233;31
1234;37
1235;27
1236;25
1237;36
1238;20
1239;28
1240;24
1241;29
1242;29
1243;35
1244;50
1245;28
1246;37
1247;29
1248;32
1249;33
1250;28
1251;33
1252;30
1253;30
1254;35
1255;32
1256;26
1257;39
1258;33
1259;34
1260;29
1261;24
1262;26
1263;29
1264;27
1265;27
1266;35
1267;27
1268;33
1269;29
1270;31
1271;26
1272;22
1273;31
1274;38
1275;21
1276;38
1277;26
1278;27
1279;35
1280;18
1281;30
1282;33
1283;22
1284;24
1285;35
1286;20
1287;33
1288;25
1289;18
1290;30
1291;21
1292;34
1293;31
1294;31
1295;35
1296;20
1297;28
1298;25
1299;22
1300;23
1301;17
1302;27
1303;32
1304;30
1305;23
1306;32
1307;18
1308;20
1309;22
1310;24
1311;29
1312;24
1313;23
1314;24
1315;17
1316;18
1317;26
1318;20
1319;30
1320;24
1321;24
1322;19
1323;23
1324;21
1325;17
1326;19
1327;25
1328;32
1329;22
1330;29
1331;24
1332;17
1333;29
1334;29
1335;24
1336;25
1337;21
1338;24
1339;27
1340;30
1341;20
1342;17
1343;20
1344;27
1345;24
1346;20
1347;27
1348;26
1349;17
1350;22
1351;19
1352;22
1353;17
1354;17
1355;19
1356;19
1357;21
1358;21
1359;15
1360;20
1361;13
1362;19
1363;23
1364;23
1365;18
1366;28
1367;20
1368;15
1369;18
1370;15
1371;23
1372;21
1373;20
1374;16
1375;18
1376;16
1377;19
1378;23
1379;16
1380;13
1381;24
1382;19
1383;12
1384;22
1385;18
1386;20
1387;18
1388;16
1389;18
1390;19
1391;24
1392;18
1393;15
1394;11
1395;18
1396;16
1397;15
1398;23
1399;19
1400;12
1401;9
1402;20
1403;22
1404;13
1405;18
1406;12
1407;22
1408;16
1409;16
1410;18
1411;20
1412;20
1413;17
1414;13
1415;14
1416;10
1417;8
1418;13
1419;9
1420;15
1421;15
1422;14
1423;13
1424;19
1425;12
1426;14
1427;12
1428;17
1429;15
1430;16
1431;17
1432;19
1433;12
1434;18
1435;20
1436;13
1437;14
1438;17
1439;11
1440;23
1441;15
1442;10
1443;14
1444;20
1445;12
1446;15
1447;11
1448;11
1449;13
1450;13
1451;25
1452;15
1453;16
1454;11
1455;13
1456;11
1457;14
1458;10
1459;19
1460;17
1461;12
1462;6
1463;15
1464;8
1465;15
1466;11
1467;11
1468;17
1469;9
1470;18
1471;11
1472;15
1473;19
1474;17
1475;17
1476;16
1477;17
1478;17
1479;10
1480;9
1481;10
1482;13
1483;12
1484;13
1485;11
1486;13
1487;14
1488;16
1489;15
1490;8
1491;17
1492;12
1493;9
1494;9
1495;11
1496;13
1497;11
1498;12
1499;6
1500;16
1501;11
1502;9
1503;11
1504;9
1505;7
1506;6
1507;9
1508;9
1509;9
1510;3
1511;9
1512;9
1513;8
1514;7
1515;6
1516;10
1517;9
1518;8
1519;11
1520;11
1521;11
1522;12
1523;7
1524;14
1525;10
1526;14
1527;12
1528;5
1529;8
1530;13
1531;11
1532;10
1533;7
1534;9
1535;13
1536;8
1537;9
1538;11
1539;9
1540;10
1541;2
1542;9
1543;7
1544;4
1545;10
1546;10
1547;3
1548;9
1549;12
1550;9
1551;7
1552;13
1553;8
1554;7
1555;11
1556;7
1557;6
1558;8
1559;4
1560;9
1561;13
1562;7
1563;11
1564;6
1565;13
1566;5
1567;4
1568;6
1569;6
1570;7
1571;8
1572;9
1573;8
1574;7
1575;11
1576;4
1577;8
1578;10
1579;5
1580;5
1581;9
1582;8
1583;4
1584;5
1585;6
1586;6
1587;6
1588;3
1589;6
1590;5
1591;11
1592;6
1593;9
1594;7
1595;11
1596;6
1597;9
1598;5
1599;11
1600;5
1601;10
1602;8
1603;4
1604;7
1605;6
1606;6
1607;7
1608;5
1609;4
1610;5
1611;3
1612;10
1613;7
1614;4
1615;6
1616;5
1617;4
1618;7
1619;4
1620;3
1621;4
1622;4
1623;5
1624;4
1625;7
1626;3
1627;5
1628;8
1629;2
1630;4
1631;1
1632;6
1633;3
1634;7
1635;0
1636;1
1637;7
1638;5
1639;6
1640;2
1641;5
1642;3
1643;3
1644;2
1645;2
1646;6
1647;6
1648;5
1649;6
1650;4
1651;4
1652;4
1653;4
1654;6
1655;5
1656;8
1657;2
1658;5
1659;3
1660;3
1661;0
1662;4
1663;3
1664;6
1665;5
1666;4
1667;1
1668;4
1669;8
1670;3
1671;6
1672;1
1673;1
1674;1
1675;1
1676;3
1677;4
1678;2
1679;1
1680;4
1681;4
1682;3
1683;4
1684;1
1685;2
1686;1
1687;1
1688;4
1689;5
1690;2
1691;3
1692;4
1693;3
1694;4
1695;1
1696;1
1697;2
1698;2
1699;1
1700;4
1701;6
1702;3
1703;4
1704;4
1705;2
1706;3
1707;2
1708;0
1709;1
1710;3
1711;6
1712;2
1713;2
1714;1
1715;1
1716;3
1717;2
1718;2
1719;3
1720;2
1721;4
1722;3
1723;2
1724;0
1725;2
1726;6
1727;3
1728;2
1729;2
1730;1
1731;0
1732;1
1733;3
1734;1
1735;0
1736;3
1737;0
1738;1
1739;1
1740;1
1741;0
1742;3
1743;3
1744;4
1745;1
1746;1
1747;2
1748;0
1749;2
1750;0
1751;2
1752;1
1753;3
1754;1
1755;0
1756;0
1757;3
1758;1
1759;1
1760;1
1761;2
1762;1
1763;0
1764;2
1765;3
1766;2
1767;0
1768;2
1769;0
1770;1
1771;2
1772;1
1773;1
1774;1
1775;1
1776;2
1777;0
1778;1
1779;1
1780;0
1781;0
1782;3
1783;1
1784;1
1785;1
1786;1
1787;2
1788;1
1789;1
1790;1
1791;1
1792;0
1793;1
1794;1
1795;1
1796;0
1797;0
1798;0
1799;3
1800;1
1801;0
1802;1
1803;1
1804;0
1805;1
1806;1
1807;1
1808;2
1809;2
1810;0
1811;0
1812;1
1813;0
1814;1
1815;1
1816;1
1817;0
1818;0
1819;1
1820;1
1821;1
1822;0
1823;2
1824;0
1825;0
1826;2
1827;0
1828;1
1829;1
1830;1
1831;1
1832;0
1833;1
1834;1
1835;0
1836;0
1837;0
1838;0
1839;0
1840;1
1841;0
1842;0
1843;1
1844;1
1845;0
1846;0
1847;0
1848;0
1849;0
1850;0
1851;2
1852;1
1853;0
1854;0
1855;0
1856;0
1857;1
1858;1
1859;1
1860;0
1861;0
1862;0
1863;1
1864;1
1865;0
1866;0
1867;0
1868;0
1869;0
1870;0
1871;1
1872;2
1873;0
1874;0
1875;0
1876;1
1877;1
1878;0
1879;0
1880;0
1881;0
1882;0
1883;0
1884;1
1885;2
1886;1
1887;0
1888;0
1889;0
1890;0
1891;1
1892;0
1893;0
1894;1
1895;0
1896;0
1897;0
1898;0
1899;0
1900;0
1901;0
1902;0
1903;0
1904;1
1905;1
1906;0
1907;0
1908;1
1909;0
1910;0
1911;2
1912;0
1913;1
1914;0
1915;1
1916;0
1917;0
1918;0
1919;1
1920;0
1921;0
1922;0
1923;0
1924;0
1925;0
1926;0
1927;1
1928;0
1929;0
1930;0
1931;0
1932;0
1933;0
1934;1
1935;0
1936;0
1937;0
1938;0
1939;0
1940;0
1941;0
1942;0
1943;0
1944;0
1945;0
1946;0
1947;0
1948;0
1949;1
1950;0
1951;0
1952;0
1953;0
1954;0
1955;0
1956;0
1957;0
1958;0
1959;1
1960;0
1961;0
1962;0
1963;0
1964;0
1965;2
1966;0
1967;0
1968;0
1969;0
1970;0
1971;0
1972;0
1973;0
1974;0
1975;0
1976;0
1977;0
1978;0
1979;0
1980;0
1981;1
1982;0
1983;0
1984;0
1985;0
1986;0
1987;0
1988;0
1989;0
1990;0
1991;0
1992;0
1993;0
1994;0
1995;0
1996;0
1997;0
1998;0
1999;0
2000;0
2001;0
2002;0
2003;0
2004;0
2005;0
2006;0
2007;0
2008;0
2009;0
2010;0
2011;0
2012;0
2013;0
2014;0
2015;0
2016;0
2017;0
2018;0
2019;0
2020;0
2021;0
2022;0
2023;0
2024;0
2025;0
2026;0
2027;0
2028;0
2029;0
2030;0
2031;0
2032;0
2033;0
2034;0
2035;0
2036;0
2037;0
2038;0
2039;0
2040;0
2041;0
2042;0
2043;0
2044;0
2045;0
2046;0
2047;0
2048;0
2049;0
2050;0
2051;0
2052;0
2053;0
2054;0
2055;0
2056;0
2057;0
2058;0
2059;0
2060;0
2061;0
2062;0
2063;0
2064;0
2065;0
2066;0
2067;0
2068;0
2069;0
2070;0
2071;0
2072;0
2073;0
2074;0
2075;0
2076;0
2077;0
2078;0
2079;0
2080;0
2081;0
2082;0
2083;0
2084;0
2085;0
2086;0
2087;0
2088;0
2089;0
2090;0
2091;0
2092;0
2093;0
2094;0
2095;0
2096;0
2097;0
2098;0
2099;0
2100;0
2101;0
2102;0
2103;0
2104;0
2105;0
2106;0
2107;0
2108;0
2109;0
2110;0
2111;0
2112;0
2113;0
2114;0
2115;0
2116;0
2117;0
2118;0
2119;0
2120;0
2121;0
2122;0
2123;0
2124;0
2125;0
2126;0
2127;0
2128;0
2129;0
2130;0
2131;0
2132;0
2133;0
2134;0
2135;0
2136;0
2137;0
2138;0
2139;0
2140;0
2141;0
2142;0
2143;0
2144;0
2145;0
2146;0
2147;0
2148;0
2149;0
2150;0
2151;0
2152;0
2153;0
2154;0
2155;0
2156;0
2157;0
2158;0
2159;0
2160;0
2161;0
2162;0
2163;0
2164;0
2165;0
2166;0
2167;0
2168;0
2169;0
2170;0
2171;0
2172;0
2173;0
2174;0
2175;0
2176;0
2177;0
2178;0
2179;0
2180;0
2181;0
2182;0
2183;0
2184;0
2185;0
2186;0
2187;0
2188;0
2189;0
2190;0
2191;0
2192;0
2193;0
2194;0
2195;0
2196;0
2197;0
2198;0
2199;0
2200;0
2201;0
2202;0
2203;0
2204;0
2205;0
2206;0
2207;0
2208;0
2209;0
2210;0
2211;0
2212;0
2213;0
2214;0
2215;0
2216;0
2217;0
2218;0
2219;0
2220;0
2221;0
2222;0
2223;0
2224;0
2225;0
2226;0
2227;0
2228;0
2229;0
2230;0
2231;0
2232;0
2233;0
2234;0
2235;0
2236;0
2237;0
2238;0
2239;0
2240;0
2241;0
2242;0
2243;0
2244;0
2245;0
2246;0
2247;0
2248;0
2249;0
2250;0
2251;0
2252;0
2253;0
2254;0
2255;0
2256;0
2257;0
2258;0
2259;0
2260;0
2261;0
2262;0
2263;0
2264;0
2265;0
2266;0
2267;0
2268;0
2269;0
2270;0
2271;0
2272;0
2273;0
2274;0
2275;0
2276;0
2277;0
2278;0
2279;0
2280;0
2281;0
2282;0
2283;0
2284;0
2285;0
2286;0
2287;0
2288;0
2289;0
2290;0
2291;0
2292;0
2293;0
2294;0
2295;0
2296;0
2297;0
2298;0
2299;0
2300;0
2301;0
2302;0
2303;0
2304;0
2305;0
2306;0
2307;0
2308;0
2309;0
2310;0
2311;0
2312;0
2313;0
2314;0
2315;0
2316;0
2317;0
2318;0
2319;0
2320;0
2321;0
2322;0
2323;0
2324;0
2325;0
2326;0
2327;0
2328;0
2329;0
2330;0
2331;0
2332;0
2333;0
2334;0
2335;0
2336;0
2337;0
2338;0
2339;0
2340;0
2341;0
2342;0
2343;0
2344;0
2345;0
2346;0
2347;0
2348;0
2349;0
2350;0
2351;0
2352;0
2353;0
2354;0
2355;0
2356;0
2357;0
2358;0
2359;0
2360;0
2361;0
2362;0
2363;0
2364;0
2365;0
2366;0
2367;0
2368;0
2369;0
2370;0
2371;0
2372;0
2373;0
2374;0
2375;0
2376;0
2377;0
2378;0
2379;0
2380;0
2381;0
2382;0
2383;0
2384;0
2385;0
2386;0
2387;0
2388;0
2389;0
2390;0
2391;0
2392;0
2393;0
2394;0
2395;0
2396;0
2397;0
2398;0
2399;0
2400;0
2401;0
2402;0
2403;0
2404;0
2405;0
2406;0
2407;0
2408;0
2409;0
2410;0
2411;0
2412;0
2413;0
2414;0
2415;0
2416;0
2417;0
2418;0
2419;0
2420;0
2421;0
2422;0
2423;0
2424;0
2425;0
2426;0
2427;0
2428;0
2429;0
2430;0
2431;0
2432;0
2433;0
2434;0
2435;0
2436;0
2437;0
2438;0
2439;0
2440;0
2441;0
2442;0
2443;0
2444;0
2445;0
2446;0
2447;0
2448;0
2449;0
2450;0
2451;0
2452;0
2453;0
2454;0
2455;0
2456;0
2457;0
2458;0
2459;0
2460;0
2461;0
2462;0
2463;0
2464;0
2465;0
2466;0
2467;0
2468;0
2469;0
2470;0
2471;0
2472;0
2473;0
2474;0
2475;0
2476;0
2477;0
2478;0
2479;0
2480;0
2481;0
2482;0
2483;0
2484;0
2485;0
2486;0
2487;0
2488;0
2489;0
2490;0
2491;0
2492;0
2493;0
2494;0
2495;0
2496;0
2497;0
2498;0
2499;0
2500;0
2501;0
2502;0
2503;0
2504;0
2505;0
2506;0
2507;0
2508;0
2509;0
2510;0
2511;0
2512;0
2513;0
2514;0
2515;0
2516;0
2517;0
2518;0
2519;0
2520;0
2521;0
2522;0
2523;0
2524;0
2525;0
2526;0
2527;0
2528;0
2529;0
2530;0
2531;0
2532;0
2533;0
2534;0
2535;0
2536;0
2537;0
2538;0
2539;0
2540;0
2541;0
2542;0
2543;0
2544;0
2545;0
2546;0
2547;0
2548;0
2549;0
2550;0
2551;0
2552;0
2553;0
2554;0
2555;0
2556;0
2557;0
2558;0
2559;0
2560;0
2561;0
2562;0
2563;0
2564;0
2565;0
2566;0
2567;0
2568;0
2569;0
2570;0
2571;0
2572;0
2573;0
2574;0
2575;0
2576;0
2577;0
2578;0
2579;0
2580;0
2581;0
2582;0
2583;0
2584;0
2585;0
2586;0
2587;0
2588;0
2589;0
2590;0
2591;0
2592;0
2593;0
2594;0
2595;0
2596;0
2597;0
2598;0
2599;0
2600;0
2601;0
2602;0
2603;0
2604;0
2605;0
2606;0
2607;0
2608;0
2609;0
2610;0
2611;0
2612;0
2613;0
2614;0
2615;0
2616;0
2617;0
2618;0
2619;0
2620;0
2621;0
2622;0
2623;0
2624;0
2625;0
2626;0
2627;0
2628;0
2629;0
2630;0
2631;0
2632;0
2633;0
2634;0
2635;0
2636;0
2637;0
2638;0
2639;0
2640;0
2641;0
2642;0
2643;0
2644;0
2645;0
2646;0
2647;0
2648;0
2649;0
2650;0
2651;0
2652;0
2653;0
2654;0
2655;0
2656;0
2657;0
2658;0
2659;0
2660;0
2661;0
2662;0
2663;0
2664;0
2665;0
2666;0
2667;0
2668;0
2669;0
2670;0
2671;0
2672;0
2673;0
2674;0
2675;0
2676;0
2677;0
2678;0
2679;0
2680;0
2681;0
2682;0
2683;0
2684;0
2685;0
2686;0
2687;0
2688;0
2689;0
2690;0
2691;0
2692;0
2693;0
2694;0
2695;0
2696;0
2697;0
2698;0
2699;0
2700;0
2701;0
2702;0
2703;0
2704;0
2705;0
2706;0
2707;0
2708;0
2709;0
2710;0
2711;0
2712;0
2713;0
2714;0
2715;0
2716;0
2717;0
2718;0
2719;0
2720;0
2721;0
2722;0
2723;0
2724;0
2725;0
2726;0
2727;0
2728;0
2729;0
2730;0
2731;0
2732;0
2733;0
2734;0
2735;0
2736;0
2737;0
2738;0
2739;0
2740;0
2741;0
2742;0
2743;0
2744;0
2745;0
2746;0
2747;0
2748;0
2749;0
2750;0
2751;0
2752;0
2753;0
2754;0
2755;0
2756;0
2757;0
2758;0
2759;0
2760;0
2761;0
2762;0
2763;0
2764;0
2765;0
2766;0
2767;0
2768;0
2769;0
2770;0
2771;0
2772;0
2773;0
2774;0
2775;0
2776;0
2777;0
2778;0
2779;0
2780;0
2781;0
2782;0
2783;0
2784;0
2785;0
2786;0
2787;0
2788;0
2789;0
2790;0
2791;0
2792;0
2793;0
2794;0
2795;0
2796;0
2797;0
2798;0
2799;0
2800;0
2801;0
2802;0
2803;0
2804;0
2805;0
2806;0
2807;0
2808;0
2809;0
2810;0
2811;0
2812;0
2813;0
2814;0
2815;0
2816;0
2817;0
2818;0
2819;0
2820;0
2821;0
2822;0
2823;0
2824;0
2825;0
2826;0
2827;0
2828;0
2829;0
2830;0
2831;0
2832;0
2833;0
2834;0
2835;0
2836;0
2837;0
2838;0
2839;0
2840;0
2841;0
2842;0
2843;0
2844;0
2845;0
2846;0
2847;0
2848;0
2849;0
2850;0
2851;0
2852;0
2853;0
2854;0
2855;0
2856;0
2857;0
2858;0
2859;0
2860;0
2861;0
2862;0
2863;0
2864;0
2865;0
2866;0
2867;0
2868;0
2869;0
2870;0
2871;0
2872;0
2873;0
2874;0
2875;0
2876;0
2877;0
2878;0
2879;0
2880;0
2881;0
2882;0
2883;0
2884;0
2885;0
2886;0
2887;0
2888;0
2889;0
2890;0
2891;0
2892;0
2893;0
2894;0
2895;0
2896;0
2897;0
2898;0
2899;0
2900;0
2901;0
2902;0
2903;0
2904;0
2905;0
2906;0
2907;0
2908;0
2909;0
2910;0
2911;0
2912;0
2913;0
2914;0
2915;0
2916;0
2917;0
2918;0
2919;0
2920;0
2921;0
2922;0
2923;0
2924;0
2925;0
2926;0
2927;0
2928;0
2929;0
2930;0
2931;0
2932;0
2933;0
2934;0
2935;0
2936;0
2937;0
2938;0
2939;0
2940;0
2941;0
2942;0
2943;0
2944;0
2945;0
2946;0
2947;0
2948;0
2949;0
2950;0
2951;0
2952;0
2953;0
2954;0
2955;0
2956;0
2957;0
2958;0
2959;0
2960;0
2961;0
2962;0
2963;0
2964;0
2965;0
2966;0
2967;0
2968;0
2969;0
2970;0
2971;0
2972;0
2973;0
2974;0
2975;0
2976;0
2977;0
2978;0
2979;0
2980;0
2981;0
2982;0
2983;0
2984;0
2985;0
2986;0
2987;0
2988;0
2989;0
2990;0
2991;0
2992;0
2993;0
2994;0
2995;0
2996;0
2997;0
2998;0
2999;0
3000;0
3001;0
3002;0
3003;0
3004;0
3005;0
3006;0
3007;0
3008;0
3009;0
3010;0
3011;0
3012;0
3013;0
3014;0
3015;0
3016;0
3017;0
3018;0
3019;0
3020;0
3021;0
3022;0
3023;0
3024;0
3025;0
3026;0
3027;0
3028;0
3029;0
3030;0
3031;0
3032;0
3033;0
3034;0
3035;0
3036;0
3037;0
3038;0
3039;0
3040;0
3041;0
3042;0
3043;0
3044;0
3045;0
3046;0
3047;0
3048;0
3049;0
3050;0
3051;0
3052;0
3053;0
3054;0
3055;0
3056;0
3057;0
3058;0
3059;0
3060;0
3061;0
3062;0
3063;0
3064;0
3065;0
3066;0
3067;0
3068;0
3069;0
3070;0
3071;0
3072;0
3073;0
3074;0
3075;0
3076;0
3077;0
3078;0
3079;0
3080;0
3081;0
3082;0
3083;0
3084;0
3085;0
3086;0
3087;0
3088;0
3089;0
3090;0
3091;0
3092;0
3093;0
3094;0
3095;0
3096;0
3097;0
3098;0
3099;0
3100;0
3101;0
3102;0
3103;0
3104;0
3105;0
3106;0
3107;0
3108;0
3109;0
3110;0
3111;0
3112;0
3113;0
3114;0
3115;0
3116;0
3117;0
3118;0
3119;0
3120;0
3121;0
3122;0
3123;0
3124;0
3125;0
3126;0
3127;0
3128;0
3129;0
3130;0
3131;0
3132;0
3133;0
3134;0
3135;0
3136;0
3137;0
3138;0
3139;0
3140;0
3141;0
3142;0
3143;0
3144;0
3145;0
3146;0
3147;0
3148;0
3149;0
3150;0
3151;0
3152;0
3153;0
3154;0
3155;0
3156;0
3157;0
3158;0
3159;0
3160;0
3161;0
3162;0
3163;0
3164;0
3165;0
3166;0
3167;0
3168;0
3169;0
3170;0
3171;0
3172;0
3173;0
3174;0
3175;0
3176;0
3177;0
3178;0
3179;0
3180;0
3181;0
3182;0
3183;0
3184;0
3185;0
3186;0
3187;0
3188;0
3189;0
3190;0
3191;0
3192;0
3193;0
3194;0
3195;0
3196;0
3197;0
3198;0
3199;0
3200;0
3201;0
3202;0
3203;0
3204;0
3205;0
3206;0
3207;0
3208;0
3209;0
3210;0
3211;0
3212;0
3213;0
3214;0
3215;0
3216;0
3217;0
3218;0
3219;0
3220;0
3221;0
3222;0
3223;0
3224;0
3225;0
3226;0
3227;0
3228;0
3229;0
3230;0
3231;0
3232;0
3233;0
3234;0
3235;0
3236;0
3237;0
3238;0
3239;0
3240;0
3241;0
3242;0
3243;0
3244;0
3245;0
3246;0
3247;0
3248;0
3249;0
3250;0
3251;0
3252;0
3253;0
3254;0
3255;0
3256;0
3257;0
3258;0
3259;0
3260;0
3261;0
3262;0
3263;0
3264;0
3265;0
3266;0
3267;0
3268;0
3269;0
3270;0
3271;0
3272;0
3273;0
3274;0
3275;0
3276;0
3277;0
3278;0
3279;0
3280;0
3281;0
3282;0
3283;0
3284;0
3285;0
3286;0
3287;0
3288;0
3289;0
3290;0
3291;0
3292;0
3293;0
3294;0
3295;0
3296;0
3297;0
3298;0
3299;0
3300;0
3301;0
3302;0
3303;0
3304;0
3305;0
3306;0
3307;0
3308;0
3309;0
3310;0
3311;0
3312;0
3313;0
3314;0
3315;0
3316;0
3317;0
3318;0
3319;0
3320;0
3321;0
3322;0
3323;0
3324;0
3325;0
3326;0
3327;0
3328;0
3329;0
3330;0
3331;0
3332;0
3333;0
3334;0
3335;0
3336;0
3337;0
3338;0
3339;0
3340;0
3341;0
3342;0
3343;0
3344;0
3345;0
3346;0
3347;0
3348;0
3349;0
3350;0
3351;0
3352;0
3353;0
3354;0
3355;0
3356;0
3357;0
3358;0
3359;0
3360;0
3361;0
3362;0
3363;0
3364;0
3365;0
3366;0
3367;0
3368;0
3369;0
3370;0
3371;0
3372;0
3373;0
3374;0
3375;0
3376;0
3377;0
3378;0
3379;0
3380;0
3381;0
3382;0
3383;0
3384;0
3385;0
3386;0
3387;0
3388;0
3389;0
3390;0
3391;0
3392;0
3393;0
3394;0
3395;0
3396;0
3397;0
3398;0
3399;0
3400;0
3401;0
3402;0
3403;0
3404;0
3405;0
3406;0
3407;0
3408;0
3409;0
3410;0
3411;0
3412;0
3413;0
3414;0
3415;0
3416;0
3417;0
3418;0
3419;0
3420;0
3421;0
3422;0
3423;0
3424;0
3425;0
3426;0
3427;0
3428;0
3429;0
3430;0
3431;0
3432;0
3433;0
3434;0
3435;0
3436;0
3437;0
3438;0
3439;0
3440;0
3441;0
3442;0
3443;0
3444;0
3445;0
3446;0
3447;0
3448;0
3449;0
3450;0
3451;0
3452;0
3453;0
3454;0
3455;0
3456;0
3457;0
3458;0
3459;0
3460;0
3461;0
3462;0
3463;0
3464;0
3465;0
3466;0
3467;0
3468;0
3469;0
3470;0
3471;0
3472;0
3473;0
3474;0
3475;0
3476;0
3477;0
3478;0
3479;0
3480;0
3481;0
3482;0
3483;0
3484;0
3485;0
3486;0
3487;0
3488;0
3489;0
3490;0
3491;0
3492;0
3493;0
3494;0
3495;0
3496;0
3497;0
3498;0
3499;0
3500;0
3501;0
3502;0
3503;0
3504;0
3505;0
3506;0
3507;0
3508;0
3509;0
3510;0
3511;0
3512;0
3513;0
3514;0
3515;0
3516;0
3517;0
3518;0
3519;0
3520;0
3521;0
3522;0
3523;0
3524;0
3525;0
3526;0
3527;0
3528;0
3529;0
3530;0
3531;0
3532;0
3533;0
3534;0
3535;0
3536;0
3537;0
3538;0
3539;0
3540;0
3541;0
3542;0
3543;0
3544;0
3545;0
3546;0
3547;0
3548;0
3549;0
3550;0
3551;0
3552;0
3553;0
3554;0
3555;0
3556;0
3557;0
3558;0
3559;0
3560;0
3561;0
3562;0
3563;0
3564;0
3565;0
3566;0
3567;0
3568;0
3569;0
3570;0
3571;0
3572;0
3573;0
3574;0
3575;0
3576;0
3577;0
3578;0
3579;0
3580;0
3581;0
3582;0
3583;0
3584;0
3585;0
3586;0
3587;0
3588;0
3589;0
3590;0
3591;0
3592;0
3593;0
3594;0
3595;0
3596;0
3597;0
3598;0
3599;0
3600;0
3601;0
3602;0
3603;0
3604;0
3605;0
3606;0
3607;0
3608;0
3609;0
3610;0
3611;0
3612;0
3613;0
3614;0
3615;0
3616;0
3617;0
3618;0
3619;0
3620;0
3621;0
3622;0
3623;0
3624;0
3625;0
3626;0
3627;0
3628;0
3629;0
3630;0
3631;0
3632;0
3633;0
3634;0
3635;0
3636;0
3637;0
3638;0
3639;0
3640;0
3641;0
3642;0
3643;0
3644;0
3645;0
3646;0
3647;0
3648;0
3649;0
3650;0
3651;0
3652;0
3653;0
3654;0
3655;0
3656;0
3657;0
3658;0
3659;0
3660;0
3661;0
3662;0
3663;0
3664;0
3665;0
3666;0
3667;0
3668;0
3669;0
3670;0
3671;0
3672;0
3673;0
3674;0
3675;0
3676;0
3677;0
3678;0
3679;0
3680;0
3681;0
3682;0
3683;0
3684;0
3685;0
3686;0
3687;0
3688;0
3689;0
3690;0
3691;0
3692;0
3693;0
3694;0
3695;0
3696;0
3697;0
3698;0
3699;0
3700;0
3701;0
3702;0
3703;0
3704;0
3705;0
3706;0
3707;0
3708;0
3709;0
3710;0
3711;0
3712;0
3713;0
3714;0
3715;0
3716;0
3717;0
3718;0
3719;0
3720;0
3721;0
3722;0
3723;0
3724;0
3725;0
3726;0
3727;0
3728;0
3729;0
3730;0
3731;0
3732;0
3733;0
3734;0
3735;0
3736;0
3737;0
3738;0
3739;0
3740;0
3741;0
3742;0
3743;0
3744;0
3745;0
3746;0
3747;0
3748;0
3749;0
3750;0
3751;0
3752;0
3753;0
3754;0
3755;0
3756;0
3757;0
3758;0
3759;0
3760;0
3761;0
3762;0
3763;0
3764;0
3765;0
3766;0
3767;0
3768;0
3769;0
3770;0
3771;0
3772;0
3773;0
3774;0
3775;0
3776;0
3777;0
3778;0
3779;0
3780;0
3781;0
3782;0
3783;0
3784;0
3785;0
3786;0
3787;0
3788;0
3789;0
3790;0
3791;0
3792;0
3793;0
3794;0
3795;0
3796;0
3797;0
3798;0
3799;0
3800;0
3801;0
3802;0
3803;0
3804;0
3805;0
3806;0
3807;0
3808;0
3809;0
3810;0
3811;0
3812;0
3813;0
3814;0
3815;0
3816;0
3817;0
3818;0
3819;0
3820;0
3821;0
3822;0
3823;0
3824;0
3825;0
3826;0
3827;0
3828;0
3829;0
3830;0
3831;0
3832;0
3833;0
3834;0
3835;0
3836;0
3837;0
3838;0
3839;0
3840;0
3841;0
3842;0
3843;0
3844;0
3845;0
3846;0
3847;0
3848;0
3849;0
3850;0
3851;0
3852;0
3853;0
3854;0
3855;0
3856;0
3857;0
3858;0
3859;0
3860;0
3861;0
3862;0
3863;0
3864;0
3865;0
3866;0
3867;0
3868;0
3869;0
3870;0
3871;0
3872;0
3873;0
3874;0
3875;0
3876;0
3877;0
3878;0
3879;0
3880;0
3881;0
3882;0
3883;0
3884;0
3885;0
3886;0
3887;0
3888;0
3889;0
3890;0
3891;0
3892;0
3893;0
3894;0
3895;0
3896;0
3897;0
3898;0
3899;0
3900;0
3901;0
3902;0
3903;0
3904;0
3905;0
3906;0
3907;0
3908;0
3909;0
3910;0
3911;0
3912;0
3913;0
3914;0
3915;0
3916;0
3917;0
3918;0
3919;0
3920;0
3921;0
3922;0
3923;0
3924;0
3925;0
3926;0
3927;0
3928;0
3929;0
3930;0
3931;0
3932;0
3933;0
3934;0
3935;0
3936;0
3937;0
3938;0
3939;0
3940;0
3941;0
3942;0
3943;0
3944;0
3945;0
3946;0
3947;0
3948;0
3949;0
3950;0
3951;0
3952;0
3953;0
3954;0
3955;0
3956;0
3957;0
3958;0
3959;0
3960;0
3961;0
3962;0
3963;0
3964;0
3965;0
3966;0
3967;0
3968;0
3969;0
3970;0
3971;0
3972;0
3973;0
3974;0
3975;0
3976;0
3977;0
3978;0
3979;0
3980;0
3981;0
3982;0
3983;0
3984;0
3985;0
3986;0
3987;0
3988;0
3989;0
3990;0
3991;0
3992;0
3993;0
3994;0
3995;0
3996;0
3997;0
3998;0
3999;0
4000;0
4001;0
4002;0
4003;0
4004;0
4005;0
4006;0
4007;0
4008;0
4009;0
4010;0
4011;0
4012;0
4013;0
4014;0
4015;0
4016;0
4017;0
4018;0
4019;0
4020;0
4021;0
4022;0
4023;0
4024;0
4025;0
4026;0
4027;0
4028;0
4029;0
4030;0
4031;0
4032;0
4033;0
4034;0
4035;0
4036;0
4037;0
4038;0
4039;0
4040;0
4041;0
4042;0
4043;0
4044;0
4045;0
4046;0
4047;0
4048;0
4049;0
4050;0
4051;0
4052;0
4053;0
4054;0
4055;0
4056;0
4057;0
4058;0
4059;0
4060;0
4061;0
4062;0
4063;0
4064;0
4065;0
4066;0
4067;0
4068;0
4069;0
4070;0
4071;0
4072;0
4073;0
4074;0
4075;0
4076;0
4077;0
4078;0
4079;0
4080;0
4081;0
4082;0
4083;0
4084;0
4085;0
4086;0
4087;0
4088;0
4089;0
4090;0
4091;0
4092;0
4093;0
4094;0
4095;0
4096;0
