L 64,p 0.584700,Z 100000
/* Tamanio de cluster; Ocurrencias de cada tamaño de cluster */
1;7761937
2;1699941
3;1021636
4;667749
5;468534
6;346410
7;269256
8;213307
9;175876
10;146862
11;125708
12;108516
13;94187
14;83420
15;73459
16;65628
17;59312
18;53719
19;49239
20;44744
21;41507
22;38536
23;35497
24;32944
25;30510
26;28737
27;26875
28;25155
29;24248
30;22423
31;21083
32;19930
33;18958
34;18066
35;17319
36;16369
37;15608
38;15048
39;14339
40;13644
41;13131
42;12492
43;11997
44;11660
45;11241
46;10803
47;10287
48;10003
49;9505
50;9157
51;8828
52;8686
53;8399
54;7995
55;7798
56;7551
57;7298
58;7296
59;7047
60;6987
61;6646
62;6260
63;6314
64;6060
65;6059
66;5728
67;5621
68;5477
69;5388
70;5125
71;5164
72;5103
73;4934
74;4662
75;4517
76;4599
77;4422
78;4330
79;4321
80;4054
81;4165
82;4109
83;3916
84;3673
85;3868
86;3666
87;3682
88;3553
89;3578
90;3483
91;3295
92;3300
93;3263
94;3180
95;3129
96;3134
97;3005
98;3024
99;2912
100;2826
101;2837
102;2803
103;2598
104;2644
105;2606
106;2624
107;2449
108;2574
109;2432
110;2435
111;2386
112;2319
113;2335
114;2328
115;2247
116;2237
117;2165
118;2126
119;2045
120;2066
121;2049
122;2010
123;2092
124;1931
125;1950
126;1945
127;1914
128;1860
129;1867
130;1878
131;1772
132;1750
133;1762
134;1714
135;1754
136;1683
137;1667
138;1640
139;1599
140;1651
141;1586
142;1561
143;1569
144;1591
145;1568
146;1549
147;1486
148;1504
149;1435
150;1401
151;1358
152;1407
153;1381
154;1406
155;1342
156;1292
157;1335
158;1301
159;1278
160;1335
161;1294
162;1231
163;1256
164;1241
165;1236
166;1201
167;1196
168;1236
169;1197
170;1211
171;1095
172;1126
173;1073
174;1111
175;1118
176;1094
177;1112
178;1068
179;1099
180;1020
181;1038
182;1095
183;1029
184;1025
185;996
186;996
187;932
188;944
189;977
190;978
191;977
192;919
193;906
194;915
195;966
196;915
197;981
198;962
199;937
200;928
201;865
202;893
203;858
204;911
205;809
206;825
207;831
208;817
209;807
210;880
211;793
212;823
213;829
214;807
215;821
216;829
217;787
218;804
219;765
220;749
221;754
222;738
223;760
224;749
225;728
226;768
227;754
228;736
229;732
230;679
231;677
232;681
233;663
234;705
235;668
236;653
237;678
238;703
239;655
240;638
241;654
242;627
243;622
244;638
245;680
246;614
247;653
248;629
249;625
250;611
251;574
252;614
253;605
254;631
255;595
256;630
257;591
258;582
259;543
260;546
261;557
262;578
263;539
264;614
265;558
266;581
267;524
268;611
269;575
270;509
271;533
272;515
273;557
274;561
275;546
276;480
277;498
278;492
279;485
280;545
281;528
282;504
283;503
284;488
285;465
286;509
287;542
288;537
289;467
290;451
291;475
292;483
293;487
294;481
295;477
296;471
297;465
298;461
299;465
300;473
301;462
302;485
303;425
304;448
305;467
306;460
307;428
308;443
309;392
310;436
311;445
312;426
313;440
314;440
315;430
316;387
317;396
318;415
319;432
320;410
321;406
322;419
323;411
324;415
325;447
326;369
327;391
328;412
329;372
330;395
331;375
332;399
333;375
334;375
335;409
336;400
337;338
338;384
339;388
340;372
341;347
342;365
343;362
344;326
345;368
346;336
347;374
348;387
349;358
350;347
351;355
352;366
353;357
354;331
355;355
356;322
357;348
358;319
359;356
360;278
361;342
362;374
363;323
364;312
365;288
366;305
367;346
368;330
369;347
370;308
371;337
372;311
373;315
374;278
375;288
376;297
377;306
378;345
379;320
380;319
381;330
382;313
383;293
384;298
385;285
386;298
387;308
388;284
389;293
390;311
391;290
392;317
393;323
394;261
395;287
396;301
397;288
398;273
399;290
400;286
401;292
402;297
403;275
404;244
405;277
406;278
407;271
408;302
409;286
410;261
411;293
412;270
413;310
414;241
415;267
416;257
417;276
418;255
419;250
420;260
421;260
422;269
423;242
424;262
425;256
426;266
427;242
428;260
429;261
430;233
431;261
432;261
433;253
434;244
435;274
436;243
437;259
438;239
439;255
440;238
441;265
442;249
443;226
444;234
445;219
446;259
447;231
448;262
449;235
450;248
451;227
452;240
453;246
454;232
455;248
456;225
457;240
458;209
459;240
460;226
461;209
462;214
463;225
464;213
465;225
466;228
467;216
468;207
469;229
470;215
471;208
472;187
473;215
474;219
475;206
476;232
477;206
478;200
479;222
480;205
481;230
482;178
483;223
484;231
485;184
486;214
487;235
488;233
489;217
490;208
491;202
492;206
493;216
494;207
495;202
496;197
497;188
498;196
499;189
500;204
501;215
502;226
503;187
504;211
505;194
506;196
507;187
508;178
509;218
510;202
511;206
512;202
513;177
514;188
515;216
516;190
517;196
518;202
519;162
520;199
521;179
522;172
523;169
524;181
525;196
526;207
527;177
528;187
529;172
530;195
531;156
532;180
533;170
534;188
535;171
536;170
537;177
538;156
539;184
540;179
541;178
542;182
543;198
544;166
545;172
546;159
547;149
548;148
549;173
550;187
551;160
552;150
553;153
554;165
555;157
556;147
557;153
558;159
559;137
560;164
561;154
562;149
563;181
564;166
565;169
566;137
567;150
568;168
569;155
570;170
571;147
572;163
573;172
574;130
575;162
576;160
577;169
578;142
579;128
580;135
581;149
582;148
583;145
584;162
585;155
586;144
587;147
588;148
589;159
590;156
591;139
592;165
593;158
594;161
595;157
596;144
597;129
598;161
599;156
600;126
601;148
602;163
603;137
604;140
605;141
606;139
607;135
608;134
609;161
610;145
611;132
612;139
613;124
614;134
615;130
616;136
617;113
618;149
619;153
620;161
621;127
622;128
623;134
624;125
625;138
626;151
627;145
628;147
629;122
630;157
631;114
632;118
633;134
634;123
635;140
636;141
637;136
638;127
639;110
640;130
641;136
642;141
643;120
644;115
645;118
646;115
647;131
648;155
649;121
650;123
651;124
652;137
653;100
654;145
655;119
656;114
657;129
658;118
659;143
660;124
661;136
662;130
663;114
664;119
665;144
666;123
667;120
668;111
669;106
670;118
671;142
672;121
673;123
674;121
675;137
676;125
677;96
678;146
679;122
680;120
681;124
682;128
683;132
684;135
685;103
686;91
687;113
688;110
689;112
690;113
691;107
692;118
693;106
694;109
695;108
696;114
697;119
698;122
699;112
700;114
701;97
702;126
703;112
704;129
705;121
706;94
707;122
708;115
709;103
710;93
711;112
712;114
713;112
714;106
715;110
716;116
717;98
718;115
719;109
720;106
721;96
722;99
723;121
724;92
725;105
726;97
727;97
728;97
729;99
730;90
731;120
732;110
733;105
734;111
735;127
736;98
737;121
738;97
739;111
740;116
741;93
742;112
743;86
744;87
745;87
746;115
747;107
748;100
749;106
750;89
751;100
752;100
753;99
754;99
755;80
756;117
757;109
758;112
759;102
760;101
761;100
762;99
763;79
764;87
765;111
766;94
767;101
768;73
769;68
770;75
771;96
772;94
773;85
774;88
775;105
776;88
777;89
778;75
779;101
780;105
781;103
782;78
783;89
784;90
785;74
786;79
787;99
788;105
789;86
790;89
791;100
792;88
793;81
794;87
795;93
796;85
797;82
798;98
799;95
800;92
801;67
802;68
803;86
804;89
805;90
806;74
807;86
808;68
809;77
810;82
811;70
812;77
813;75
814;85
815;75
816;93
817;81
818;80
819;88
820;84
821;90
822;85
823;100
824;76
825;77
826;86
827;80
828;74
829;81
830;86
831;85
832;95
833;90
834;73
835;88
836;66
837;66
838;88
839;71
840;89
841;78
842;83
843;100
844;90
845;78
846;74
847;64
848;85
849;78
850;73
851;58
852;75
853;63
854;86
855;77
856;78
857;61
858;89
859;68
860;68
861;71
862;66
863;86
864;70
865;73
866;76
867;78
868;80
869;74
870;86
871;70
872;74
873;80
874;75
875;78
876;72
877;66
878;72
879;72
880;69
881;79
882;60
883;64
884;76
885;66
886;73
887;61
888;70
889;74
890;70
891;80
892;75
893;77
894;62
895;68
896;91
897;74
898;76
899;57
900;78
901;74
902;64
903;54
904;66
905;79
906;58
907;62
908;59
909;71
910;66
911;50
912;79
913;72
914;49
915;51
916;74
917;70
918;55
919;59
920;72
921;66
922;63
923;49
924;76
925;58
926;58
927;60
928;72
929;82
930;70
931;77
932;60
933;82
934;69
935;84
936;58
937;60
938;56
939;66
940;76
941;68
942;58
943;54
944;62
945;44
946;66
947;63
948;57
949;57
950;56
951;67
952;68
953;56
954;56
955;50
956;57
957;60
958;64
959;53
960;60
961;66
962;57
963;66
964;48
965;61
966;44
967;68
968;51
969;49
970;67
971;56
972;46
973;65
974;62
975;63
976;63
977;58
978;66
979;54
980;64
981;55
982;49
983;45
984;51
985;56
986;48
987;49
988;72
989;55
990;61
991;48
992;57
993;53
994;45
995;59
996;42
997;54
998;55
999;57
1000;44
1001;46
1002;53
1003;45
1004;53
1005;54
1006;49
1007;47
1008;59
1009;47
1010;56
1011;52
1012;48
1013;49
1014;51
1015;61
1016;57
1017;43
1018;64
1019;44
1020;50
1021;48
1022;56
1023;59
1024;59
1025;54
1026;34
1027;41
1028;50
1029;54
1030;41
1031;42
1032;55
1033;31
1034;53
1035;46
1036;50
1037;54
1038;46
1039;45
1040;53
1041;35
1042;40
1043;50
1044;49
1045;48
1046;45
1047;54
1048;51
1049;35
1050;34
1051;51
1052;34
1053;40
1054;45
1055;46
1056;48
1057;49
1058;26
1059;50
1060;45
1061;47
1062;47
1063;42
1064;55
1065;50
1066;46
1067;40
1068;52
1069;53
1070;51
1071;47
1072;48
1073;61
1074;26
1075;41
1076;42
1077;55
1078;39
1079;50
1080;36
1081;38
1082;48
1083;44
1084;35
1085;52
1086;41
1087;53
1088;33
1089;34
1090;49
1091;54
1092;48
1093;43
1094;42
1095;42
1096;37
1097;46
1098;44
1099;47
1100;44
1101;39
1102;48
1103;35
1104;36
1105;38
1106;50
1107;32
1108;36
1109;25
1110;39
1111;48
1112;59
1113;40
1114;34
1115;52
1116;33
1117;28
1118;35
1119;35
1120;34
1121;37
1122;46
1123;39
1124;38
1125;33
1126;46
1127;34
1128;44
1129;35
1130;41
1131;45
1132;28
1133;38
1134;35
1135;34
1136;38
1137;38
1138;38
1139;36
1140;44
1141;39
1142;36
1143;29
1144;38
1145;38
1146;23
1147;35
1148;50
1149;32
1150;35
1151;25
1152;37
1153;36
1154;30
1155;38
1156;34
1157;25
1158;33
1159;38
1160;29
1161;33
1162;33
1163;35
1164;31
1165;41
1166;34
1167;34
1168;22
1169;52
1170;35
1171;45
1172;33
1173;36
1174;33
1175;31
1176;32
1177;34
1178;30
1179;36
1180;29
1181;32
1182;29
1183;34
1184;41
1185;28
1186;28
1187;26
1188;24
1189;35
1190;24
1191;31
1192;35
1193;29
1194;37
1195;32
1196;27
1197;34
1198;35
1199;25
1200;40
1201;29
1202;36
1203;31
1204;32
1205;28
1206;30
1207;26
1208;39
1209;29
1210;35
1211;35
1212;28
1213;33
1214;34
1215;29
1216;31
1217;35
1218;26
1219;32
1220;27
1221;22
1222;29
1223;30
1224;38
1225;36
1226;29
1227;23
1228;30
1229;29
1230;24
1231;33
1232;21
1233;29
1234;23
1235;27
1236;22
1237;26
1238;30
1239;24
1240;23
1241;26
1242;20
1243;23
1244;23
1245;21
1246;33
1247;21
1248;21
1249;30
1250;25
1251;33
1252;17
1253;31
1254;19
1255;27
1256;25
1257;19
1258;22
1259;28
1260;32
1261;27
1262;29
1263;30
1264;15
1265;27
1266;21
1267;20
1268;32
1269;16
1270;27
1271;25
1272;33
1273;15
1274;21
1275;23
1276;23
1277;31
1278;23
1279;22
1280;28
1281;29
1282;21
1283;22
1284;23
1285;19
1286;18
1287;23
1288;23
1289;20
1290;19
1291;25
1292;23
1293;23
1294;18
1295;16
1296;19
1297;21
1298;21
1299;21
1300;22
1301;16
1302;24
1303;24
1304;23
1305;27
1306;19
1307;10
1308;20
1309;29
1310;26
1311;24
1312;18
1313;23
1314;17
1315;20
1316;20
1317;25
1318;11
1319;18
1320;19
1321;16
1322;21
1323;16
1324;18
1325;22
1326;23
1327;11
1328;9
1329;14
1330;20
1331;22
1332;18
1333;23
1334;23
1335;20
1336;21
1337;17
1338;22
1339;18
1340;17
1341;19
1342;14
1343;19
1344;14
1345;13
1346;17
1347;18
1348;19
1349;22
1350;21
1351;16
1352;22
1353;22
1354;18
1355;14
1356;25
1357;18
1358;20
1359;22
1360;15
1361;16
1362;13
1363;16
1364;18
1365;19
1366;19
1367;21
1368;14
1369;17
1370;16
1371;14
1372;7
1373;20
1374;9
1375;17
1376;14
1377;13
1378;17
1379;18
1380;13
1381;8
1382;17
1383;15
1384;10
1385;17
1386;22
1387;11
1388;15
1389;10
1390;11
1391;11
1392;14
1393;18
1394;13
1395;8
1396;17
1397;7
1398;7
1399;10
1400;16
1401;10
1402;11
1403;6
1404;8
1405;11
1406;11
1407;8
1408;12
1409;12
1410;9
1411;14
1412;12
1413;7
1414;11
1415;18
1416;12
1417;14
1418;11
1419;8
1420;11
1421;10
1422;4
1423;9
1424;10
1425;8
1426;15
1427;22
1428;12
1429;11
1430;6
1431;17
1432;6
1433;15
1434;13
1435;8
1436;18
1437;10
1438;14
1439;6
1440;6
1441;8
1442;11
1443;13
1444;10
1445;9
1446;7
1447;8
1448;11
1449;9
1450;11
1451;11
1452;6
1453;13
1454;16
1455;5
1456;15
1457;15
1458;16
1459;10
1460;10
1461;6
1462;15
1463;7
1464;12
1465;7
1466;5
1467;11
1468;11
1469;9
1470;8
1471;11
1472;8
1473;9
1474;7
1475;3
1476;8
1477;5
1478;11
1479;2
1480;14
1481;4
1482;8
1483;6
1484;9
1485;9
1486;10
1487;6
1488;6
1489;11
1490;10
1491;10
1492;10
1493;5
1494;7
1495;9
1496;4
1497;6
1498;6
1499;13
1500;4
1501;5
1502;6
1503;10
1504;7
1505;6
1506;3
1507;7
1508;7
1509;3
1510;6
1511;6
1512;9
1513;10
1514;6
1515;10
1516;8
1517;7
1518;7
1519;9
1520;11
1521;10
1522;10
1523;6
1524;5
1525;9
1526;4
1527;5
1528;4
1529;5
1530;6
1531;4
1532;6
1533;6
1534;5
1535;2
1536;10
1537;9
1538;7
1539;7
1540;10
1541;2
1542;5
1543;4
1544;10
1545;5
1546;5
1547;8
1548;5
1549;3
1550;5
1551;5
1552;7
1553;4
1554;6
1555;5
1556;11
1557;10
1558;4
1559;6
1560;7
1561;4
1562;9
1563;3
1564;4
1565;3
1566;1
1567;3
1568;2
1569;8
1570;2
1571;4
1572;7
1573;3
1574;7
1575;5
1576;4
1577;4
1578;4
1579;4
1580;4
1581;3
1582;5
1583;7
1584;5
1585;1
1586;2
1587;5
1588;3
1589;4
1590;2
1591;5
1592;9
1593;3
1594;5
1595;8
1596;2
1597;3
1598;3
1599;3
1600;5
1601;5
1602;1
1603;4
1604;3
1605;5
1606;2
1607;7
1608;1
1609;4
1610;1
1611;5
1612;3
1613;2
1614;5
1615;5
1616;5
1617;1
1618;3
1619;1
1620;5
1621;4
1622;2
1623;5
1624;5
1625;1
1626;3
1627;3
1628;2
1629;5
1630;5
1631;1
1632;1
1633;0
1634;1
1635;3
1636;2
1637;5
1638;5
1639;2
1640;5
1641;4
1642;4
1643;8
1644;8
1645;0
1646;2
1647;3
1648;2
1649;2
1650;0
1651;3
1652;2
1653;1
1654;1
1655;2
1656;2
1657;2
1658;2
1659;1
1660;4
1661;5
1662;3
1663;2
1664;2
1665;1
1666;4
1667;5
1668;1
1669;1
1670;5
1671;4
1672;1
1673;1
1674;2
1675;6
1676;2
1677;2
1678;5
1679;1
1680;0
1681;3
1682;3
1683;2
1684;0
1685;4
1686;1
1687;1
1688;1
1689;2
1690;0
1691;1
1692;4
1693;1
1694;0
1695;1
1696;0
1697;0
1698;4
1699;0
1700;2
1701;2
1702;0
1703;0
1704;2
1705;2
1706;2
1707;2
1708;0
1709;4
1710;1
1711;1
1712;0
1713;2
1714;0
1715;1
1716;4
1717;2
1718;2
1719;0
1720;1
1721;2
1722;4
1723;4
1724;0
1725;0
1726;1
1727;1
1728;1
1729;0
1730;2
1731;0
1732;1
1733;0
1734;3
1735;1
1736;0
1737;2
1738;0
1739;0
1740;1
1741;0
1742;0
1743;1
1744;1
1745;1
1746;0
1747;1
1748;1
1749;0
1750;2
1751;3
1752;0
1753;1
1754;1
1755;0
1756;0
1757;0
1758;0
1759;1
1760;3
1761;0
1762;1
1763;3
1764;1
1765;0
1766;0
1767;0
1768;0
1769;0
1770;1
1771;0
1772;0
1773;1
1774;0
1775;0
1776;0
1777;1
1778;0
1779;0
1780;0
1781;1
1782;0
1783;0
1784;0
1785;0
1786;0
1787;0
1788;0
1789;2
1790;0
1791;1
1792;1
1793;0
1794;1
1795;1
1796;1
1797;1
1798;0
1799;1
1800;1
1801;1
1802;1
1803;0
1804;0
1805;0
1806;1
1807;0
1808;1
1809;0
1810;0
1811;0
1812;0
1813;0
1814;0
1815;0
1816;0
1817;1
1818;0
1819;0
1820;1
1821;1
1822;0
1823;0
1824;1
1825;0
1826;0
1827;0
1828;0
1829;1
1830;0
1831;0
1832;0
1833;0
1834;0
1835;0
1836;0
1837;1
1838;0
1839;0
1840;0
1841;0
1842;1
1843;0
1844;1
1845;0
1846;0
1847;0
1848;0
1849;0
1850;1
1851;0
1852;0
1853;0
1854;0
1855;1
1856;0
1857;0
1858;0
1859;0
1860;0
1861;0
1862;0
1863;0
1864;0
1865;0
1866;0
1867;0
1868;0
1869;0
1870;0
1871;0
1872;0
1873;0
1874;0
1875;0
1876;0
1877;0
1878;1
1879;0
1880;0
1881;0
1882;0
1883;0
1884;0
1885;0
1886;0
1887;0
1888;0
1889;1
1890;0
1891;0
1892;0
1893;0
1894;0
1895;0
1896;0
1897;0
1898;0
1899;0
1900;0
1901;0
1902;0
1903;1
1904;0
1905;0
1906;0
1907;0
1908;0
1909;0
1910;0
1911;0
1912;0
1913;0
1914;0
1915;0
1916;0
1917;0
1918;0
1919;0
1920;0
1921;0
1922;0
1923;0
1924;0
1925;0
1926;0
1927;0
1928;0
1929;0
1930;0
1931;0
1932;0
1933;0
1934;0
1935;0
1936;0
1937;0
1938;0
1939;0
1940;0
1941;1
1942;0
1943;0
1944;0
1945;0
1946;0
1947;0
1948;0
1949;0
1950;0
1951;0
1952;0
1953;0
1954;0
1955;0
1956;0
1957;0
1958;0
1959;0
1960;0
1961;0
1962;0
1963;0
1964;0
1965;0
1966;0
1967;0
1968;0
1969;0
1970;0
1971;0
1972;0
1973;0
1974;0
1975;0
1976;0
1977;0
1978;0
1979;1
1980;0
1981;0
1982;0
1983;0
1984;0
1985;0
1986;0
1987;0
1988;0
1989;0
1990;0
1991;0
1992;0
1993;0
1994;0
1995;0
1996;0
1997;0
1998;0
1999;0
2000;0
2001;0
2002;0
2003;0
2004;0
2005;0
2006;0
2007;0
2008;0
2009;0
2010;0
2011;0
2012;0
2013;0
2014;0
2015;0
2016;0
2017;0
2018;0
2019;0
2020;0
2021;0
2022;0
2023;0
2024;0
2025;0
2026;0
2027;0
2028;0
2029;0
2030;0
2031;0
2032;0
2033;0
2034;0
2035;0
2036;0
2037;0
2038;0
2039;0
2040;0
2041;0
2042;0
2043;0
2044;0
2045;0
2046;0
2047;0
2048;0
2049;0
2050;0
2051;0
2052;0
2053;0
2054;0
2055;0
2056;0
2057;0
2058;0
2059;0
2060;0
2061;0
2062;0
2063;0
2064;0
2065;0
2066;0
2067;0
2068;0
2069;0
2070;0
2071;0
2072;0
2073;0
2074;0
2075;0
2076;0
2077;0
2078;0
2079;0
2080;0
2081;0
2082;0
2083;0
2084;0
2085;0
2086;0
2087;0
2088;0
2089;0
2090;0
2091;0
2092;0
2093;0
2094;0
2095;0
2096;0
2097;0
2098;0
2099;0
2100;0
2101;0
2102;0
2103;0
2104;0
2105;0
2106;0
2107;0
2108;0
2109;0
2110;0
2111;0
2112;0
2113;0
2114;0
2115;0
2116;0
2117;0
2118;0
2119;0
2120;0
2121;0
2122;0
2123;0
2124;0
2125;0
2126;0
2127;0
2128;0
2129;0
2130;0
2131;0
2132;0
2133;0
2134;0
2135;0
2136;0
2137;0
2138;0
2139;0
2140;0
2141;0
2142;0
2143;0
2144;0
2145;0
2146;0
2147;0
2148;0
2149;0
2150;0
2151;0
2152;0
2153;0
2154;0
2155;0
2156;0
2157;0
2158;0
2159;0
2160;0
2161;0
2162;0
2163;0
2164;0
2165;0
2166;0
2167;0
2168;0
2169;0
2170;0
2171;0
2172;0
2173;0
2174;0
2175;0
2176;0
2177;0
2178;0
2179;0
2180;0
2181;0
2182;0
2183;0
2184;0
2185;0
2186;0
2187;0
2188;0
2189;0
2190;0
2191;0
2192;0
2193;0
2194;0
2195;0
2196;0
2197;0
2198;0
2199;0
2200;0
2201;0
2202;0
2203;0
2204;0
2205;0
2206;0
2207;0
2208;0
2209;0
2210;0
2211;0
2212;0
2213;0
2214;0
2215;0
2216;0
2217;0
2218;0
2219;0
2220;0
2221;0
2222;0
2223;0
2224;0
2225;0
2226;0
2227;0
2228;0
2229;0
2230;0
2231;0
2232;0
2233;0
2234;0
2235;0
2236;0
2237;0
2238;0
2239;0
2240;0
2241;0
2242;0
2243;0
2244;0
2245;0
2246;0
2247;0
2248;0
2249;0
2250;0
2251;0
2252;0
2253;0
2254;0
2255;0
2256;0
2257;0
2258;0
2259;0
2260;0
2261;0
2262;0
2263;0
2264;0
2265;0
2266;0
2267;0
2268;0
2269;0
2270;0
2271;0
2272;0
2273;0
2274;0
2275;0
2276;0
2277;0
2278;0
2279;0
2280;0
2281;0
2282;0
2283;0
2284;0
2285;0
2286;0
2287;0
2288;0
2289;0
2290;0
2291;0
2292;0
2293;0
2294;0
2295;0
2296;0
2297;0
2298;0
2299;0
2300;0
2301;0
2302;0
2303;0
2304;0
2305;0
2306;0
2307;0
2308;0
2309;0
2310;0
2311;0
2312;0
2313;0
2314;0
2315;0
2316;0
2317;0
2318;0
2319;0
2320;0
2321;0
2322;0
2323;0
2324;0
2325;0
2326;0
2327;0
2328;0
2329;0
2330;0
2331;0
2332;0
2333;0
2334;0
2335;0
2336;0
2337;0
2338;0
2339;0
2340;0
2341;0
2342;0
2343;0
2344;0
2345;0
2346;0
2347;0
2348;0
2349;0
2350;0
2351;0
2352;0
2353;0
2354;0
2355;0
2356;0
2357;0
2358;0
2359;0
2360;0
2361;0
2362;0
2363;0
2364;0
2365;0
2366;0
2367;0
2368;0
2369;0
2370;0
2371;0
2372;0
2373;0
2374;0
2375;0
2376;0
2377;0
2378;0
2379;0
2380;0
2381;0
2382;0
2383;0
2384;0
2385;0
2386;0
2387;0
2388;0
2389;0
2390;0
2391;0
2392;0
2393;0
2394;0
2395;0
2396;0
2397;0
2398;0
2399;0
2400;0
2401;0
2402;0
2403;0
2404;0
2405;0
2406;0
2407;0
2408;0
2409;0
2410;0
2411;0
2412;0
2413;0
2414;0
2415;0
2416;0
2417;0
2418;0
2419;0
2420;0
2421;0
2422;0
2423;0
2424;0
2425;0
2426;0
2427;0
2428;0
2429;0
2430;0
2431;0
2432;0
2433;0
2434;0
2435;0
2436;0
2437;0
2438;0
2439;0
2440;0
2441;0
2442;0
2443;0
2444;0
2445;0
2446;0
2447;0
2448;0
2449;0
2450;0
2451;0
2452;0
2453;0
2454;0
2455;0
2456;0
2457;0
2458;0
2459;0
2460;0
2461;0
2462;0
2463;0
2464;0
2465;0
2466;0
2467;0
2468;0
2469;0
2470;0
2471;0
2472;0
2473;0
2474;0
2475;0
2476;0
2477;0
2478;0
2479;0
2480;0
2481;0
2482;0
2483;0
2484;0
2485;0
2486;0
2487;0
2488;0
2489;0
2490;0
2491;0
2492;0
2493;0
2494;0
2495;0
2496;0
2497;0
2498;0
2499;0
2500;0
2501;0
2502;0
2503;0
2504;0
2505;0
2506;0
2507;0
2508;0
2509;0
2510;0
2511;0
2512;0
2513;0
2514;0
2515;0
2516;0
2517;0
2518;0
2519;0
2520;0
2521;0
2522;0
2523;0
2524;0
2525;0
2526;0
2527;0
2528;0
2529;0
2530;0
2531;0
2532;0
2533;0
2534;0
2535;0
2536;0
2537;0
2538;0
2539;0
2540;0
2541;0
2542;0
2543;0
2544;0
2545;0
2546;0
2547;0
2548;0
2549;0
2550;0
2551;0
2552;0
2553;0
2554;0
2555;0
2556;0
2557;0
2558;0
2559;0
2560;0
2561;0
2562;0
2563;0
2564;0
2565;0
2566;0
2567;0
2568;0
2569;0
2570;0
2571;0
2572;0
2573;0
2574;0
2575;0
2576;0
2577;0
2578;0
2579;0
2580;0
2581;0
2582;0
2583;0
2584;0
2585;0
2586;0
2587;0
2588;0
2589;0
2590;0
2591;0
2592;0
2593;0
2594;0
2595;0
2596;0
2597;0
2598;0
2599;0
2600;0
2601;0
2602;0
2603;0
2604;0
2605;0
2606;0
2607;0
2608;0
2609;0
2610;0
2611;0
2612;0
2613;0
2614;0
2615;0
2616;0
2617;0
2618;0
2619;0
2620;0
2621;0
2622;0
2623;0
2624;0
2625;0
2626;0
2627;0
2628;0
2629;0
2630;0
2631;0
2632;0
2633;0
2634;0
2635;0
2636;0
2637;0
2638;0
2639;0
2640;0
2641;0
2642;0
2643;0
2644;0
2645;0
2646;0
2647;0
2648;0
2649;0
2650;0
2651;0
2652;0
2653;0
2654;0
2655;0
2656;0
2657;0
2658;0
2659;0
2660;0
2661;0
2662;0
2663;0
2664;0
2665;0
2666;0
2667;0
2668;0
2669;0
2670;0
2671;0
2672;0
2673;0
2674;0
2675;0
2676;0
2677;0
2678;0
2679;0
2680;0
2681;0
2682;0
2683;0
2684;0
2685;0
2686;0
2687;0
2688;0
2689;0
2690;0
2691;0
2692;0
2693;0
2694;0
2695;0
2696;0
2697;0
2698;0
2699;0
2700;0
2701;0
2702;0
2703;0
2704;0
2705;0
2706;0
2707;0
2708;0
2709;0
2710;0
2711;0
2712;0
2713;0
2714;0
2715;0
2716;0
2717;0
2718;0
2719;0
2720;0
2721;0
2722;0
2723;0
2724;0
2725;0
2726;0
2727;0
2728;0
2729;0
2730;0
2731;0
2732;0
2733;0
2734;0
2735;0
2736;0
2737;0
2738;0
2739;0
2740;0
2741;0
2742;0
2743;0
2744;0
2745;0
2746;0
2747;0
2748;0
2749;0
2750;0
2751;0
2752;0
2753;0
2754;0
2755;0
2756;0
2757;0
2758;0
2759;0
2760;0
2761;0
2762;0
2763;0
2764;0
2765;0
2766;0
2767;0
2768;0
2769;0
2770;0
2771;0
2772;0
2773;0
2774;0
2775;0
2776;0
2777;0
2778;0
2779;0
2780;0
2781;0
2782;0
2783;0
2784;0
2785;0
2786;0
2787;0
2788;0
2789;0
2790;0
2791;0
2792;0
2793;0
2794;0
2795;0
2796;0
2797;0
2798;0
2799;0
2800;0
2801;0
2802;0
2803;0
2804;0
2805;0
2806;0
2807;0
2808;0
2809;0
2810;0
2811;0
2812;0
2813;0
2814;0
2815;0
2816;0
2817;0
2818;0
2819;0
2820;0
2821;0
2822;0
2823;0
2824;0
2825;0
2826;0
2827;0
2828;0
2829;0
2830;0
2831;0
2832;0
2833;0
2834;0
2835;0
2836;0
2837;0
2838;0
2839;0
2840;0
2841;0
2842;0
2843;0
2844;0
2845;0
2846;0
2847;0
2848;0
2849;0
2850;0
2851;0
2852;0
2853;0
2854;0
2855;0
2856;0
2857;0
2858;0
2859;0
2860;0
2861;0
2862;0
2863;0
2864;0
2865;0
2866;0
2867;0
2868;0
2869;0
2870;0
2871;0
2872;0
2873;0
2874;0
2875;0
2876;0
2877;0
2878;0
2879;0
2880;0
2881;0
2882;0
2883;0
2884;0
2885;0
2886;0
2887;0
2888;0
2889;0
2890;0
2891;0
2892;0
2893;0
2894;0
2895;0
2896;0
2897;0
2898;0
2899;0
2900;0
2901;0
2902;0
2903;0
2904;0
2905;0
2906;0
2907;0
2908;0
2909;0
2910;0
2911;0
2912;0
2913;0
2914;0
2915;0
2916;0
2917;0
2918;0
2919;0
2920;0
2921;0
2922;0
2923;0
2924;0
2925;0
2926;0
2927;0
2928;0
2929;0
2930;0
2931;0
2932;0
2933;0
2934;0
2935;0
2936;0
2937;0
2938;0
2939;0
2940;0
2941;0
2942;0
2943;0
2944;0
2945;0
2946;0
2947;0
2948;0
2949;0
2950;0
2951;0
2952;0
2953;0
2954;0
2955;0
2956;0
2957;0
2958;0
2959;0
2960;0
2961;0
2962;0
2963;0
2964;0
2965;0
2966;0
2967;0
2968;0
2969;0
2970;0
2971;0
2972;0
2973;0
2974;0
2975;0
2976;0
2977;0
2978;0
2979;0
2980;0
2981;0
2982;0
2983;0
2984;0
2985;0
2986;0
2987;0
2988;0
2989;0
2990;0
2991;0
2992;0
2993;0
2994;0
2995;0
2996;0
2997;0
2998;0
2999;0
3000;0
3001;0
3002;0
3003;0
3004;0
3005;0
3006;0
3007;0
3008;0
3009;0
3010;0
3011;0
3012;0
3013;0
3014;0
3015;0
3016;0
3017;0
3018;0
3019;0
3020;0
3021;0
3022;0
3023;0
3024;0
3025;0
3026;0
3027;0
3028;0
3029;0
3030;0
3031;0
3032;0
3033;0
3034;0
3035;0
3036;0
3037;0
3038;0
3039;0
3040;0
3041;0
3042;0
3043;0
3044;0
3045;0
3046;0
3047;0
3048;0
3049;0
3050;0
3051;0
3052;0
3053;0
3054;0
3055;0
3056;0
3057;0
3058;0
3059;0
3060;0
3061;0
3062;0
3063;0
3064;0
3065;0
3066;0
3067;0
3068;0
3069;0
3070;0
3071;0
3072;0
3073;0
3074;0
3075;0
3076;0
3077;0
3078;0
3079;0
3080;0
3081;0
3082;0
3083;0
3084;0
3085;0
3086;0
3087;0
3088;0
3089;0
3090;0
3091;0
3092;0
3093;0
3094;0
3095;0
3096;0
3097;0
3098;0
3099;0
3100;0
3101;0
3102;0
3103;0
3104;0
3105;0
3106;0
3107;0
3108;0
3109;0
3110;0
3111;0
3112;0
3113;0
3114;0
3115;0
3116;0
3117;0
3118;0
3119;0
3120;0
3121;0
3122;0
3123;0
3124;0
3125;0
3126;0
3127;0
3128;0
3129;0
3130;0
3131;0
3132;0
3133;0
3134;0
3135;0
3136;0
3137;0
3138;0
3139;0
3140;0
3141;0
3142;0
3143;0
3144;0
3145;0
3146;0
3147;0
3148;0
3149;0
3150;0
3151;0
3152;0
3153;0
3154;0
3155;0
3156;0
3157;0
3158;0
3159;0
3160;0
3161;0
3162;0
3163;0
3164;0
3165;0
3166;0
3167;0
3168;0
3169;0
3170;0
3171;0
3172;0
3173;0
3174;0
3175;0
3176;0
3177;0
3178;0
3179;0
3180;0
3181;0
3182;0
3183;0
3184;0
3185;0
3186;0
3187;0
3188;0
3189;0
3190;0
3191;0
3192;0
3193;0
3194;0
3195;0
3196;0
3197;0
3198;0
3199;0
3200;0
3201;0
3202;0
3203;0
3204;0
3205;0
3206;0
3207;0
3208;0
3209;0
3210;0
3211;0
3212;0
3213;0
3214;0
3215;0
3216;0
3217;0
3218;0
3219;0
3220;0
3221;0
3222;0
3223;0
3224;0
3225;0
3226;0
3227;0
3228;0
3229;0
3230;0
3231;0
3232;0
3233;0
3234;0
3235;0
3236;0
3237;0
3238;0
3239;0
3240;0
3241;0
3242;0
3243;0
3244;0
3245;0
3246;0
3247;0
3248;0
3249;0
3250;0
3251;0
3252;0
3253;0
3254;0
3255;0
3256;0
3257;0
3258;0
3259;0
3260;0
3261;0
3262;0
3263;0
3264;0
3265;0
3266;0
3267;0
3268;0
3269;0
3270;0
3271;0
3272;0
3273;0
3274;0
3275;0
3276;0
3277;0
3278;0
3279;0
3280;0
3281;0
3282;0
3283;0
3284;0
3285;0
3286;0
3287;0
3288;0
3289;0
3290;0
3291;0
3292;0
3293;0
3294;0
3295;0
3296;0
3297;0
3298;0
3299;0
3300;0
3301;0
3302;0
3303;0
3304;0
3305;0
3306;0
3307;0
3308;0
3309;0
3310;0
3311;0
3312;0
3313;0
3314;0
3315;0
3316;0
3317;0
3318;0
3319;0
3320;0
3321;0
3322;0
3323;0
3324;0
3325;0
3326;0
3327;0
3328;0
3329;0
3330;0
3331;0
3332;0
3333;0
3334;0
3335;0
3336;0
3337;0
3338;0
3339;0
3340;0
3341;0
3342;0
3343;0
3344;0
3345;0
3346;0
3347;0
3348;0
3349;0
3350;0
3351;0
3352;0
3353;0
3354;0
3355;0
3356;0
3357;0
3358;0
3359;0
3360;0
3361;0
3362;0
3363;0
3364;0
3365;0
3366;0
3367;0
3368;0
3369;0
3370;0
3371;0
3372;0
3373;0
3374;0
3375;0
3376;0
3377;0
3378;0
3379;0
3380;0
3381;0
3382;0
3383;0
3384;0
3385;0
3386;0
3387;0
3388;0
3389;0
3390;0
3391;0
3392;0
3393;0
3394;0
3395;0
3396;0
3397;0
3398;0
3399;0
3400;0
3401;0
3402;0
3403;0
3404;0
3405;0
3406;0
3407;0
3408;0
3409;0
3410;0
3411;0
3412;0
3413;0
3414;0
3415;0
3416;0
3417;0
3418;0
3419;0
3420;0
3421;0
3422;0
3423;0
3424;0
3425;0
3426;0
3427;0
3428;0
3429;0
3430;0
3431;0
3432;0
3433;0
3434;0
3435;0
3436;0
3437;0
3438;0
3439;0
3440;0
3441;0
3442;0
3443;0
3444;0
3445;0
3446;0
3447;0
3448;0
3449;0
3450;0
3451;0
3452;0
3453;0
3454;0
3455;0
3456;0
3457;0
3458;0
3459;0
3460;0
3461;0
3462;0
3463;0
3464;0
3465;0
3466;0
3467;0
3468;0
3469;0
3470;0
3471;0
3472;0
3473;0
3474;0
3475;0
3476;0
3477;0
3478;0
3479;0
3480;0
3481;0
3482;0
3483;0
3484;0
3485;0
3486;0
3487;0
3488;0
3489;0
3490;0
3491;0
3492;0
3493;0
3494;0
3495;0
3496;0
3497;0
3498;0
3499;0
3500;0
3501;0
3502;0
3503;0
3504;0
3505;0
3506;0
3507;0
3508;0
3509;0
3510;0
3511;0
3512;0
3513;0
3514;0
3515;0
3516;0
3517;0
3518;0
3519;0
3520;0
3521;0
3522;0
3523;0
3524;0
3525;0
3526;0
3527;0
3528;0
3529;0
3530;0
3531;0
3532;0
3533;0
3534;0
3535;0
3536;0
3537;0
3538;0
3539;0
3540;0
3541;0
3542;0
3543;0
3544;0
3545;0
3546;0
3547;0
3548;0
3549;0
3550;0
3551;0
3552;0
3553;0
3554;0
3555;0
3556;0
3557;0
3558;0
3559;0
3560;0
3561;0
3562;0
3563;0
3564;0
3565;0
3566;0
3567;0
3568;0
3569;0
3570;0
3571;0
3572;0
3573;0
3574;0
3575;0
3576;0
3577;0
3578;0
3579;0
3580;0
3581;0
3582;0
3583;0
3584;0
3585;0
3586;0
3587;0
3588;0
3589;0
3590;0
3591;0
3592;0
3593;0
3594;0
3595;0
3596;0
3597;0
3598;0
3599;0
3600;0
3601;0
3602;0
3603;0
3604;0
3605;0
3606;0
3607;0
3608;0
3609;0
3610;0
3611;0
3612;0
3613;0
3614;0
3615;0
3616;0
3617;0
3618;0
3619;0
3620;0
3621;0
3622;0
3623;0
3624;0
3625;0
3626;0
3627;0
3628;0
3629;0
3630;0
3631;0
3632;0
3633;0
3634;0
3635;0
3636;0
3637;0
3638;0
3639;0
3640;0
3641;0
3642;0
3643;0
3644;0
3645;0
3646;0
3647;0
3648;0
3649;0
3650;0
3651;0
3652;0
3653;0
3654;0
3655;0
3656;0
3657;0
3658;0
3659;0
3660;0
3661;0
3662;0
3663;0
3664;0
3665;0
3666;0
3667;0
3668;0
3669;0
3670;0
3671;0
3672;0
3673;0
3674;0
3675;0
3676;0
3677;0
3678;0
3679;0
3680;0
3681;0
3682;0
3683;0
3684;0
3685;0
3686;0
3687;0
3688;0
3689;0
3690;0
3691;0
3692;0
3693;0
3694;0
3695;0
3696;0
3697;0
3698;0
3699;0
3700;0
3701;0
3702;0
3703;0
3704;0
3705;0
3706;0
3707;0
3708;0
3709;0
3710;0
3711;0
3712;0
3713;0
3714;0
3715;0
3716;0
3717;0
3718;0
3719;0
3720;0
3721;0
3722;0
3723;0
3724;0
3725;0
3726;0
3727;0
3728;0
3729;0
3730;0
3731;0
3732;0
3733;0
3734;0
3735;0
3736;0
3737;0
3738;0
3739;0
3740;0
3741;0
3742;0
3743;0
3744;0
3745;0
3746;0
3747;0
3748;0
3749;0
3750;0
3751;0
3752;0
3753;0
3754;0
3755;0
3756;0
3757;0
3758;0
3759;0
3760;0
3761;0
3762;0
3763;0
3764;0
3765;0
3766;0
3767;0
3768;0
3769;0
3770;0
3771;0
3772;0
3773;0
3774;0
3775;0
3776;0
3777;0
3778;0
3779;0
3780;0
3781;0
3782;0
3783;0
3784;0
3785;0
3786;0
3787;0
3788;0
3789;0
3790;0
3791;0
3792;0
3793;0
3794;0
3795;0
3796;0
3797;0
3798;0
3799;0
3800;0
3801;0
3802;0
3803;0
3804;0
3805;0
3806;0
3807;0
3808;0
3809;0
3810;0
3811;0
3812;0
3813;0
3814;0
3815;0
3816;0
3817;0
3818;0
3819;0
3820;0
3821;0
3822;0
3823;0
3824;0
3825;0
3826;0
3827;0
3828;0
3829;0
3830;0
3831;0
3832;0
3833;0
3834;0
3835;0
3836;0
3837;0
3838;0
3839;0
3840;0
3841;0
3842;0
3843;0
3844;0
3845;0
3846;0
3847;0
3848;0
3849;0
3850;0
3851;0
3852;0
3853;0
3854;0
3855;0
3856;0
3857;0
3858;0
3859;0
3860;0
3861;0
3862;0
3863;0
3864;0
3865;0
3866;0
3867;0
3868;0
3869;0
3870;0
3871;0
3872;0
3873;0
3874;0
3875;0
3876;0
3877;0
3878;0
3879;0
3880;0
3881;0
3882;0
3883;0
3884;0
3885;0
3886;0
3887;0
3888;0
3889;0
3890;0
3891;0
3892;0
3893;0
3894;0
3895;0
3896;0
3897;0
3898;0
3899;0
3900;0
3901;0
3902;0
3903;0
3904;0
3905;0
3906;0
3907;0
3908;0
3909;0
3910;0
3911;0
3912;0
3913;0
3914;0
3915;0
3916;0
3917;0
3918;0
3919;0
3920;0
3921;0
3922;0
3923;0
3924;0
3925;0
3926;0
3927;0
3928;0
3929;0
3930;0
3931;0
3932;0
3933;0
3934;0
3935;0
3936;0
3937;0
3938;0
3939;0
3940;0
3941;0
3942;0
3943;0
3944;0
3945;0
3946;0
3947;0
3948;0
3949;0
3950;0
3951;0
3952;0
3953;0
3954;0
3955;0
3956;0
3957;0
3958;0
3959;0
3960;0
3961;0
3962;0
3963;0
3964;0
3965;0
3966;0
3967;0
3968;0
3969;0
3970;0
3971;0
3972;0
3973;0
3974;0
3975;0
3976;0
3977;0
3978;0
3979;0
3980;0
3981;0
3982;0
3983;0
3984;0
3985;0
3986;0
3987;0
3988;0
3989;0
3990;0
3991;0
3992;0
3993;0
3994;0
3995;0
3996;0
3997;0
3998;0
3999;0
4000;0
4001;0
4002;0
4003;0
4004;0
4005;0
4006;0
4007;0
4008;0
4009;0
4010;0
4011;0
4012;0
4013;0
4014;0
4015;0
4016;0
4017;0
4018;0
4019;0
4020;0
4021;0
4022;0
4023;0
4024;0
4025;0
4026;0
4027;0
4028;0
4029;0
4030;0
4031;0
4032;0
4033;0
4034;0
4035;0
4036;0
4037;0
4038;0
4039;0
4040;0
4041;0
4042;0
4043;0
4044;0
4045;0
4046;0
4047;0
4048;0
4049;0
4050;0
4051;0
4052;0
4053;0
4054;0
4055;0
4056;0
4057;0
4058;0
4059;0
4060;0
4061;0
4062;0
4063;0
4064;0
4065;0
4066;0
4067;0
4068;0
4069;0
4070;0
4071;0
4072;0
4073;0
4074;0
4075;0
4076;0
4077;0
4078;0
4079;0
4080;0
4081;0
4082;0
4083;0
4084;0
4085;0
4086;0
4087;0
4088;0
4089;0
4090;0
4091;0
4092;0
4093;0
4094;0
4095;0
4096;0
