L 64,p 0.585800,Z 100000
/* Tamanio de cluster; Ocurrencias de cada tamaño de cluster */
1;7703396
2;1680333
3;1011072
4;658992
5;461487
6;341332
7;263768
8;211887
9;173399
10;144653
11;123264
12;106754
13;92834
14;81998
15;72315
16;65194
17;58655
18;53051
19;48296
20;44314
21;40735
22;37151
23;34792
24;32404
25;29856
26;27920
27;26530
28;24427
29;23177
30;21916
31;20722
32;19513
33;18414
34;17692
35;16833
36;15944
37;15034
38;14508
39;13829
40;13445
41;12837
42;12192
43;11645
44;11282
45;11146
46;10424
47;10185
48;9800
49;9443
50;9006
51;8940
52;8627
53;8089
54;7966
55;7808
56;7484
57;7111
58;6994
59;6847
60;6574
61;6622
62;6306
63;6156
64;5993
65;5813
66;5579
67;5592
68;5289
69;5334
70;5073
71;4891
72;4820
73;4753
74;4574
75;4520
76;4437
77;4468
78;4220
79;4246
80;4001
81;3970
82;3763
83;3857
84;3721
85;3729
86;3612
87;3483
88;3492
89;3317
90;3362
91;3192
92;3232
93;3078
94;3100
95;3038
96;2923
97;2928
98;2871
99;2869
100;2769
101;2809
102;2762
103;2579
104;2634
105;2604
106;2426
107;2552
108;2353
109;2461
110;2407
111;2368
112;2310
113;2267
114;2202
115;2246
116;2207
117;2095
118;2102
119;2033
120;2060
121;2060
122;2009
123;1989
124;1911
125;1909
126;1897
127;1924
128;1777
129;1868
130;1835
131;1730
132;1819
133;1687
134;1691
135;1640
136;1738
137;1691
138;1533
139;1584
140;1648
141;1546
142;1457
143;1465
144;1485
145;1468
146;1512
147;1396
148;1494
149;1437
150;1380
151;1431
152;1355
153;1346
154;1376
155;1359
156;1351
157;1287
158;1316
159;1305
160;1237
161;1210
162;1200
163;1229
164;1179
165;1228
166;1276
167;1142
168;1192
169;1214
170;1093
171;1114
172;1093
173;1049
174;1070
175;1110
176;1090
177;1084
178;1083
179;1017
180;1077
181;988
182;989
183;1009
184;1044
185;979
186;981
187;934
188;985
189;1011
190;914
191;967
192;945
193;953
194;903
195;976
196;933
197;897
198;851
199;852
200;925
201;845
202;865
203;829
204;836
205;836
206;869
207;891
208;851
209;766
210;828
211;775
212;834
213;825
214;777
215;748
216;792
217;766
218;788
219;739
220;762
221;722
222;735
223;747
224;715
225;717
226;731
227;701
228;698
229;699
230;683
231;651
232;718
233;661
234;651
235;689
236;644
237;685
238;633
239;640
240;646
241;651
242;623
243;638
244;593
245;628
246;638
247;607
248;611
249;619
250;580
251;623
252;612
253;549
254;591
255;590
256;613
257;598
258;578
259;561
260;602
261;533
262;528
263;564
264;567
265;478
266;545
267;529
268;561
269;536
270;515
271;526
272;523
273;544
274;554
275;543
276;521
277;554
278;505
279;517
280;515
281;521
282;494
283;536
284;480
285;488
286;457
287;491
288;469
289;471
290;477
291;444
292;488
293;496
294;454
295;469
296;483
297;420
298;438
299;453
300;458
301;475
302;455
303;411
304;445
305;411
306;424
307;413
308;448
309;410
310;421
311;417
312;401
313;395
314;441
315;434
316;411
317;432
318;434
319;401
320;432
321;395
322;380
323;413
324;411
325;399
326;404
327;355
328;416
329;371
330;363
331;374
332;394
333;393
334;375
335;377
336;388
337;344
338;359
339;357
340;361
341;330
342;363
343;347
344;364
345;396
346;366
347;345
348;361
349;355
350;341
351;341
352;363
353;326
354;333
355;309
356;323
357;335
358;292
359;323
360;369
361;328
362;299
363;309
364;348
365;315
366;340
367;323
368;310
369;321
370;352
371;295
372;291
373;326
374;335
375;332
376;280
377;303
378;272
379;320
380;301
381;318
382;299
383;299
384;314
385;334
386;317
387;298
388;273
389;272
390;286
391;248
392;308
393;286
394;291
395;288
396;291
397;275
398;277
399;311
400;290
401;286
402;296
403;241
404;270
405;254
406;257
407;272
408;271
409;241
410;273
411;278
412;254
413;291
414;267
415;250
416;287
417;256
418;271
419;240
420;280
421;276
422;215
423;260
424;302
425;229
426;264
427;273
428;265
429;242
430;254
431;250
432;211
433;232
434;265
435;218
436;222
437;222
438;263
439;236
440;247
441;229
442;227
443;202
444;247
445;264
446;238
447;227
448;238
449;246
450;226
451;248
452;252
453;238
454;224
455;213
456;222
457;210
458;200
459;222
460;207
461;218
462;221
463;195
464;221
465;223
466;245
467;211
468;247
469;208
470;199
471;203
472;210
473;239
474;205
475;229
476;184
477;194
478;220
479;212
480;215
481;190
482;179
483;205
484;188
485;194
486;194
487;188
488;200
489;204
490;175
491;187
492;211
493;209
494;174
495;188
496;200
497;186
498;199
499;193
500;191
501;198
502;202
503;182
504;183
505;226
506;184
507;199
508;179
509;218
510;201
511;237
512;184
513;210
514;166
515;200
516;174
517;207
518;192
519;179
520;183
521;193
522;173
523;172
524;178
525;174
526;176
527;168
528;186
529;179
530;181
531;188
532;181
533;180
534;201
535;195
536;181
537;183
538;161
539;194
540;192
541;176
542;182
543;176
544;170
545;183
546;175
547;154
548;198
549;146
550;163
551;172
552;171
553;179
554;153
555;153
556;173
557;167
558;165
559;168
560;148
561;149
562;168
563;181
564;154
565;152
566;161
567;162
568;156
569;136
570;143
571;165
572;170
573;152
574;140
575;124
576;156
577;146
578;147
579;152
580;145
581;134
582;122
583;162
584;132
585;150
586;161
587;144
588;125
589;160
590;135
591;156
592;159
593;139
594;130
595;148
596;146
597;140
598;132
599;161
600;137
601;139
602;151
603;146
604;168
605;121
606;151
607;132
608;142
609;158
610;161
611;136
612;123
613;133
614;122
615;122
616;140
617;119
618;119
619;113
620;134
621;134
622;131
623;129
624;148
625;124
626;140
627;139
628;122
629;132
630;126
631;124
632;122
633;120
634;125
635;124
636;145
637;131
638;120
639;123
640;144
641;141
642;134
643;126
644;124
645;108
646;134
647;120
648;113
649;123
650;111
651;107
652;101
653;149
654;129
655;151
656;134
657;116
658;122
659;123
660;112
661;130
662;126
663;105
664;140
665;118
666;126
667;113
668;108
669;135
670;105
671;126
672;137
673;119
674;122
675;118
676;126
677;115
678;115
679;106
680;124
681;105
682;109
683;115
684;133
685;110
686;125
687;129
688;119
689;120
690;110
691;113
692;108
693;111
694;122
695;104
696;125
697;113
698;126
699;114
700;95
701;99
702;135
703;112
704;110
705;100
706;134
707;106
708;115
709;108
710;128
711;97
712;131
713;96
714;113
715;92
716;96
717;107
718;110
719;84
720;96
721;98
722;119
723;112
724;114
725;114
726;109
727;104
728;109
729;114
730;83
731;92
732;102
733;104
734;110
735;97
736;100
737;98
738;94
739;103
740;118
741;111
742;103
743;117
744;98
745;91
746;106
747;93
748;97
749;88
750;93
751;100
752;100
753;82
754;90
755;113
756;100
757;111
758;96
759;97
760;96
761;81
762;88
763;86
764;111
765;91
766;81
767;98
768;110
769;82
770;93
771;98
772;85
773;97
774;91
775;82
776;103
777;71
778;88
779;91
780;87
781;97
782;92
783;99
784;101
785;70
786;94
787;74
788;86
789;82
790;94
791;107
792;98
793;87
794;89
795;89
796;97
797;79
798;80
799;78
800;81
801;99
802;85
803;95
804;92
805;103
806;66
807;78
808;80
809;85
810;92
811;93
812;77
813;82
814;82
815;78
816;81
817;101
818;91
819;86
820;87
821;92
822;100
823;87
824;90
825;68
826;94
827;76
828;85
829;73
830;88
831;83
832;70
833;77
834;80
835;96
836;78
837;86
838;86
839;80
840;75
841;84
842;82
843;77
844;87
845;75
846;78
847;80
848;86
849;103
850;78
851;85
852;78
853;90
854;79
855;70
856;73
857;74
858;75
859;70
860;75
861;71
862;84
863;67
864;55
865;83
866;75
867;77
868;80
869;71
870;78
871;66
872;72
873;82
874;70
875;81
876;87
877;76
878;71
879;71
880;70
881;75
882;68
883;73
884;56
885;70
886;50
887;72
888;67
889;81
890;81
891;84
892;77
893;68
894;78
895;76
896;50
897;83
898;78
899;68
900;56
901;62
902;76
903;59
904;59
905;63
906;66
907;59
908;70
909;56
910;68
911;65
912;67
913;63
914;79
915;63
916;72
917;63
918;69
919;57
920;70
921;67
922;75
923;72
924;66
925;69
926;51
927;70
928;60
929;62
930;68
931;69
932;63
933;71
934;65
935;72
936;55
937;59
938;61
939;47
940;47
941;57
942;63
943;53
944;69
945;45
946;63
947;66
948;59
949;63
950;66
951;57
952;52
953;64
954;69
955;58
956;61
957;52
958;54
959;56
960;56
961;51
962;54
963;53
964;63
965;54
966;63
967;68
968;63
969;50
970;47
971;58
972;64
973;57
974;65
975;50
976;69
977;62
978;56
979;60
980;47
981;55
982;53
983;63
984;70
985;58
986;49
987;56
988;66
989;57
990;49
991;54
992;52
993;58
994;60
995;52
996;54
997;66
998;56
999;64
1000;45
1001;57
1002;47
1003;60
1004;52
1005;55
1006;38
1007;41
1008;48
1009;52
1010;67
1011;45
1012;48
1013;60
1014;39
1015;57
1016;53
1017;62
1018;48
1019;55
1020;56
1021;51
1022;47
1023;48
1024;52
1025;57
1026;42
1027;60
1028;65
1029;48
1030;56
1031;66
1032;52
1033;45
1034;51
1035;44
1036;49
1037;46
1038;61
1039;53
1040;58
1041;52
1042;55
1043;48
1044;55
1045;39
1046;48
1047;48
1048;63
1049;52
1050;48
1051;45
1052;46
1053;39
1054;43
1055;44
1056;44
1057;47
1058;44
1059;50
1060;59
1061;47
1062;51
1063;62
1064;38
1065;44
1066;34
1067;45
1068;49
1069;43
1070;48
1071;42
1072;47
1073;42
1074;47
1075;33
1076;36
1077;47
1078;46
1079;44
1080;54
1081;53
1082;54
1083;44
1084;45
1085;55
1086;48
1087;41
1088;46
1089;46
1090;35
1091;37
1092;32
1093;53
1094;35
1095;44
1096;34
1097;35
1098;41
1099;26
1100;36
1101;53
1102;42
1103;46
1104;46
1105;41
1106;38
1107;37
1108;39
1109;34
1110;41
1111;40
1112;42
1113;34
1114;38
1115;44
1116;53
1117;41
1118;43
1119;34
1120;39
1121;51
1122;46
1123;50
1124;55
1125;29
1126;36
1127;38
1128;41
1129;33
1130;34
1131;38
1132;42
1133;34
1134;29
1135;42
1136;54
1137;35
1138;37
1139;37
1140;38
1141;37
1142;44
1143;45
1144;37
1145;47
1146;48
1147;38
1148;37
1149;34
1150;37
1151;36
1152;37
1153;41
1154;42
1155;35
1156;36
1157;31
1158;31
1159;36
1160;45
1161;30
1162;49
1163;38
1164;40
1165;30
1166;41
1167;30
1168;38
1169;32
1170;30
1171;29
1172;31
1173;32
1174;28
1175;31
1176;30
1177;27
1178;26
1179;33
1180;28
1181;38
1182;28
1183;38
1184;23
1185;29
1186;26
1187;30
1188;24
1189;40
1190;33
1191;47
1192;25
1193;31
1194;29
1195;36
1196;25
1197;23
1198;32
1199;41
1200;28
1201;33
1202;45
1203;24
1204;32
1205;30
1206;29
1207;26
1208;17
1209;35
1210;30
1211;22
1212;42
1213;34
1214;20
1215;29
1216;31
1217;34
1218;41
1219;27
1220;34
1221;38
1222;38
1223;26
1224;34
1225;23
1226;24
1227;33
1228;30
1229;31
1230;27
1231;22
1232;29
1233;30
1234;28
1235;19
1236;29
1237;22
1238;32
1239;35
1240;23
1241;24
1242;25
1243;18
1244;28
1245;28
1246;34
1247;27
1248;22
1249;34
1250;24
1251;33
1252;29
1253;22
1254;37
1255;24
1256;29
1257;32
1258;26
1259;14
1260;27
1261;20
1262;28
1263;33
1264;28
1265;27
1266;17
1267;21
1268;27
1269;20
1270;24
1271;31
1272;25
1273;21
1274;27
1275;31
1276;23
1277;30
1278;25
1279;22
1280;23
1281;24
1282;25
1283;27
1284;24
1285;26
1286;29
1287;20
1288;24
1289;18
1290;16
1291;17
1292;24
1293;24
1294;25
1295;19
1296;20
1297;21
1298;14
1299;30
1300;26
1301;24
1302;18
1303;23
1304;21
1305;23
1306;27
1307;22
1308;16
1309;23
1310;29
1311;17
1312;36
1313;26
1314;20
1315;14
1316;20
1317;23
1318;28
1319;23
1320;17
1321;20
1322;17
1323;14
1324;21
1325;21
1326;21
1327;22
1328;20
1329;22
1330;12
1331;17
1332;22
1333;19
1334;23
1335;20
1336;15
1337;23
1338;18
1339;19
1340;21
1341;13
1342;22
1343;23
1344;17
1345;9
1346;21
1347;26
1348;23
1349;20
1350;18
1351;19
1352;16
1353;21
1354;20
1355;16
1356;14
1357;23
1358;16
1359;17
1360;24
1361;20
1362;14
1363;24
1364;16
1365;18
1366;16
1367;18
1368;18
1369;20
1370;16
1371;12
1372;19
1373;14
1374;18
1375;18
1376;11
1377;11
1378;18
1379;20
1380;14
1381;24
1382;8
1383;11
1384;16
1385;20
1386;15
1387;17
1388;11
1389;15
1390;16
1391;16
1392;15
1393;12
1394;8
1395;11
1396;11
1397;20
1398;18
1399;11
1400;16
1401;13
1402;8
1403;12
1404;19
1405;13
1406;10
1407;12
1408;14
1409;21
1410;10
1411;15
1412;14
1413;18
1414;13
1415;15
1416;15
1417;13
1418;12
1419;18
1420;9
1421;9
1422;16
1423;16
1424;20
1425;10
1426;9
1427;15
1428;12
1429;12
1430;9
1431;10
1432;14
1433;11
1434;16
1435;9
1436;11
1437;12
1438;7
1439;13
1440;11
1441;20
1442;10
1443;9
1444;8
1445;12
1446;10
1447;15
1448;7
1449;16
1450;9
1451;4
1452;12
1453;11
1454;10
1455;14
1456;15
1457;9
1458;16
1459;10
1460;11
1461;6
1462;11
1463;9
1464;11
1465;10
1466;8
1467;10
1468;8
1469;3
1470;10
1471;7
1472;9
1473;14
1474;12
1475;11
1476;14
1477;3
1478;12
1479;8
1480;6
1481;7
1482;8
1483;9
1484;4
1485;13
1486;8
1487;6
1488;6
1489;8
1490;9
1491;7
1492;10
1493;5
1494;7
1495;9
1496;6
1497;15
1498;8
1499;11
1500;7
1501;14
1502;10
1503;4
1504;5
1505;7
1506;10
1507;10
1508;7
1509;8
1510;7
1511;11
1512;8
1513;7
1514;5
1515;11
1516;5
1517;5
1518;8
1519;5
1520;7
1521;8
1522;3
1523;6
1524;10
1525;7
1526;7
1527;9
1528;3
1529;8
1530;6
1531;5
1532;7
1533;6
1534;7
1535;10
1536;8
1537;3
1538;8
1539;8
1540;8
1541;3
1542;8
1543;0
1544;7
1545;5
1546;7
1547;5
1548;9
1549;3
1550;3
1551;11
1552;8
1553;8
1554;8
1555;4
1556;7
1557;6
1558;6
1559;10
1560;6
1561;7
1562;8
1563;5
1564;5
1565;2
1566;3
1567;4
1568;8
1569;8
1570;5
1571;5
1572;6
1573;9
1574;5
1575;7
1576;8
1577;8
1578;7
1579;3
1580;6
1581;3
1582;2
1583;4
1584;5
1585;6
1586;5
1587;4
1588;4
1589;3
1590;7
1591;0
1592;3
1593;3
1594;5
1595;6
1596;4
1597;2
1598;2
1599;4
1600;6
1601;4
1602;5
1603;2
1604;6
1605;0
1606;3
1607;6
1608;5
1609;5
1610;4
1611;4
1612;4
1613;5
1614;2
1615;2
1616;6
1617;4
1618;8
1619;5
1620;2
1621;6
1622;2
1623;6
1624;1
1625;5
1626;3
1627;4
1628;2
1629;1
1630;1
1631;2
1632;3
1633;4
1634;4
1635;2
1636;2
1637;5
1638;2
1639;3
1640;2
1641;3
1642;2
1643;3
1644;2
1645;0
1646;1
1647;4
1648;2
1649;3
1650;4
1651;1
1652;2
1653;3
1654;2
1655;2
1656;1
1657;1
1658;3
1659;8
1660;2
1661;3
1662;2
1663;1
1664;2
1665;2
1666;1
1667;1
1668;1
1669;5
1670;5
1671;1
1672;5
1673;2
1674;2
1675;1
1676;1
1677;1
1678;4
1679;3
1680;4
1681;3
1682;3
1683;1
1684;1
1685;5
1686;2
1687;1
1688;1
1689;4
1690;5
1691;3
1692;1
1693;3
1694;1
1695;2
1696;4
1697;1
1698;0
1699;4
1700;1
1701;1
1702;0
1703;1
1704;0
1705;1
1706;3
1707;5
1708;3
1709;2
1710;1
1711;2
1712;1
1713;1
1714;1
1715;2
1716;3
1717;0
1718;3
1719;1
1720;2
1721;0
1722;2
1723;0
1724;1
1725;0
1726;0
1727;1
1728;1
1729;1
1730;1
1731;2
1732;1
1733;1
1734;0
1735;2
1736;2
1737;1
1738;3
1739;1
1740;3
1741;0
1742;3
1743;1
1744;2
1745;0
1746;3
1747;0
1748;1
1749;1
1750;4
1751;1
1752;3
1753;0
1754;1
1755;1
1756;0
1757;1
1758;1
1759;0
1760;1
1761;1
1762;1
1763;1
1764;1
1765;0
1766;1
1767;0
1768;3
1769;0
1770;1
1771;0
1772;0
1773;0
1774;0
1775;1
1776;0
1777;1
1778;0
1779;2
1780;2
1781;1
1782;0
1783;1
1784;3
1785;0
1786;1
1787;0
1788;0
1789;0
1790;1
1791;0
1792;0
1793;0
1794;0
1795;0
1796;0
1797;0
1798;1
1799;0
1800;1
1801;0
1802;1
1803;1
1804;1
1805;2
1806;1
1807;1
1808;0
1809;2
1810;0
1811;0
1812;1
1813;0
1814;2
1815;0
1816;1
1817;0
1818;0
1819;0
1820;0
1821;0
1822;1
1823;0
1824;1
1825;1
1826;0
1827;0
1828;0
1829;0
1830;0
1831;0
1832;0
1833;2
1834;2
1835;0
1836;0
1837;0
1838;1
1839;1
1840;0
1841;0
1842;1
1843;0
1844;1
1845;0
1846;0
1847;0
1848;0
1849;0
1850;0
1851;1
1852;0
1853;0
1854;1
1855;0
1856;2
1857;0
1858;1
1859;1
1860;0
1861;0
1862;0
1863;1
1864;0
1865;0
1866;0
1867;0
1868;0
1869;0
1870;0
1871;0
1872;0
1873;0
1874;0
1875;0
1876;0
1877;0
1878;0
1879;0
1880;0
1881;0
1882;0
1883;0
1884;0
1885;0
1886;0
1887;0
1888;1
1889;1
1890;0
1891;0
1892;0
1893;0
1894;0
1895;0
1896;0
1897;0
1898;0
1899;0
1900;0
1901;0
1902;1
1903;0
1904;0
1905;0
1906;0
1907;0
1908;0
1909;0
1910;0
1911;0
1912;0
1913;0
1914;0
1915;0
1916;0
1917;0
1918;0
1919;0
1920;0
1921;0
1922;0
1923;0
1924;1
1925;0
1926;0
1927;0
1928;0
1929;0
1930;0
1931;0
1932;0
1933;0
1934;0
1935;0
1936;0
1937;0
1938;0
1939;1
1940;0
1941;0
1942;0
1943;0
1944;0
1945;0
1946;0
1947;1
1948;0
1949;0
1950;0
1951;0
1952;0
1953;1
1954;0
1955;0
1956;0
1957;0
1958;0
1959;0
1960;0
1961;0
1962;0
1963;0
1964;0
1965;0
1966;0
1967;0
1968;0
1969;0
1970;0
1971;0
1972;0
1973;0
1974;0
1975;0
1976;0
1977;0
1978;0
1979;0
1980;0
1981;0
1982;0
1983;0
1984;0
1985;0
1986;0
1987;0
1988;0
1989;0
1990;0
1991;0
1992;0
1993;0
1994;0
1995;0
1996;0
1997;0
1998;0
1999;0
2000;0
2001;0
2002;0
2003;0
2004;0
2005;0
2006;0
2007;0
2008;0
2009;0
2010;0
2011;0
2012;0
2013;0
2014;0
2015;0
2016;0
2017;0
2018;0
2019;0
2020;0
2021;0
2022;0
2023;0
2024;0
2025;0
2026;0
2027;0
2028;0
2029;0
2030;0
2031;0
2032;0
2033;0
2034;0
2035;0
2036;0
2037;0
2038;0
2039;0
2040;0
2041;0
2042;0
2043;0
2044;0
2045;0
2046;0
2047;0
2048;0
2049;0
2050;0
2051;0
2052;0
2053;0
2054;0
2055;0
2056;0
2057;0
2058;0
2059;0
2060;0
2061;0
2062;0
2063;0
2064;0
2065;0
2066;0
2067;0
2068;0
2069;0
2070;0
2071;0
2072;0
2073;0
2074;0
2075;0
2076;0
2077;0
2078;0
2079;0
2080;0
2081;0
2082;0
2083;0
2084;0
2085;0
2086;0
2087;0
2088;0
2089;0
2090;0
2091;0
2092;0
2093;0
2094;0
2095;0
2096;0
2097;0
2098;0
2099;0
2100;0
2101;0
2102;0
2103;0
2104;0
2105;0
2106;0
2107;0
2108;0
2109;0
2110;0
2111;0
2112;0
2113;0
2114;0
2115;0
2116;0
2117;0
2118;0
2119;0
2120;0
2121;0
2122;0
2123;0
2124;0
2125;0
2126;0
2127;0
2128;0
2129;0
2130;0
2131;0
2132;0
2133;0
2134;0
2135;0
2136;0
2137;0
2138;0
2139;0
2140;0
2141;0
2142;0
2143;0
2144;0
2145;0
2146;0
2147;0
2148;0
2149;0
2150;0
2151;0
2152;0
2153;0
2154;0
2155;0
2156;0
2157;0
2158;0
2159;0
2160;0
2161;0
2162;0
2163;0
2164;0
2165;0
2166;0
2167;0
2168;0
2169;0
2170;0
2171;0
2172;0
2173;0
2174;0
2175;0
2176;0
2177;0
2178;0
2179;0
2180;0
2181;0
2182;0
2183;0
2184;0
2185;0
2186;0
2187;0
2188;0
2189;0
2190;0
2191;0
2192;0
2193;0
2194;0
2195;0
2196;0
2197;0
2198;0
2199;0
2200;0
2201;0
2202;0
2203;0
2204;0
2205;0
2206;0
2207;0
2208;0
2209;0
2210;0
2211;0
2212;0
2213;0
2214;0
2215;0
2216;0
2217;0
2218;0
2219;0
2220;0
2221;0
2222;0
2223;0
2224;0
2225;0
2226;0
2227;0
2228;0
2229;0
2230;0
2231;0
2232;0
2233;0
2234;0
2235;0
2236;0
2237;0
2238;0
2239;0
2240;0
2241;0
2242;0
2243;0
2244;0
2245;0
2246;0
2247;0
2248;0
2249;0
2250;0
2251;0
2252;0
2253;0
2254;0
2255;0
2256;0
2257;0
2258;0
2259;0
2260;0
2261;0
2262;0
2263;0
2264;0
2265;0
2266;0
2267;0
2268;0
2269;0
2270;0
2271;0
2272;0
2273;0
2274;0
2275;0
2276;0
2277;0
2278;0
2279;0
2280;0
2281;0
2282;0
2283;0
2284;0
2285;0
2286;0
2287;0
2288;0
2289;0
2290;0
2291;0
2292;0
2293;0
2294;0
2295;0
2296;0
2297;0
2298;0
2299;0
2300;0
2301;0
2302;0
2303;0
2304;0
2305;0
2306;0
2307;0
2308;0
2309;0
2310;0
2311;0
2312;0
2313;0
2314;0
2315;0
2316;0
2317;0
2318;0
2319;0
2320;0
2321;0
2322;0
2323;0
2324;0
2325;0
2326;0
2327;0
2328;0
2329;0
2330;0
2331;0
2332;0
2333;0
2334;0
2335;0
2336;0
2337;0
2338;0
2339;0
2340;0
2341;0
2342;0
2343;0
2344;0
2345;0
2346;0
2347;0
2348;0
2349;0
2350;0
2351;0
2352;0
2353;0
2354;0
2355;0
2356;0
2357;0
2358;0
2359;0
2360;0
2361;0
2362;0
2363;0
2364;0
2365;0
2366;0
2367;0
2368;0
2369;0
2370;0
2371;0
2372;0
2373;0
2374;0
2375;0
2376;0
2377;0
2378;0
2379;0
2380;0
2381;0
2382;0
2383;0
2384;0
2385;0
2386;0
2387;0
2388;0
2389;0
2390;0
2391;0
2392;0
2393;0
2394;0
2395;0
2396;0
2397;0
2398;0
2399;0
2400;0
2401;0
2402;0
2403;0
2404;0
2405;0
2406;0
2407;0
2408;0
2409;0
2410;0
2411;0
2412;0
2413;0
2414;0
2415;0
2416;0
2417;0
2418;0
2419;0
2420;0
2421;0
2422;0
2423;0
2424;0
2425;0
2426;0
2427;0
2428;0
2429;0
2430;0
2431;0
2432;0
2433;0
2434;0
2435;0
2436;0
2437;0
2438;0
2439;0
2440;0
2441;0
2442;0
2443;0
2444;0
2445;0
2446;0
2447;0
2448;0
2449;0
2450;0
2451;0
2452;0
2453;0
2454;0
2455;0
2456;0
2457;0
2458;0
2459;0
2460;0
2461;0
2462;0
2463;0
2464;0
2465;0
2466;0
2467;0
2468;0
2469;0
2470;0
2471;0
2472;0
2473;0
2474;0
2475;0
2476;0
2477;0
2478;0
2479;0
2480;0
2481;0
2482;0
2483;0
2484;0
2485;0
2486;0
2487;0
2488;0
2489;0
2490;0
2491;0
2492;0
2493;0
2494;0
2495;0
2496;0
2497;0
2498;0
2499;0
2500;0
2501;0
2502;0
2503;0
2504;0
2505;0
2506;0
2507;0
2508;0
2509;0
2510;0
2511;0
2512;0
2513;0
2514;0
2515;0
2516;0
2517;0
2518;0
2519;0
2520;0
2521;0
2522;0
2523;0
2524;0
2525;0
2526;0
2527;0
2528;0
2529;0
2530;0
2531;0
2532;0
2533;0
2534;0
2535;0
2536;0
2537;0
2538;0
2539;0
2540;0
2541;0
2542;0
2543;0
2544;0
2545;0
2546;0
2547;0
2548;0
2549;0
2550;0
2551;0
2552;0
2553;0
2554;0
2555;0
2556;0
2557;0
2558;0
2559;0
2560;0
2561;0
2562;0
2563;0
2564;0
2565;0
2566;0
2567;0
2568;0
2569;0
2570;0
2571;0
2572;0
2573;0
2574;0
2575;0
2576;0
2577;0
2578;0
2579;0
2580;0
2581;0
2582;0
2583;0
2584;0
2585;0
2586;0
2587;0
2588;0
2589;0
2590;0
2591;0
2592;0
2593;0
2594;0
2595;0
2596;0
2597;0
2598;0
2599;0
2600;0
2601;0
2602;0
2603;0
2604;0
2605;0
2606;0
2607;0
2608;0
2609;0
2610;0
2611;0
2612;0
2613;0
2614;0
2615;0
2616;0
2617;0
2618;0
2619;0
2620;0
2621;0
2622;0
2623;0
2624;0
2625;0
2626;0
2627;0
2628;0
2629;0
2630;0
2631;0
2632;0
2633;0
2634;0
2635;0
2636;0
2637;0
2638;0
2639;0
2640;0
2641;0
2642;0
2643;0
2644;0
2645;0
2646;0
2647;0
2648;0
2649;0
2650;0
2651;0
2652;0
2653;0
2654;0
2655;0
2656;0
2657;0
2658;0
2659;0
2660;0
2661;0
2662;0
2663;0
2664;0
2665;0
2666;0
2667;0
2668;0
2669;0
2670;0
2671;0
2672;0
2673;0
2674;0
2675;0
2676;0
2677;0
2678;0
2679;0
2680;0
2681;0
2682;0
2683;0
2684;0
2685;0
2686;0
2687;0
2688;0
2689;0
2690;0
2691;0
2692;0
2693;0
2694;0
2695;0
2696;0
2697;0
2698;0
2699;0
2700;0
2701;0
2702;0
2703;0
2704;0
2705;0
2706;0
2707;0
2708;0
2709;0
2710;0
2711;0
2712;0
2713;0
2714;0
2715;0
2716;0
2717;0
2718;0
2719;0
2720;0
2721;0
2722;0
2723;0
2724;0
2725;0
2726;0
2727;0
2728;0
2729;0
2730;0
2731;0
2732;0
2733;0
2734;0
2735;0
2736;0
2737;0
2738;0
2739;0
2740;0
2741;0
2742;0
2743;0
2744;0
2745;0
2746;0
2747;0
2748;0
2749;0
2750;0
2751;0
2752;0
2753;0
2754;0
2755;0
2756;0
2757;0
2758;0
2759;0
2760;0
2761;0
2762;0
2763;0
2764;0
2765;0
2766;0
2767;0
2768;0
2769;0
2770;0
2771;0
2772;0
2773;0
2774;0
2775;0
2776;0
2777;0
2778;0
2779;0
2780;0
2781;0
2782;0
2783;0
2784;0
2785;0
2786;0
2787;0
2788;0
2789;0
2790;0
2791;0
2792;0
2793;0
2794;0
2795;0
2796;0
2797;0
2798;0
2799;0
2800;0
2801;0
2802;0
2803;0
2804;0
2805;0
2806;0
2807;0
2808;0
2809;0
2810;0
2811;0
2812;0
2813;0
2814;0
2815;0
2816;0
2817;0
2818;0
2819;0
2820;0
2821;0
2822;0
2823;0
2824;0
2825;0
2826;0
2827;0
2828;0
2829;0
2830;0
2831;0
2832;0
2833;0
2834;0
2835;0
2836;0
2837;0
2838;0
2839;0
2840;0
2841;0
2842;0
2843;0
2844;0
2845;0
2846;0
2847;0
2848;0
2849;0
2850;0
2851;0
2852;0
2853;0
2854;0
2855;0
2856;0
2857;0
2858;0
2859;0
2860;0
2861;0
2862;0
2863;0
2864;0
2865;0
2866;0
2867;0
2868;0
2869;0
2870;0
2871;0
2872;0
2873;0
2874;0
2875;0
2876;0
2877;0
2878;0
2879;0
2880;0
2881;0
2882;0
2883;0
2884;0
2885;0
2886;0
2887;0
2888;0
2889;0
2890;0
2891;0
2892;0
2893;0
2894;0
2895;0
2896;0
2897;0
2898;0
2899;0
2900;0
2901;0
2902;0
2903;0
2904;0
2905;0
2906;0
2907;0
2908;0
2909;0
2910;0
2911;0
2912;0
2913;0
2914;0
2915;0
2916;0
2917;0
2918;0
2919;0
2920;0
2921;0
2922;0
2923;0
2924;0
2925;0
2926;0
2927;0
2928;0
2929;0
2930;0
2931;0
2932;0
2933;0
2934;0
2935;0
2936;0
2937;0
2938;0
2939;0
2940;0
2941;0
2942;0
2943;0
2944;0
2945;0
2946;0
2947;0
2948;0
2949;0
2950;0
2951;0
2952;0
2953;0
2954;0
2955;0
2956;0
2957;0
2958;0
2959;0
2960;0
2961;0
2962;0
2963;0
2964;0
2965;0
2966;0
2967;0
2968;0
2969;0
2970;0
2971;0
2972;0
2973;0
2974;0
2975;0
2976;0
2977;0
2978;0
2979;0
2980;0
2981;0
2982;0
2983;0
2984;0
2985;0
2986;0
2987;0
2988;0
2989;0
2990;0
2991;0
2992;0
2993;0
2994;0
2995;0
2996;0
2997;0
2998;0
2999;0
3000;0
3001;0
3002;0
3003;0
3004;0
3005;0
3006;0
3007;0
3008;0
3009;0
3010;0
3011;0
3012;0
3013;0
3014;0
3015;0
3016;0
3017;0
3018;0
3019;0
3020;0
3021;0
3022;0
3023;0
3024;0
3025;0
3026;0
3027;0
3028;0
3029;0
3030;0
3031;0
3032;0
3033;0
3034;0
3035;0
3036;0
3037;0
3038;0
3039;0
3040;0
3041;0
3042;0
3043;0
3044;0
3045;0
3046;0
3047;0
3048;0
3049;0
3050;0
3051;0
3052;0
3053;0
3054;0
3055;0
3056;0
3057;0
3058;0
3059;0
3060;0
3061;0
3062;0
3063;0
3064;0
3065;0
3066;0
3067;0
3068;0
3069;0
3070;0
3071;0
3072;0
3073;0
3074;0
3075;0
3076;0
3077;0
3078;0
3079;0
3080;0
3081;0
3082;0
3083;0
3084;0
3085;0
3086;0
3087;0
3088;0
3089;0
3090;0
3091;0
3092;0
3093;0
3094;0
3095;0
3096;0
3097;0
3098;0
3099;0
3100;0
3101;0
3102;0
3103;0
3104;0
3105;0
3106;0
3107;0
3108;0
3109;0
3110;0
3111;0
3112;0
3113;0
3114;0
3115;0
3116;0
3117;0
3118;0
3119;0
3120;0
3121;0
3122;0
3123;0
3124;0
3125;0
3126;0
3127;0
3128;0
3129;0
3130;0
3131;0
3132;0
3133;0
3134;0
3135;0
3136;0
3137;0
3138;0
3139;0
3140;0
3141;0
3142;0
3143;0
3144;0
3145;0
3146;0
3147;0
3148;0
3149;0
3150;0
3151;0
3152;0
3153;0
3154;0
3155;0
3156;0
3157;0
3158;0
3159;0
3160;0
3161;0
3162;0
3163;0
3164;0
3165;0
3166;0
3167;0
3168;0
3169;0
3170;0
3171;0
3172;0
3173;0
3174;0
3175;0
3176;0
3177;0
3178;0
3179;0
3180;0
3181;0
3182;0
3183;0
3184;0
3185;0
3186;0
3187;0
3188;0
3189;0
3190;0
3191;0
3192;0
3193;0
3194;0
3195;0
3196;0
3197;0
3198;0
3199;0
3200;0
3201;0
3202;0
3203;0
3204;0
3205;0
3206;0
3207;0
3208;0
3209;0
3210;0
3211;0
3212;0
3213;0
3214;0
3215;0
3216;0
3217;0
3218;0
3219;0
3220;0
3221;0
3222;0
3223;0
3224;0
3225;0
3226;0
3227;0
3228;0
3229;0
3230;0
3231;0
3232;0
3233;0
3234;0
3235;0
3236;0
3237;0
3238;0
3239;0
3240;0
3241;0
3242;0
3243;0
3244;0
3245;0
3246;0
3247;0
3248;0
3249;0
3250;0
3251;0
3252;0
3253;0
3254;0
3255;0
3256;0
3257;0
3258;0
3259;0
3260;0
3261;0
3262;0
3263;0
3264;0
3265;0
3266;0
3267;0
3268;0
3269;0
3270;0
3271;0
3272;0
3273;0
3274;0
3275;0
3276;0
3277;0
3278;0
3279;0
3280;0
3281;0
3282;0
3283;0
3284;0
3285;0
3286;0
3287;0
3288;0
3289;0
3290;0
3291;0
3292;0
3293;0
3294;0
3295;0
3296;0
3297;0
3298;0
3299;0
3300;0
3301;0
3302;0
3303;0
3304;0
3305;0
3306;0
3307;0
3308;0
3309;0
3310;0
3311;0
3312;0
3313;0
3314;0
3315;0
3316;0
3317;0
3318;0
3319;0
3320;0
3321;0
3322;0
3323;0
3324;0
3325;0
3326;0
3327;0
3328;0
3329;0
3330;0
3331;0
3332;0
3333;0
3334;0
3335;0
3336;0
3337;0
3338;0
3339;0
3340;0
3341;0
3342;0
3343;0
3344;0
3345;0
3346;0
3347;0
3348;0
3349;0
3350;0
3351;0
3352;0
3353;0
3354;0
3355;0
3356;0
3357;0
3358;0
3359;0
3360;0
3361;0
3362;0
3363;0
3364;0
3365;0
3366;0
3367;0
3368;0
3369;0
3370;0
3371;0
3372;0
3373;0
3374;0
3375;0
3376;0
3377;0
3378;0
3379;0
3380;0
3381;0
3382;0
3383;0
3384;0
3385;0
3386;0
3387;0
3388;0
3389;0
3390;0
3391;0
3392;0
3393;0
3394;0
3395;0
3396;0
3397;0
3398;0
3399;0
3400;0
3401;0
3402;0
3403;0
3404;0
3405;0
3406;0
3407;0
3408;0
3409;0
3410;0
3411;0
3412;0
3413;0
3414;0
3415;0
3416;0
3417;0
3418;0
3419;0
3420;0
3421;0
3422;0
3423;0
3424;0
3425;0
3426;0
3427;0
3428;0
3429;0
3430;0
3431;0
3432;0
3433;0
3434;0
3435;0
3436;0
3437;0
3438;0
3439;0
3440;0
3441;0
3442;0
3443;0
3444;0
3445;0
3446;0
3447;0
3448;0
3449;0
3450;0
3451;0
3452;0
3453;0
3454;0
3455;0
3456;0
3457;0
3458;0
3459;0
3460;0
3461;0
3462;0
3463;0
3464;0
3465;0
3466;0
3467;0
3468;0
3469;0
3470;0
3471;0
3472;0
3473;0
3474;0
3475;0
3476;0
3477;0
3478;0
3479;0
3480;0
3481;0
3482;0
3483;0
3484;0
3485;0
3486;0
3487;0
3488;0
3489;0
3490;0
3491;0
3492;0
3493;0
3494;0
3495;0
3496;0
3497;0
3498;0
3499;0
3500;0
3501;0
3502;0
3503;0
3504;0
3505;0
3506;0
3507;0
3508;0
3509;0
3510;0
3511;0
3512;0
3513;0
3514;0
3515;0
3516;0
3517;0
3518;0
3519;0
3520;0
3521;0
3522;0
3523;0
3524;0
3525;0
3526;0
3527;0
3528;0
3529;0
3530;0
3531;0
3532;0
3533;0
3534;0
3535;0
3536;0
3537;0
3538;0
3539;0
3540;0
3541;0
3542;0
3543;0
3544;0
3545;0
3546;0
3547;0
3548;0
3549;0
3550;0
3551;0
3552;0
3553;0
3554;0
3555;0
3556;0
3557;0
3558;0
3559;0
3560;0
3561;0
3562;0
3563;0
3564;0
3565;0
3566;0
3567;0
3568;0
3569;0
3570;0
3571;0
3572;0
3573;0
3574;0
3575;0
3576;0
3577;0
3578;0
3579;0
3580;0
3581;0
3582;0
3583;0
3584;0
3585;0
3586;0
3587;0
3588;0
3589;0
3590;0
3591;0
3592;0
3593;0
3594;0
3595;0
3596;0
3597;0
3598;0
3599;0
3600;0
3601;0
3602;0
3603;0
3604;0
3605;0
3606;0
3607;0
3608;0
3609;0
3610;0
3611;0
3612;0
3613;0
3614;0
3615;0
3616;0
3617;0
3618;0
3619;0
3620;0
3621;0
3622;0
3623;0
3624;0
3625;0
3626;0
3627;0
3628;0
3629;0
3630;0
3631;0
3632;0
3633;0
3634;0
3635;0
3636;0
3637;0
3638;0
3639;0
3640;0
3641;0
3642;0
3643;0
3644;0
3645;0
3646;0
3647;0
3648;0
3649;0
3650;0
3651;0
3652;0
3653;0
3654;0
3655;0
3656;0
3657;0
3658;0
3659;0
3660;0
3661;0
3662;0
3663;0
3664;0
3665;0
3666;0
3667;0
3668;0
3669;0
3670;0
3671;0
3672;0
3673;0
3674;0
3675;0
3676;0
3677;0
3678;0
3679;0
3680;0
3681;0
3682;0
3683;0
3684;0
3685;0
3686;0
3687;0
3688;0
3689;0
3690;0
3691;0
3692;0
3693;0
3694;0
3695;0
3696;0
3697;0
3698;0
3699;0
3700;0
3701;0
3702;0
3703;0
3704;0
3705;0
3706;0
3707;0
3708;0
3709;0
3710;0
3711;0
3712;0
3713;0
3714;0
3715;0
3716;0
3717;0
3718;0
3719;0
3720;0
3721;0
3722;0
3723;0
3724;0
3725;0
3726;0
3727;0
3728;0
3729;0
3730;0
3731;0
3732;0
3733;0
3734;0
3735;0
3736;0
3737;0
3738;0
3739;0
3740;0
3741;0
3742;0
3743;0
3744;0
3745;0
3746;0
3747;0
3748;0
3749;0
3750;0
3751;0
3752;0
3753;0
3754;0
3755;0
3756;0
3757;0
3758;0
3759;0
3760;0
3761;0
3762;0
3763;0
3764;0
3765;0
3766;0
3767;0
3768;0
3769;0
3770;0
3771;0
3772;0
3773;0
3774;0
3775;0
3776;0
3777;0
3778;0
3779;0
3780;0
3781;0
3782;0
3783;0
3784;0
3785;0
3786;0
3787;0
3788;0
3789;0
3790;0
3791;0
3792;0
3793;0
3794;0
3795;0
3796;0
3797;0
3798;0
3799;0
3800;0
3801;0
3802;0
3803;0
3804;0
3805;0
3806;0
3807;0
3808;0
3809;0
3810;0
3811;0
3812;0
3813;0
3814;0
3815;0
3816;0
3817;0
3818;0
3819;0
3820;0
3821;0
3822;0
3823;0
3824;0
3825;0
3826;0
3827;0
3828;0
3829;0
3830;0
3831;0
3832;0
3833;0
3834;0
3835;0
3836;0
3837;0
3838;0
3839;0
3840;0
3841;0
3842;0
3843;0
3844;0
3845;0
3846;0
3847;0
3848;0
3849;0
3850;0
3851;0
3852;0
3853;0
3854;0
3855;0
3856;0
3857;0
3858;0
3859;0
3860;0
3861;0
3862;0
3863;0
3864;0
3865;0
3866;0
3867;0
3868;0
3869;0
3870;0
3871;0
3872;0
3873;0
3874;0
3875;0
3876;0
3877;0
3878;0
3879;0
3880;0
3881;0
3882;0
3883;0
3884;0
3885;0
3886;0
3887;0
3888;0
3889;0
3890;0
3891;0
3892;0
3893;0
3894;0
3895;0
3896;0
3897;0
3898;0
3899;0
3900;0
3901;0
3902;0
3903;0
3904;0
3905;0
3906;0
3907;0
3908;0
3909;0
3910;0
3911;0
3912;0
3913;0
3914;0
3915;0
3916;0
3917;0
3918;0
3919;0
3920;0
3921;0
3922;0
3923;0
3924;0
3925;0
3926;0
3927;0
3928;0
3929;0
3930;0
3931;0
3932;0
3933;0
3934;0
3935;0
3936;0
3937;0
3938;0
3939;0
3940;0
3941;0
3942;0
3943;0
3944;0
3945;0
3946;0
3947;0
3948;0
3949;0
3950;0
3951;0
3952;0
3953;0
3954;0
3955;0
3956;0
3957;0
3958;0
3959;0
3960;0
3961;0
3962;0
3963;0
3964;0
3965;0
3966;0
3967;0
3968;0
3969;0
3970;0
3971;0
3972;0
3973;0
3974;0
3975;0
3976;0
3977;0
3978;0
3979;0
3980;0
3981;0
3982;0
3983;0
3984;0
3985;0
3986;0
3987;0
3988;0
3989;0
3990;0
3991;0
3992;0
3993;0
3994;0
3995;0
3996;0
3997;0
3998;0
3999;0
4000;0
4001;0
4002;0
4003;0
4004;0
4005;0
4006;0
4007;0
4008;0
4009;0
4010;0
4011;0
4012;0
4013;0
4014;0
4015;0
4016;0
4017;0
4018;0
4019;0
4020;0
4021;0
4022;0
4023;0
4024;0
4025;0
4026;0
4027;0
4028;0
4029;0
4030;0
4031;0
4032;0
4033;0
4034;0
4035;0
4036;0
4037;0
4038;0
4039;0
4040;0
4041;0
4042;0
4043;0
4044;0
4045;0
4046;0
4047;0
4048;0
4049;0
4050;0
4051;0
4052;0
4053;0
4054;0
4055;0
4056;0
4057;0
4058;0
4059;0
4060;0
4061;0
4062;0
4063;0
4064;0
4065;0
4066;0
4067;0
4068;0
4069;0
4070;0
4071;0
4072;0
4073;0
4074;0
4075;0
4076;0
4077;0
4078;0
4079;0
4080;0
4081;0
4082;0
4083;0
4084;0
4085;0
4086;0
4087;0
4088;0
4089;0
4090;0
4091;0
4092;0
4093;0
4094;0
4095;0
4096;0
