L 64,p 0.593200,Z 100000
/* Tamanio de cluster; Ocurrencias de cada tamaño de cluster */
1;7271902
2;1558552
3;932274
4;603532
5;421296
6;309406
7;239042
8;190402
9;156632
10;129932
11;109877
12;94938
13;82292
14;72515
15;64485
16;57245
17;51590
18;46453
19;42498
20;38432
21;35782
22;33260
23;30444
24;28227
25;26259
26;24396
27;22632
28;21457
29;20261
30;19262
31;17896
32;16934
33;16103
34;15218
35;14564
36;13704
37;13158
38;12498
39;11825
40;11471
41;11124
42;10575
43;10012
44;9630
45;9429
46;8989
47;8677
48;8423
49;7947
50;7762
51;7442
52;7235
53;7076
54;6876
55;6479
56;6321
57;6187
58;5999
59;5719
60;5659
61;5500
62;5388
63;5111
64;4987
65;5008
66;4768
67;4737
68;4581
69;4286
70;4385
71;4254
72;4069
73;3977
74;3913
75;4013
76;3783
77;3566
78;3503
79;3498
80;3447
81;3360
82;3181
83;3221
84;3085
85;3040
86;3077
87;2938
88;2920
89;2819
90;2763
91;2679
92;2679
93;2663
94;2620
95;2547
96;2502
97;2493
98;2374
99;2436
100;2410
101;2264
102;2216
103;2251
104;2131
105;2183
106;2153
107;2095
108;2102
109;1977
110;1947
111;1935
112;1929
113;1886
114;1816
115;1853
116;1779
117;1811
118;1758
119;1744
120;1780
121;1742
122;1616
123;1636
124;1546
125;1617
126;1586
127;1520
128;1516
129;1544
130;1430
131;1482
132;1368
133;1476
134;1482
135;1386
136;1404
137;1371
138;1353
139;1326
140;1267
141;1328
142;1253
143;1278
144;1222
145;1283
146;1241
147;1219
148;1213
149;1196
150;1172
151;1116
152;1148
153;1169
154;1117
155;1103
156;1088
157;1072
158;1120
159;1072
160;1073
161;1058
162;1057
163;1064
164;989
165;1018
166;1016
167;966
168;944
169;926
170;890
171;975
172;944
173;982
174;880
175;838
176;844
177;910
178;911
179;857
180;877
181;783
182;817
183;755
184;870
185;824
186;828
187;794
188;763
189;799
190;791
191;778
192;742
193;769
194;690
195;756
196;741
197;712
198;706
199;733
200;723
201;719
202;697
203;708
204;658
205;701
206;719
207;640
208;671
209;639
210;667
211;691
212;650
213;661
214;626
215;626
216;618
217;613
218;599
219;569
220;585
221;592
222;602
223;569
224;619
225;575
226;603
227;623
228;558
229;537
230;546
231;566
232;552
233;510
234;566
235;541
236;497
237;561
238;593
239;542
240;525
241;518
242;516
243;484
244;542
245;493
246;463
247;505
248;480
249;524
250;529
251;548
252;508
253;491
254;473
255;482
256;498
257;483
258;451
259;443
260;503
261;491
262;446
263;404
264;449
265;457
266;432
267;473
268;442
269;450
270;449
271;432
272;443
273;434
274;411
275;453
276;446
277;407
278;391
279;385
280;391
281;393
282;370
283;410
284;441
285;397
286;372
287;406
288;385
289;363
290;370
291;380
292;395
293;378
294;343
295;345
296;374
297;387
298;365
299;360
300;375
301;354
302;380
303;386
304;384
305;366
306;354
307;360
308;361
309;332
310;357
311;347
312;345
313;320
314;317
315;329
316;327
317;324
318;349
319;308
320;315
321;348
322;327
323;351
324;340
325;340
326;302
327;321
328;327
329;322
330;298
331;296
332;337
333;307
334;308
335;290
336;322
337;311
338;335
339;307
340;327
341;324
342;314
343;308
344;310
345;299
346;277
347;292
348;274
349;310
350;301
351;276
352;290
353;310
354;290
355;305
356;310
357;289
358;286
359;254
360;276
361;268
362;275
363;257
364;268
365;290
366;263
367;280
368;257
369;289
370;285
371;241
372;256
373;282
374;287
375;269
376;250
377;251
378;240
379;255
380;261
381;258
382;246
383;234
384;245
385;226
386;255
387;228
388;256
389;242
390;260
391;251
392;258
393;261
394;237
395;220
396;241
397;239
398;241
399;234
400;222
401;230
402;223
403;248
404;213
405;232
406;234
407;226
408;226
409;215
410;237
411;242
412;195
413;238
414;206
415;224
416;213
417;223
418;219
419;213
420;222
421;215
422;195
423;222
424;205
425;205
426;215
427;187
428;214
429;203
430;207
431;221
432;201
433;205
434;205
435;196
436;192
437;228
438;190
439;219
440;202
441;190
442;174
443;202
444;196
445;204
446;216
447;227
448;166
449;180
450;206
451;214
452;185
453;194
454;183
455;213
456;165
457;212
458;177
459;218
460;186
461;174
462;191
463;184
464;177
465;188
466;181
467;190
468;177
469;170
470;180
471;172
472;185
473;174
474;183
475;172
476;169
477;179
478;177
479;172
480;145
481;185
482;164
483;156
484;144
485;174
486;182
487;159
488;148
489;170
490;169
491;152
492;163
493;163
494;165
495;185
496;185
497;170
498;165
499;178
500;168
501;158
502;155
503;161
504;152
505;174
506;150
507;150
508;155
509;160
510;148
511;166
512;131
513;162
514;153
515;161
516;134
517;157
518;154
519;162
520;152
521;149
522;157
523;146
524;115
525;144
526;128
527;165
528;141
529;139
530;144
531;143
532;122
533;146
534;188
535;129
536;156
537;127
538;145
539;168
540;137
541;144
542;136
543;166
544;148
545;123
546;127
547;142
548;130
549;148
550;130
551;121
552;117
553;163
554;133
555;131
556;126
557;144
558;121
559;114
560;148
561;132
562;128
563;137
564;149
565;123
566;148
567;122
568;123
569;126
570;135
571;151
572;137
573;120
574;144
575;119
576;106
577;134
578;120
579;142
580;136
581;138
582;133
583;125
584;121
585;120
586;112
587;141
588;133
589;139
590;123
591;115
592;98
593;113
594;122
595;130
596;139
597;134
598;111
599;139
600;132
601;111
602;118
603;125
604;118
605;130
606;125
607;134
608;82
609;123
610;144
611;117
612;115
613;103
614;128
615;100
616;119
617;128
618;125
619;123
620;108
621;127
622;125
623;118
624;124
625;126
626;105
627;112
628;96
629;116
630;110
631;113
632;125
633;106
634;120
635;106
636;97
637;108
638;104
639;108
640;120
641;109
642;109
643;95
644;109
645;109
646;98
647;115
648;90
649;98
650;110
651;114
652;102
653;116
654;119
655;110
656;121
657;104
658;90
659;95
660;93
661;127
662;101
663;100
664;112
665;108
666;118
667;93
668;92
669;114
670;99
671;94
672;114
673;100
674;105
675;107
676;88
677;102
678;90
679;97
680;100
681;99
682;100
683;77
684;105
685;95
686;92
687;86
688;99
689;101
690;100
691;92
692;102
693;81
694;86
695;97
696;95
697;75
698;83
699;102
700;98
701;103
702;75
703;89
704;90
705;91
706;80
707;95
708;81
709;93
710;99
711;103
712;110
713;89
714;93
715;81
716;73
717;97
718;106
719;87
720;89
721;84
722;109
723;94
724;78
725;84
726;92
727;101
728;83
729;93
730;77
731;111
732;79
733;102
734;85
735;83
736;91
737;95
738;94
739;88
740;89
741;89
742;77
743;100
744;95
745;69
746;102
747;83
748;78
749;76
750;80
751;67
752;85
753;83
754;78
755;72
756;86
757;67
758;88
759;67
760;94
761;92
762;76
763;75
764;85
765;84
766;86
767;95
768;76
769;74
770;80
771;90
772;66
773;100
774;68
775;94
776;68
777;66
778;81
779;80
780;80
781;86
782;67
783;77
784;86
785;86
786;76
787;66
788;70
789;73
790;73
791;87
792;83
793;68
794;59
795;65
796;71
797;79
798;71
799;77
800;78
801;70
802;78
803;99
804;94
805;74
806;74
807;72
808;74
809;84
810;81
811;83
812;77
813;74
814;75
815;91
816;88
817;70
818;66
819;66
820;66
821;82
822;81
823;75
824;59
825;73
826;78
827;79
828;69
829;78
830;68
831;60
832;73
833;72
834;71
835;71
836;57
837;78
838;49
839;90
840;68
841;61
842;61
843;70
844;70
845;83
846;70
847;74
848;64
849;72
850;77
851;73
852;62
853;65
854;64
855;63
856;68
857;79
858;76
859;76
860;75
861;61
862;56
863;75
864;61
865;69
866;49
867;65
868;66
869;63
870;56
871;63
872;67
873;63
874;64
875;72
876;64
877;76
878;77
879;66
880;56
881;62
882;69
883;58
884;64
885;57
886;57
887;66
888;62
889;64
890;63
891;70
892;66
893;54
894;65
895;63
896;78
897;63
898;59
899;75
900;38
901;72
902;57
903;71
904;54
905;55
906;53
907;81
908;66
909;61
910;71
911;66
912;60
913;64
914;58
915;71
916;62
917;69
918;65
919;59
920;62
921;62
922;64
923;54
924;63
925;70
926;55
927;54
928;69
929;62
930;56
931;62
932;51
933;52
934;61
935;68
936;55
937;69
938;52
939;63
940;61
941;57
942;67
943;59
944;50
945;57
946;64
947;60
948;65
949;65
950;60
951;45
952;55
953;46
954;60
955;66
956;62
957;56
958;56
959;51
960;53
961;48
962;54
963;45
964;55
965;51
966;50
967;41
968;52
969;61
970;62
971;55
972;43
973;52
974;47
975;56
976;57
977;53
978;50
979;46
980;64
981;63
982;45
983;44
984;45
985;40
986;56
987;54
988;48
989;54
990;57
991;50
992;45
993;47
994;48
995;51
996;32
997;50
998;56
999;47
1000;39
1001;55
1002;47
1003;55
1004;46
1005;45
1006;42
1007;53
1008;51
1009;46
1010;50
1011;47
1012;54
1013;48
1014;61
1015;46
1016;42
1017;62
1018;48
1019;45
1020;43
1021;42
1022;52
1023;62
1024;47
1025;46
1026;38
1027;50
1028;62
1029;51
1030;45
1031;42
1032;38
1033;46
1034;51
1035;44
1036;49
1037;33
1038;54
1039;45
1040;58
1041;60
1042;46
1043;68
1044;45
1045;46
1046;50
1047;43
1048;46
1049;52
1050;43
1051;52
1052;55
1053;44
1054;45
1055;55
1056;46
1057;42
1058;42
1059;44
1060;43
1061;39
1062;46
1063;39
1064;40
1065;49
1066;40
1067;48
1068;56
1069;61
1070;34
1071;36
1072;43
1073;47
1074;47
1075;33
1076;55
1077;46
1078;41
1079;46
1080;45
1081;48
1082;44
1083;45
1084;48
1085;57
1086;48
1087;58
1088;73
1089;46
1090;49
1091;44
1092;39
1093;42
1094;41
1095;33
1096;41
1097;50
1098;44
1099;41
1100;45
1101;42
1102;59
1103;35
1104;44
1105;43
1106;43
1107;44
1108;37
1109;39
1110;47
1111;29
1112;50
1113;48
1114;51
1115;44
1116;40
1117;50
1118;33
1119;34
1120;39
1121;40
1122;50
1123;41
1124;46
1125;31
1126;38
1127;34
1128;48
1129;40
1130;49
1131;31
1132;45
1133;39
1134;33
1135;39
1136;40
1137;40
1138;34
1139;42
1140;38
1141;39
1142;40
1143;37
1144;49
1145;43
1146;40
1147;39
1148;36
1149;29
1150;37
1151;36
1152;34
1153;43
1154;41
1155;30
1156;36
1157;35
1158;32
1159;34
1160;42
1161;40
1162;41
1163;35
1164;39
1165;42
1166;36
1167;40
1168;31
1169;37
1170;36
1171;33
1172;34
1173;29
1174;29
1175;37
1176;37
1177;28
1178;36
1179;39
1180;47
1181;32
1182;42
1183;38
1184;48
1185;35
1186;34
1187;39
1188;41
1189;35
1190;37
1191;34
1192;41
1193;29
1194;47
1195;44
1196;39
1197;39
1198;41
1199;37
1200;34
1201;26
1202;45
1203;29
1204;25
1205;36
1206;34
1207;41
1208;36
1209;42
1210;39
1211;29
1212;45
1213;35
1214;28
1215;39
1216;44
1217;39
1218;40
1219;37
1220;28
1221;34
1222;27
1223;38
1224;44
1225;28
1226;32
1227;26
1228;34
1229;40
1230;27
1231;31
1232;33
1233;25
1234;41
1235;31
1236;32
1237;41
1238;23
1239;40
1240;30
1241;31
1242;29
1243;26
1244;30
1245;28
1246;22
1247;37
1248;36
1249;31
1250;29
1251;32
1252;29
1253;28
1254;32
1255;32
1256;30
1257;30
1258;29
1259;28
1260;35
1261;35
1262;31
1263;25
1264;25
1265;29
1266;36
1267;25
1268;25
1269;34
1270;31
1271;31
1272;33
1273;35
1274;35
1275;24
1276;31
1277;29
1278;22
1279;31
1280;23
1281;28
1282;29
1283;27
1284;24
1285;19
1286;30
1287;26
1288;26
1289;30
1290;20
1291;35
1292;25
1293;31
1294;28
1295;27
1296;20
1297;24
1298;15
1299;23
1300;23
1301;18
1302;23
1303;22
1304;30
1305;21
1306;19
1307;26
1308;29
1309;27
1310;29
1311;31
1312;33
1313;25
1314;32
1315;26
1316;19
1317;22
1318;17
1319;21
1320;18
1321;24
1322;20
1323;31
1324;16
1325;26
1326;23
1327;20
1328;18
1329;18
1330;19
1331;24
1332;23
1333;29
1334;35
1335;31
1336;27
1337;28
1338;19
1339;28
1340;17
1341;25
1342;23
1343;26
1344;33
1345;38
1346;22
1347;18
1348;25
1349;27
1350;21
1351;21
1352;21
1353;24
1354;18
1355;21
1356;30
1357;28
1358;28
1359;27
1360;24
1361;30
1362;23
1363;30
1364;32
1365;21
1366;16
1367;17
1368;18
1369;18
1370;19
1371;16
1372;15
1373;24
1374;12
1375;26
1376;16
1377;25
1378;16
1379;23
1380;18
1381;19
1382;22
1383;20
1384;24
1385;25
1386;19
1387;19
1388;18
1389;19
1390;16
1391;24
1392;18
1393;21
1394;22
1395;13
1396;10
1397;11
1398;17
1399;21
1400;19
1401;16
1402;19
1403;16
1404;14
1405;11
1406;26
1407;17
1408;13
1409;22
1410;15
1411;18
1412;19
1413;24
1414;18
1415;17
1416;22
1417;19
1418;17
1419;18
1420;12
1421;14
1422;17
1423;18
1424;14
1425;12
1426;11
1427;17
1428;13
1429;17
1430;28
1431;16
1432;11
1433;11
1434;18
1435;17
1436;5
1437;19
1438;18
1439;17
1440;10
1441;17
1442;14
1443;18
1444;12
1445;13
1446;17
1447;24
1448;19
1449;12
1450;13
1451;15
1452;17
1453;14
1454;17
1455;12
1456;9
1457;11
1458;15
1459;15
1460;11
1461;15
1462;15
1463;14
1464;14
1465;15
1466;15
1467;5
1468;9
1469;15
1470;7
1471;8
1472;13
1473;12
1474;14
1475;8
1476;13
1477;15
1478;14
1479;12
1480;12
1481;12
1482;19
1483;17
1484;6
1485;11
1486;12
1487;18
1488;12
1489;17
1490;18
1491;13
1492;6
1493;15
1494;11
1495;14
1496;16
1497;5
1498;11
1499;17
1500;14
1501;12
1502;9
1503;14
1504;16
1505;15
1506;13
1507;16
1508;6
1509;9
1510;9
1511;15
1512;16
1513;12
1514;16
1515;11
1516;17
1517;10
1518;8
1519;10
1520;14
1521;8
1522;15
1523;14
1524;12
1525;7
1526;14
1527;9
1528;11
1529;10
1530;10
1531;9
1532;10
1533;14
1534;6
1535;17
1536;8
1537;12
1538;14
1539;14
1540;8
1541;6
1542;11
1543;10
1544;9
1545;11
1546;6
1547;8
1548;9
1549;14
1550;9
1551;7
1552;9
1553;12
1554;9
1555;7
1556;17
1557;11
1558;8
1559;9
1560;14
1561;12
1562;14
1563;7
1564;8
1565;1
1566;9
1567;8
1568;10
1569;6
1570;5
1571;8
1572;8
1573;6
1574;11
1575;5
1576;6
1577;10
1578;6
1579;5
1580;11
1581;8
1582;8
1583;8
1584;10
1585;7
1586;5
1587;10
1588;11
1589;2
1590;5
1591;2
1592;15
1593;8
1594;12
1595;6
1596;5
1597;10
1598;4
1599;6
1600;6
1601;4
1602;5
1603;7
1604;9
1605;7
1606;5
1607;8
1608;3
1609;10
1610;6
1611;7
1612;13
1613;2
1614;7
1615;6
1616;5
1617;1
1618;7
1619;5
1620;5
1621;7
1622;9
1623;4
1624;5
1625;9
1626;4
1627;4
1628;4
1629;6
1630;5
1631;3
1632;7
1633;8
1634;8
1635;3
1636;8
1637;6
1638;5
1639;5
1640;5
1641;1
1642;9
1643;9
1644;6
1645;4
1646;8
1647;2
1648;2
1649;8
1650;5
1651;9
1652;7
1653;4
1654;6
1655;6
1656;6
1657;3
1658;4
1659;2
1660;6
1661;5
1662;3
1663;3
1664;8
1665;4
1666;7
1667;5
1668;2
1669;0
1670;6
1671;5
1672;2
1673;4
1674;0
1675;7
1676;9
1677;5
1678;3
1679;4
1680;4
1681;5
1682;4
1683;6
1684;9
1685;3
1686;1
1687;4
1688;4
1689;6
1690;1
1691;2
1692;5
1693;8
1694;2
1695;2
1696;5
1697;1
1698;3
1699;4
1700;3
1701;4
1702;4
1703;4
1704;3
1705;7
1706;1
1707;4
1708;4
1709;2
1710;3
1711;4
1712;1
1713;2
1714;1
1715;3
1716;1
1717;2
1718;4
1719;3
1720;2
1721;3
1722;1
1723;4
1724;3
1725;4
1726;2
1727;0
1728;2
1729;2
1730;2
1731;6
1732;4
1733;4
1734;1
1735;2
1736;4
1737;1
1738;0
1739;2
1740;4
1741;6
1742;1
1743;1
1744;2
1745;1
1746;3
1747;3
1748;2
1749;1
1750;5
1751;2
1752;2
1753;2
1754;3
1755;2
1756;0
1757;3
1758;1
1759;3
1760;0
1761;1
1762;2
1763;0
1764;3
1765;1
1766;3
1767;2
1768;1
1769;2
1770;2
1771;4
1772;3
1773;0
1774;1
1775;1
1776;1
1777;2
1778;1
1779;2
1780;0
1781;1
1782;0
1783;2
1784;1
1785;4
1786;1
1787;1
1788;1
1789;1
1790;4
1791;1
1792;1
1793;4
1794;1
1795;0
1796;3
1797;4
1798;2
1799;4
1800;3
1801;2
1802;5
1803;2
1804;1
1805;0
1806;1
1807;0
1808;1
1809;0
1810;1
1811;2
1812;2
1813;2
1814;1
1815;0
1816;1
1817;0
1818;2
1819;0
1820;1
1821;0
1822;0
1823;0
1824;0
1825;1
1826;2
1827;0
1828;1
1829;1
1830;0
1831;1
1832;2
1833;0
1834;1
1835;0
1836;0
1837;0
1838;0
1839;1
1840;1
1841;0
1842;0
1843;0
1844;0
1845;0
1846;0
1847;0
1848;1
1849;1
1850;2
1851;1
1852;1
1853;1
1854;1
1855;2
1856;1
1857;2
1858;1
1859;0
1860;1
1861;2
1862;0
1863;0
1864;2
1865;1
1866;2
1867;0
1868;1
1869;1
1870;0
1871;0
1872;0
1873;1
1874;1
1875;0
1876;0
1877;0
1878;0
1879;1
1880;0
1881;2
1882;1
1883;0
1884;0
1885;1
1886;0
1887;1
1888;0
1889;0
1890;0
1891;0
1892;3
1893;0
1894;2
1895;1
1896;0
1897;1
1898;0
1899;0
1900;0
1901;0
1902;0
1903;0
1904;0
1905;0
1906;1
1907;1
1908;1
1909;0
1910;1
1911;1
1912;0
1913;1
1914;1
1915;0
1916;1
1917;0
1918;0
1919;0
1920;0
1921;0
1922;0
1923;0
1924;0
1925;0
1926;1
1927;0
1928;0
1929;0
1930;0
1931;2
1932;1
1933;1
1934;0
1935;0
1936;0
1937;0
1938;0
1939;2
1940;1
1941;0
1942;0
1943;0
1944;0
1945;0
1946;0
1947;0
1948;0
1949;0
1950;0
1951;0
1952;0
1953;0
1954;0
1955;0
1956;0
1957;0
1958;0
1959;0
1960;0
1961;1
1962;0
1963;0
1964;0
1965;0
1966;0
1967;0
1968;0
1969;0
1970;0
1971;0
1972;0
1973;0
1974;0
1975;0
1976;0
1977;0
1978;0
1979;0
1980;0
1981;0
1982;0
1983;0
1984;0
1985;0
1986;0
1987;0
1988;0
1989;0
1990;0
1991;1
1992;0
1993;1
1994;0
1995;0
1996;0
1997;0
1998;0
1999;0
2000;1
2001;0
2002;0
2003;0
2004;1
2005;0
2006;0
2007;0
2008;0
2009;0
2010;0
2011;0
2012;0
2013;0
2014;0
2015;0
2016;0
2017;0
2018;0
2019;0
2020;0
2021;0
2022;0
2023;0
2024;0
2025;0
2026;0
2027;1
2028;0
2029;0
2030;0
2031;0
2032;0
2033;0
2034;0
2035;0
2036;0
2037;0
2038;0
2039;0
2040;0
2041;0
2042;0
2043;0
2044;0
2045;0
2046;0
2047;0
2048;0
2049;0
2050;0
2051;0
2052;0
2053;0
2054;0
2055;0
2056;0
2057;0
2058;0
2059;0
2060;0
2061;0
2062;0
2063;0
2064;0
2065;0
2066;0
2067;0
2068;0
2069;0
2070;0
2071;0
2072;0
2073;0
2074;0
2075;0
2076;0
2077;0
2078;0
2079;0
2080;0
2081;0
2082;0
2083;0
2084;0
2085;0
2086;0
2087;0
2088;0
2089;0
2090;0
2091;0
2092;0
2093;0
2094;0
2095;0
2096;0
2097;0
2098;0
2099;0
2100;1
2101;0
2102;0
2103;0
2104;0
2105;0
2106;0
2107;0
2108;0
2109;0
2110;0
2111;0
2112;0
2113;0
2114;0
2115;0
2116;0
2117;0
2118;0
2119;0
2120;0
2121;0
2122;0
2123;0
2124;0
2125;0
2126;0
2127;0
2128;0
2129;0
2130;0
2131;0
2132;0
2133;0
2134;0
2135;0
2136;0
2137;0
2138;0
2139;0
2140;0
2141;0
2142;0
2143;0
2144;0
2145;0
2146;0
2147;0
2148;0
2149;0
2150;0
2151;0
2152;0
2153;0
2154;0
2155;0
2156;0
2157;0
2158;0
2159;0
2160;0
2161;0
2162;0
2163;0
2164;0
2165;0
2166;0
2167;0
2168;0
2169;0
2170;0
2171;0
2172;0
2173;0
2174;0
2175;0
2176;0
2177;0
2178;0
2179;0
2180;0
2181;0
2182;0
2183;0
2184;0
2185;0
2186;0
2187;0
2188;0
2189;0
2190;0
2191;0
2192;0
2193;0
2194;0
2195;0
2196;0
2197;0
2198;0
2199;0
2200;0
2201;0
2202;0
2203;0
2204;0
2205;0
2206;0
2207;0
2208;0
2209;0
2210;0
2211;0
2212;0
2213;0
2214;0
2215;0
2216;0
2217;0
2218;0
2219;0
2220;0
2221;0
2222;0
2223;0
2224;0
2225;0
2226;0
2227;0
2228;0
2229;0
2230;0
2231;0
2232;0
2233;0
2234;0
2235;0
2236;0
2237;0
2238;0
2239;0
2240;0
2241;0
2242;0
2243;0
2244;0
2245;0
2246;0
2247;0
2248;0
2249;0
2250;0
2251;0
2252;0
2253;0
2254;0
2255;0
2256;0
2257;0
2258;0
2259;0
2260;0
2261;0
2262;0
2263;0
2264;0
2265;0
2266;0
2267;0
2268;0
2269;0
2270;0
2271;0
2272;0
2273;0
2274;0
2275;0
2276;0
2277;0
2278;0
2279;0
2280;0
2281;0
2282;0
2283;0
2284;0
2285;0
2286;0
2287;0
2288;0
2289;0
2290;0
2291;0
2292;0
2293;0
2294;0
2295;0
2296;0
2297;0
2298;0
2299;0
2300;0
2301;0
2302;0
2303;0
2304;0
2305;0
2306;0
2307;0
2308;0
2309;0
2310;0
2311;0
2312;0
2313;0
2314;0
2315;0
2316;0
2317;0
2318;0
2319;0
2320;0
2321;0
2322;0
2323;0
2324;0
2325;0
2326;0
2327;0
2328;0
2329;0
2330;0
2331;0
2332;0
2333;0
2334;0
2335;0
2336;0
2337;0
2338;0
2339;0
2340;0
2341;0
2342;0
2343;0
2344;0
2345;0
2346;0
2347;0
2348;0
2349;0
2350;0
2351;0
2352;0
2353;0
2354;0
2355;0
2356;0
2357;0
2358;0
2359;0
2360;0
2361;0
2362;0
2363;0
2364;0
2365;0
2366;0
2367;0
2368;0
2369;0
2370;0
2371;0
2372;0
2373;0
2374;0
2375;0
2376;0
2377;0
2378;0
2379;0
2380;0
2381;0
2382;0
2383;0
2384;0
2385;0
2386;0
2387;0
2388;0
2389;0
2390;0
2391;0
2392;0
2393;0
2394;0
2395;0
2396;0
2397;0
2398;0
2399;0
2400;0
2401;0
2402;0
2403;0
2404;0
2405;0
2406;0
2407;0
2408;0
2409;0
2410;0
2411;0
2412;0
2413;0
2414;0
2415;0
2416;0
2417;0
2418;0
2419;0
2420;0
2421;0
2422;0
2423;0
2424;0
2425;0
2426;0
2427;0
2428;0
2429;0
2430;0
2431;0
2432;0
2433;0
2434;0
2435;0
2436;0
2437;0
2438;0
2439;0
2440;0
2441;0
2442;0
2443;0
2444;0
2445;0
2446;0
2447;0
2448;0
2449;0
2450;0
2451;0
2452;0
2453;0
2454;0
2455;0
2456;0
2457;0
2458;0
2459;0
2460;0
2461;0
2462;0
2463;0
2464;0
2465;0
2466;0
2467;0
2468;0
2469;0
2470;0
2471;0
2472;0
2473;0
2474;0
2475;0
2476;0
2477;0
2478;0
2479;0
2480;0
2481;0
2482;0
2483;0
2484;0
2485;0
2486;0
2487;0
2488;0
2489;0
2490;0
2491;0
2492;0
2493;0
2494;0
2495;0
2496;0
2497;0
2498;0
2499;0
2500;0
2501;0
2502;0
2503;0
2504;0
2505;0
2506;0
2507;0
2508;0
2509;0
2510;0
2511;0
2512;0
2513;0
2514;0
2515;0
2516;0
2517;0
2518;0
2519;0
2520;0
2521;0
2522;0
2523;0
2524;0
2525;0
2526;0
2527;0
2528;0
2529;0
2530;0
2531;0
2532;0
2533;0
2534;0
2535;0
2536;0
2537;0
2538;0
2539;0
2540;0
2541;0
2542;0
2543;0
2544;0
2545;0
2546;0
2547;0
2548;0
2549;0
2550;0
2551;0
2552;0
2553;0
2554;0
2555;0
2556;0
2557;0
2558;0
2559;0
2560;0
2561;0
2562;0
2563;0
2564;0
2565;0
2566;0
2567;0
2568;0
2569;0
2570;0
2571;0
2572;0
2573;0
2574;0
2575;0
2576;0
2577;0
2578;0
2579;0
2580;0
2581;0
2582;0
2583;0
2584;0
2585;0
2586;0
2587;0
2588;0
2589;0
2590;0
2591;0
2592;0
2593;0
2594;0
2595;0
2596;0
2597;0
2598;0
2599;0
2600;0
2601;0
2602;0
2603;0
2604;0
2605;0
2606;0
2607;0
2608;0
2609;0
2610;0
2611;0
2612;0
2613;0
2614;0
2615;0
2616;0
2617;0
2618;0
2619;0
2620;0
2621;0
2622;0
2623;0
2624;0
2625;0
2626;0
2627;0
2628;0
2629;0
2630;0
2631;0
2632;0
2633;0
2634;0
2635;0
2636;0
2637;0
2638;0
2639;0
2640;0
2641;0
2642;0
2643;0
2644;0
2645;0
2646;0
2647;0
2648;0
2649;0
2650;0
2651;0
2652;0
2653;0
2654;0
2655;0
2656;0
2657;0
2658;0
2659;0
2660;0
2661;0
2662;0
2663;0
2664;0
2665;0
2666;0
2667;0
2668;0
2669;0
2670;0
2671;0
2672;0
2673;0
2674;0
2675;0
2676;0
2677;0
2678;0
2679;0
2680;0
2681;0
2682;0
2683;0
2684;0
2685;0
2686;0
2687;0
2688;0
2689;0
2690;0
2691;0
2692;0
2693;0
2694;0
2695;0
2696;0
2697;0
2698;0
2699;0
2700;0
2701;0
2702;0
2703;0
2704;0
2705;0
2706;0
2707;0
2708;0
2709;0
2710;0
2711;0
2712;0
2713;0
2714;0
2715;0
2716;0
2717;0
2718;0
2719;0
2720;0
2721;0
2722;0
2723;0
2724;0
2725;0
2726;0
2727;0
2728;0
2729;0
2730;0
2731;0
2732;0
2733;0
2734;0
2735;0
2736;0
2737;0
2738;0
2739;0
2740;0
2741;0
2742;0
2743;0
2744;0
2745;0
2746;0
2747;0
2748;0
2749;0
2750;0
2751;0
2752;0
2753;0
2754;0
2755;0
2756;0
2757;0
2758;0
2759;0
2760;0
2761;0
2762;0
2763;0
2764;0
2765;0
2766;0
2767;0
2768;0
2769;0
2770;0
2771;0
2772;0
2773;0
2774;0
2775;0
2776;0
2777;0
2778;0
2779;0
2780;0
2781;0
2782;0
2783;0
2784;0
2785;0
2786;0
2787;0
2788;0
2789;0
2790;0
2791;0
2792;0
2793;0
2794;0
2795;0
2796;0
2797;0
2798;0
2799;0
2800;0
2801;0
2802;0
2803;0
2804;0
2805;0
2806;0
2807;0
2808;0
2809;0
2810;0
2811;0
2812;0
2813;0
2814;0
2815;0
2816;0
2817;0
2818;0
2819;0
2820;0
2821;0
2822;0
2823;0
2824;0
2825;0
2826;0
2827;0
2828;0
2829;0
2830;0
2831;0
2832;0
2833;0
2834;0
2835;0
2836;0
2837;0
2838;0
2839;0
2840;0
2841;0
2842;0
2843;0
2844;0
2845;0
2846;0
2847;0
2848;0
2849;0
2850;0
2851;0
2852;0
2853;0
2854;0
2855;0
2856;0
2857;0
2858;0
2859;0
2860;0
2861;0
2862;0
2863;0
2864;0
2865;0
2866;0
2867;0
2868;0
2869;0
2870;0
2871;0
2872;0
2873;0
2874;0
2875;0
2876;0
2877;0
2878;0
2879;0
2880;0
2881;0
2882;0
2883;0
2884;0
2885;0
2886;0
2887;0
2888;0
2889;0
2890;0
2891;0
2892;0
2893;0
2894;0
2895;0
2896;0
2897;0
2898;0
2899;0
2900;0
2901;0
2902;0
2903;0
2904;0
2905;0
2906;0
2907;0
2908;0
2909;0
2910;0
2911;0
2912;0
2913;0
2914;0
2915;0
2916;0
2917;0
2918;0
2919;0
2920;0
2921;0
2922;0
2923;0
2924;0
2925;0
2926;0
2927;0
2928;0
2929;0
2930;0
2931;0
2932;0
2933;0
2934;0
2935;0
2936;0
2937;0
2938;0
2939;0
2940;0
2941;0
2942;0
2943;0
2944;0
2945;0
2946;0
2947;0
2948;0
2949;0
2950;0
2951;0
2952;0
2953;0
2954;0
2955;0
2956;0
2957;0
2958;0
2959;0
2960;0
2961;0
2962;0
2963;0
2964;0
2965;0
2966;0
2967;0
2968;0
2969;0
2970;0
2971;0
2972;0
2973;0
2974;0
2975;0
2976;0
2977;0
2978;0
2979;0
2980;0
2981;0
2982;0
2983;0
2984;0
2985;0
2986;0
2987;0
2988;0
2989;0
2990;0
2991;0
2992;0
2993;0
2994;0
2995;0
2996;0
2997;0
2998;0
2999;0
3000;0
3001;0
3002;0
3003;0
3004;0
3005;0
3006;0
3007;0
3008;0
3009;0
3010;0
3011;0
3012;0
3013;0
3014;0
3015;0
3016;0
3017;0
3018;0
3019;0
3020;0
3021;0
3022;0
3023;0
3024;0
3025;0
3026;0
3027;0
3028;0
3029;0
3030;0
3031;0
3032;0
3033;0
3034;0
3035;0
3036;0
3037;0
3038;0
3039;0
3040;0
3041;0
3042;0
3043;0
3044;0
3045;0
3046;0
3047;0
3048;0
3049;0
3050;0
3051;0
3052;0
3053;0
3054;0
3055;0
3056;0
3057;0
3058;0
3059;0
3060;0
3061;0
3062;0
3063;0
3064;0
3065;0
3066;0
3067;0
3068;0
3069;0
3070;0
3071;0
3072;0
3073;0
3074;0
3075;0
3076;0
3077;0
3078;0
3079;0
3080;0
3081;0
3082;0
3083;0
3084;0
3085;0
3086;0
3087;0
3088;0
3089;0
3090;0
3091;0
3092;0
3093;0
3094;0
3095;0
3096;0
3097;0
3098;0
3099;0
3100;0
3101;0
3102;0
3103;0
3104;0
3105;0
3106;0
3107;0
3108;0
3109;0
3110;0
3111;0
3112;0
3113;0
3114;0
3115;0
3116;0
3117;0
3118;0
3119;0
3120;0
3121;0
3122;0
3123;0
3124;0
3125;0
3126;0
3127;0
3128;0
3129;0
3130;0
3131;0
3132;0
3133;0
3134;0
3135;0
3136;0
3137;0
3138;0
3139;0
3140;0
3141;0
3142;0
3143;0
3144;0
3145;0
3146;0
3147;0
3148;0
3149;0
3150;0
3151;0
3152;0
3153;0
3154;0
3155;0
3156;0
3157;0
3158;0
3159;0
3160;0
3161;0
3162;0
3163;0
3164;0
3165;0
3166;0
3167;0
3168;0
3169;0
3170;0
3171;0
3172;0
3173;0
3174;0
3175;0
3176;0
3177;0
3178;0
3179;0
3180;0
3181;0
3182;0
3183;0
3184;0
3185;0
3186;0
3187;0
3188;0
3189;0
3190;0
3191;0
3192;0
3193;0
3194;0
3195;0
3196;0
3197;0
3198;0
3199;0
3200;0
3201;0
3202;0
3203;0
3204;0
3205;0
3206;0
3207;0
3208;0
3209;0
3210;0
3211;0
3212;0
3213;0
3214;0
3215;0
3216;0
3217;0
3218;0
3219;0
3220;0
3221;0
3222;0
3223;0
3224;0
3225;0
3226;0
3227;0
3228;0
3229;0
3230;0
3231;0
3232;0
3233;0
3234;0
3235;0
3236;0
3237;0
3238;0
3239;0
3240;0
3241;0
3242;0
3243;0
3244;0
3245;0
3246;0
3247;0
3248;0
3249;0
3250;0
3251;0
3252;0
3253;0
3254;0
3255;0
3256;0
3257;0
3258;0
3259;0
3260;0
3261;0
3262;0
3263;0
3264;0
3265;0
3266;0
3267;0
3268;0
3269;0
3270;0
3271;0
3272;0
3273;0
3274;0
3275;0
3276;0
3277;0
3278;0
3279;0
3280;0
3281;0
3282;0
3283;0
3284;0
3285;0
3286;0
3287;0
3288;0
3289;0
3290;0
3291;0
3292;0
3293;0
3294;0
3295;0
3296;0
3297;0
3298;0
3299;0
3300;0
3301;0
3302;0
3303;0
3304;0
3305;0
3306;0
3307;0
3308;0
3309;0
3310;0
3311;0
3312;0
3313;0
3314;0
3315;0
3316;0
3317;0
3318;0
3319;0
3320;0
3321;0
3322;0
3323;0
3324;0
3325;0
3326;0
3327;0
3328;0
3329;0
3330;0
3331;0
3332;0
3333;0
3334;0
3335;0
3336;0
3337;0
3338;0
3339;0
3340;0
3341;0
3342;0
3343;0
3344;0
3345;0
3346;0
3347;0
3348;0
3349;0
3350;0
3351;0
3352;0
3353;0
3354;0
3355;0
3356;0
3357;0
3358;0
3359;0
3360;0
3361;0
3362;0
3363;0
3364;0
3365;0
3366;0
3367;0
3368;0
3369;0
3370;0
3371;0
3372;0
3373;0
3374;0
3375;0
3376;0
3377;0
3378;0
3379;0
3380;0
3381;0
3382;0
3383;0
3384;0
3385;0
3386;0
3387;0
3388;0
3389;0
3390;0
3391;0
3392;0
3393;0
3394;0
3395;0
3396;0
3397;0
3398;0
3399;0
3400;0
3401;0
3402;0
3403;0
3404;0
3405;0
3406;0
3407;0
3408;0
3409;0
3410;0
3411;0
3412;0
3413;0
3414;0
3415;0
3416;0
3417;0
3418;0
3419;0
3420;0
3421;0
3422;0
3423;0
3424;0
3425;0
3426;0
3427;0
3428;0
3429;0
3430;0
3431;0
3432;0
3433;0
3434;0
3435;0
3436;0
3437;0
3438;0
3439;0
3440;0
3441;0
3442;0
3443;0
3444;0
3445;0
3446;0
3447;0
3448;0
3449;0
3450;0
3451;0
3452;0
3453;0
3454;0
3455;0
3456;0
3457;0
3458;0
3459;0
3460;0
3461;0
3462;0
3463;0
3464;0
3465;0
3466;0
3467;0
3468;0
3469;0
3470;0
3471;0
3472;0
3473;0
3474;0
3475;0
3476;0
3477;0
3478;0
3479;0
3480;0
3481;0
3482;0
3483;0
3484;0
3485;0
3486;0
3487;0
3488;0
3489;0
3490;0
3491;0
3492;0
3493;0
3494;0
3495;0
3496;0
3497;0
3498;0
3499;0
3500;0
3501;0
3502;0
3503;0
3504;0
3505;0
3506;0
3507;0
3508;0
3509;0
3510;0
3511;0
3512;0
3513;0
3514;0
3515;0
3516;0
3517;0
3518;0
3519;0
3520;0
3521;0
3522;0
3523;0
3524;0
3525;0
3526;0
3527;0
3528;0
3529;0
3530;0
3531;0
3532;0
3533;0
3534;0
3535;0
3536;0
3537;0
3538;0
3539;0
3540;0
3541;0
3542;0
3543;0
3544;0
3545;0
3546;0
3547;0
3548;0
3549;0
3550;0
3551;0
3552;0
3553;0
3554;0
3555;0
3556;0
3557;0
3558;0
3559;0
3560;0
3561;0
3562;0
3563;0
3564;0
3565;0
3566;0
3567;0
3568;0
3569;0
3570;0
3571;0
3572;0
3573;0
3574;0
3575;0
3576;0
3577;0
3578;0
3579;0
3580;0
3581;0
3582;0
3583;0
3584;0
3585;0
3586;0
3587;0
3588;0
3589;0
3590;0
3591;0
3592;0
3593;0
3594;0
3595;0
3596;0
3597;0
3598;0
3599;0
3600;0
3601;0
3602;0
3603;0
3604;0
3605;0
3606;0
3607;0
3608;0
3609;0
3610;0
3611;0
3612;0
3613;0
3614;0
3615;0
3616;0
3617;0
3618;0
3619;0
3620;0
3621;0
3622;0
3623;0
3624;0
3625;0
3626;0
3627;0
3628;0
3629;0
3630;0
3631;0
3632;0
3633;0
3634;0
3635;0
3636;0
3637;0
3638;0
3639;0
3640;0
3641;0
3642;0
3643;0
3644;0
3645;0
3646;0
3647;0
3648;0
3649;0
3650;0
3651;0
3652;0
3653;0
3654;0
3655;0
3656;0
3657;0
3658;0
3659;0
3660;0
3661;0
3662;0
3663;0
3664;0
3665;0
3666;0
3667;0
3668;0
3669;0
3670;0
3671;0
3672;0
3673;0
3674;0
3675;0
3676;0
3677;0
3678;0
3679;0
3680;0
3681;0
3682;0
3683;0
3684;0
3685;0
3686;0
3687;0
3688;0
3689;0
3690;0
3691;0
3692;0
3693;0
3694;0
3695;0
3696;0
3697;0
3698;0
3699;0
3700;0
3701;0
3702;0
3703;0
3704;0
3705;0
3706;0
3707;0
3708;0
3709;0
3710;0
3711;0
3712;0
3713;0
3714;0
3715;0
3716;0
3717;0
3718;0
3719;0
3720;0
3721;0
3722;0
3723;0
3724;0
3725;0
3726;0
3727;0
3728;0
3729;0
3730;0
3731;0
3732;0
3733;0
3734;0
3735;0
3736;0
3737;0
3738;0
3739;0
3740;0
3741;0
3742;0
3743;0
3744;0
3745;0
3746;0
3747;0
3748;0
3749;0
3750;0
3751;0
3752;0
3753;0
3754;0
3755;0
3756;0
3757;0
3758;0
3759;0
3760;0
3761;0
3762;0
3763;0
3764;0
3765;0
3766;0
3767;0
3768;0
3769;0
3770;0
3771;0
3772;0
3773;0
3774;0
3775;0
3776;0
3777;0
3778;0
3779;0
3780;0
3781;0
3782;0
3783;0
3784;0
3785;0
3786;0
3787;0
3788;0
3789;0
3790;0
3791;0
3792;0
3793;0
3794;0
3795;0
3796;0
3797;0
3798;0
3799;0
3800;0
3801;0
3802;0
3803;0
3804;0
3805;0
3806;0
3807;0
3808;0
3809;0
3810;0
3811;0
3812;0
3813;0
3814;0
3815;0
3816;0
3817;0
3818;0
3819;0
3820;0
3821;0
3822;0
3823;0
3824;0
3825;0
3826;0
3827;0
3828;0
3829;0
3830;0
3831;0
3832;0
3833;0
3834;0
3835;0
3836;0
3837;0
3838;0
3839;0
3840;0
3841;0
3842;0
3843;0
3844;0
3845;0
3846;0
3847;0
3848;0
3849;0
3850;0
3851;0
3852;0
3853;0
3854;0
3855;0
3856;0
3857;0
3858;0
3859;0
3860;0
3861;0
3862;0
3863;0
3864;0
3865;0
3866;0
3867;0
3868;0
3869;0
3870;0
3871;0
3872;0
3873;0
3874;0
3875;0
3876;0
3877;0
3878;0
3879;0
3880;0
3881;0
3882;0
3883;0
3884;0
3885;0
3886;0
3887;0
3888;0
3889;0
3890;0
3891;0
3892;0
3893;0
3894;0
3895;0
3896;0
3897;0
3898;0
3899;0
3900;0
3901;0
3902;0
3903;0
3904;0
3905;0
3906;0
3907;0
3908;0
3909;0
3910;0
3911;0
3912;0
3913;0
3914;0
3915;0
3916;0
3917;0
3918;0
3919;0
3920;0
3921;0
3922;0
3923;0
3924;0
3925;0
3926;0
3927;0
3928;0
3929;0
3930;0
3931;0
3932;0
3933;0
3934;0
3935;0
3936;0
3937;0
3938;0
3939;0
3940;0
3941;0
3942;0
3943;0
3944;0
3945;0
3946;0
3947;0
3948;0
3949;0
3950;0
3951;0
3952;0
3953;0
3954;0
3955;0
3956;0
3957;0
3958;0
3959;0
3960;0
3961;0
3962;0
3963;0
3964;0
3965;0
3966;0
3967;0
3968;0
3969;0
3970;0
3971;0
3972;0
3973;0
3974;0
3975;0
3976;0
3977;0
3978;0
3979;0
3980;0
3981;0
3982;0
3983;0
3984;0
3985;0
3986;0
3987;0
3988;0
3989;0
3990;0
3991;0
3992;0
3993;0
3994;0
3995;0
3996;0
3997;0
3998;0
3999;0
4000;0
4001;0
4002;0
4003;0
4004;0
4005;0
4006;0
4007;0
4008;0
4009;0
4010;0
4011;0
4012;0
4013;0
4014;0
4015;0
4016;0
4017;0
4018;0
4019;0
4020;0
4021;0
4022;0
4023;0
4024;0
4025;0
4026;0
4027;0
4028;0
4029;0
4030;0
4031;0
4032;0
4033;0
4034;0
4035;0
4036;0
4037;0
4038;0
4039;0
4040;0
4041;0
4042;0
4043;0
4044;0
4045;0
4046;0
4047;0
4048;0
4049;0
4050;0
4051;0
4052;0
4053;0
4054;0
4055;0
4056;0
4057;0
4058;0
4059;0
4060;0
4061;0
4062;0
4063;0
4064;0
4065;0
4066;0
4067;0
4068;0
4069;0
4070;0
4071;0
4072;0
4073;0
4074;0
4075;0
4076;0
4077;0
4078;0
4079;0
4080;0
4081;0
4082;0
4083;0
4084;0
4085;0
4086;0
4087;0
4088;0
4089;0
4090;0
4091;0
4092;0
4093;0
4094;0
4095;0
4096;0
