L 64,p 0.589700,Z 100000
/* Tamanio de cluster; Ocurrencias de cada tamaño de cluster */
1;7471563
2;1616131
3;967639
4;630810
5;440274
6;324951
7;250526
8;200754
9;163460
10;136598
11;116604
12;99880
13;87537
14;76876
15;68434
16;60891
17;54843
18;49454
19;44848
20;41343
21;37733
22;35104
23;32341
24;29958
25;27768
26;26175
27;24310
28;22907
29;21915
30;20520
31;19459
32;18350
33;17231
34;16281
35;15894
36;14803
37;14078
38;13360
39;12770
40;12506
41;11661
42;11327
43;10890
44;10560
45;10029
46;9705
47;9276
48;8902
49;8519
50;8393
51;8176
52;7893
53;7658
54;7238
55;6901
56;6894
57;6620
58;6471
59;6313
60;6131
61;5816
62;5839
63;5568
64;5480
65;5364
66;5272
67;5140
68;5000
69;4748
70;4672
71;4458
72;4411
73;4400
74;4229
75;4172
76;4009
77;3925
78;3816
79;3712
80;3710
81;3673
82;3476
83;3420
84;3427
85;3423
86;3278
87;3242
88;3133
89;3078
90;3046
91;2799
92;2912
93;2796
94;2829
95;2764
96;2649
97;2811
98;2679
99;2441
100;2539
101;2575
102;2382
103;2434
104;2368
105;2263
106;2307
107;2287
108;2280
109;2187
110;2128
111;2104
112;2119
113;2065
114;1975
115;1993
116;1989
117;1975
118;1888
119;1803
120;1877
121;1822
122;1863
123;1760
124;1755
125;1789
126;1700
127;1686
128;1678
129;1599
130;1610
131;1645
132;1628
133;1565
134;1568
135;1612
136;1495
137;1494
138;1411
139;1411
140;1384
141;1422
142;1345
143;1368
144;1288
145;1398
146;1384
147;1308
148;1295
149;1339
150;1313
151;1328
152;1196
153;1233
154;1248
155;1275
156;1172
157;1207
158;1185
159;1132
160;1134
161;1146
162;1113
163;1112
164;1114
165;1141
166;1082
167;1077
168;1084
169;1013
170;1039
171;1020
172;1008
173;1027
174;930
175;953
176;963
177;971
178;931
179;1005
180;901
181;918
182;912
183;917
184;856
185;909
186;831
187;828
188;891
189;898
190;911
191;873
192;778
193;853
194;849
195;859
196;848
197;808
198;777
199;844
200;827
201;797
202;751
203;744
204;766
205;816
206;754
207;737
208;760
209;755
210;725
211;783
212;749
213;739
214;655
215;727
216;711
217;698
218;655
219;672
220;683
221;683
222;700
223;671
224;641
225;615
226;598
227;673
228;594
229;665
230;669
231;619
232;643
233;568
234;652
235;615
236;615
237;622
238;633
239;585
240;574
241;542
242;548
243;539
244;594
245;572
246;587
247;604
248;553
249;570
250;531
251;569
252;556
253;534
254;550
255;570
256;515
257;514
258;545
259;500
260;532
261;534
262;512
263;519
264;495
265;522
266;491
267;511
268;465
269;505
270;466
271;456
272;487
273;469
274;461
275;512
276;471
277;455
278;477
279;425
280;477
281;449
282;456
283;465
284;444
285;411
286;426
287;448
288;480
289;480
290;480
291;409
292;424
293;423
294;412
295;428
296;434
297;393
298;414
299;419
300;435
301;381
302;418
303;366
304;370
305;382
306;379
307;403
308;380
309;341
310;369
311;376
312;332
313;394
314;367
315;380
316;386
317;387
318;372
319;362
320;377
321;347
322;367
323;350
324;378
325;347
326;368
327;382
328;381
329;315
330;344
331;350
332;332
333;373
334;344
335;361
336;320
337;325
338;336
339;337
340;310
341;331
342;331
343;294
344;310
345;311
346;325
347;319
348;324
349;311
350;322
351;317
352;307
353;318
354;311
355;305
356;310
357;291
358;286
359;282
360;292
361;312
362;307
363;295
364;284
365;301
366;334
367;279
368;322
369;293
370;280
371;273
372;266
373;296
374;306
375;294
376;301
377;266
378;261
379;265
380;258
381;276
382;254
383;255
384;293
385;278
386;297
387;248
388;279
389;261
390;254
391;260
392;297
393;261
394;251
395;265
396;265
397;255
398;245
399;256
400;248
401;234
402;253
403;238
404;268
405;246
406;226
407;253
408;236
409;280
410;260
411;245
412;247
413;241
414;247
415;211
416;237
417;237
418;243
419;236
420;260
421;243
422;231
423;219
424;218
425;241
426;234
427;240
428;230
429;222
430;224
431;218
432;234
433;203
434;233
435;213
436;209
437;221
438;178
439;214
440;234
441;200
442;227
443;197
444;225
445;218
446;221
447;208
448;192
449;201
450;225
451;218
452;227
453;227
454;214
455;220
456;202
457;210
458;189
459;213
460;176
461;192
462;185
463;210
464;189
465;173
466;199
467;188
468;193
469;207
470;207
471;173
472;202
473;193
474;202
475;187
476;209
477;180
478;194
479;184
480;214
481;202
482;196
483;182
484;165
485;203
486;204
487;187
488;166
489;179
490;183
491;167
492;157
493;179
494;166
495;160
496;171
497;174
498;184
499;177
500;194
501;179
502;153
503;175
504;163
505;184
506;149
507;172
508;182
509;176
510;146
511;184
512;176
513;192
514;171
515;182
516;165
517;179
518;158
519;166
520;170
521;150
522;153
523;175
524;171
525;160
526;148
527;167
528;161
529;163
530;145
531;162
532;157
533;167
534;163
535;175
536;159
537;143
538;157
539;172
540;155
541;172
542;177
543;183
544;151
545;162
546;146
547;156
548;143
549;162
550;151
551;141
552;160
553;147
554;152
555;139
556;161
557;161
558;146
559;150
560;144
561;140
562;148
563;151
564;156
565;145
566;153
567;145
568;147
569;140
570;143
571;131
572;111
573;142
574;140
575;157
576;150
577;137
578;143
579;129
580;152
581;144
582;134
583;149
584;159
585;137
586;142
587;147
588;139
589;147
590;118
591;141
592;132
593;147
594;142
595;117
596;134
597;137
598;140
599;149
600;143
601;133
602;140
603;133
604;124
605;121
606;128
607;133
608;137
609;118
610;128
611;136
612;126
613;124
614;131
615;123
616;128
617;123
618;131
619;145
620;124
621;127
622;113
623;134
624;129
625;153
626;111
627;131
628;126
629;134
630;127
631;114
632;127
633;115
634;119
635;123
636;124
637;114
638;105
639;127
640;126
641;128
642;124
643;121
644;105
645;117
646;115
647;111
648;96
649;122
650;107
651;111
652;140
653;103
654;108
655;122
656;111
657;116
658;100
659;118
660;108
661;122
662;114
663;125
664;112
665;118
666;123
667;118
668;88
669;112
670;114
671;121
672;120
673;114
674;108
675;110
676;113
677;108
678;126
679;106
680;120
681;121
682;115
683;98
684;98
685;104
686;102
687;110
688;101
689;122
690;118
691;104
692;104
693;114
694;102
695;125
696;100
697;113
698;124
699;108
700;100
701;98
702;116
703;125
704;115
705;96
706;129
707;99
708;95
709;103
710;92
711;110
712;98
713;110
714;114
715;123
716;101
717;98
718;83
719;87
720;93
721;99
722;84
723;99
724;91
725;90
726;89
727;78
728;95
729;84
730;100
731;102
732;89
733;104
734;114
735;107
736;103
737;88
738;102
739;76
740;98
741;99
742;87
743;73
744;77
745;112
746;86
747;102
748;79
749;81
750;86
751;87
752;83
753;94
754;78
755;73
756;85
757;90
758;96
759;82
760;69
761;89
762;87
763;84
764;90
765;109
766;81
767;109
768;81
769;81
770;81
771;94
772;97
773;65
774;85
775;83
776;83
777;89
778;77
779;81
780;88
781;83
782;82
783;76
784;83
785;88
786;102
787;85
788;80
789;85
790;90
791;93
792;80
793;83
794;96
795;80
796;80
797;78
798;70
799;50
800;100
801;66
802;77
803;73
804;64
805;89
806;85
807;77
808;77
809;89
810;60
811;74
812;69
813;75
814;83
815;74
816;94
817;95
818;78
819;69
820;85
821;70
822;73
823;72
824;81
825;73
826;91
827;79
828;64
829;93
830;60
831;82
832;62
833;72
834;66
835;71
836;92
837;63
838;79
839;87
840;78
841;72
842;83
843;75
844;94
845;80
846;55
847;77
848;91
849;76
850;55
851;76
852;79
853;69
854;77
855;77
856;75
857;84
858;78
859;69
860;75
861;53
862;65
863;81
864;74
865;62
866;74
867;69
868;80
869;85
870;69
871;66
872;72
873;77
874;72
875;71
876;68
877;69
878;70
879;67
880;68
881;65
882;65
883;67
884;56
885;78
886;74
887;67
888;69
889;63
890;65
891;85
892;76
893;63
894;66
895;57
896;60
897;73
898;68
899;68
900;67
901;62
902;61
903;65
904;65
905;66
906;78
907;71
908;66
909;69
910;66
911;70
912;60
913;77
914;72
915;73
916;74
917;61
918;68
919;60
920;63
921;61
922;63
923;65
924;69
925;62
926;69
927;60
928;64
929;47
930;64
931;55
932;52
933;63
934;57
935;66
936;54
937;66
938;70
939;63
940;67
941;57
942;50
943;61
944;58
945;76
946;70
947;55
948;50
949;58
950;70
951;57
952;65
953;67
954;62
955;63
956;66
957;68
958;70
959;59
960;57
961;53
962;67
963;45
964;66
965;73
966;59
967;56
968;61
969;69
970;52
971;56
972;39
973;61
974;50
975;53
976;52
977;68
978;57
979;44
980;48
981;40
982;72
983;51
984;59
985;57
986;53
987;57
988;59
989;62
990;59
991;51
992;51
993;67
994;63
995;57
996;54
997;51
998;57
999;51
1000;53
1001;51
1002;50
1003;54
1004;63
1005;53
1006;56
1007;47
1008;57
1009;53
1010;62
1011;62
1012;65
1013;46
1014;62
1015;46
1016;58
1017;51
1018;45
1019;55
1020;43
1021;62
1022;51
1023;52
1024;39
1025;50
1026;53
1027;51
1028;50
1029;47
1030;54
1031;54
1032;56
1033;41
1034;53
1035;56
1036;44
1037;53
1038;51
1039;48
1040;44
1041;45
1042;45
1043;37
1044;43
1045;46
1046;62
1047;51
1048;52
1049;43
1050;56
1051;47
1052;41
1053;55
1054;52
1055;53
1056;50
1057;47
1058;57
1059;57
1060;48
1061;64
1062;46
1063;57
1064;55
1065;43
1066;63
1067;37
1068;45
1069;50
1070;48
1071;49
1072;44
1073;57
1074;42
1075;36
1076;43
1077;45
1078;51
1079;47
1080;47
1081;62
1082;41
1083;46
1084;47
1085;46
1086;47
1087;47
1088;38
1089;41
1090;39
1091;47
1092;39
1093;42
1094;47
1095;47
1096;38
1097;39
1098;52
1099;49
1100;43
1101;39
1102;50
1103;48
1104;43
1105;47
1106;33
1107;33
1108;52
1109;42
1110;33
1111;31
1112;41
1113;34
1114;37
1115;36
1116;41
1117;51
1118;44
1119;37
1120;39
1121;34
1122;42
1123;41
1124;42
1125;41
1126;43
1127;51
1128;46
1129;33
1130;32
1131;36
1132;53
1133;51
1134;31
1135;32
1136;39
1137;34
1138;35
1139;40
1140;36
1141;45
1142;36
1143;42
1144;42
1145;32
1146;50
1147;46
1148;45
1149;31
1150;38
1151;30
1152;31
1153;35
1154;38
1155;32
1156;35
1157;42
1158;32
1159;40
1160;38
1161;42
1162;26
1163;37
1164;33
1165;47
1166;39
1167;29
1168;38
1169;30
1170;44
1171;38
1172;39
1173;33
1174;31
1175;34
1176;27
1177;37
1178;37
1179;37
1180;38
1181;37
1182;30
1183;36
1184;36
1185;36
1186;33
1187;34
1188;31
1189;35
1190;31
1191;29
1192;33
1193;31
1194;46
1195;24
1196;42
1197;28
1198;33
1199;35
1200;31
1201;36
1202;44
1203;29
1204;37
1205;41
1206;31
1207;40
1208;32
1209;40
1210;31
1211;30
1212;31
1213;43
1214;27
1215;34
1216;33
1217;27
1218;41
1219;35
1220;31
1221;31
1222;31
1223;26
1224;36
1225;26
1226;34
1227;34
1228;31
1229;32
1230;31
1231;31
1232;26
1233;34
1234;31
1235;22
1236;27
1237;27
1238;38
1239;26
1240;38
1241;33
1242;30
1243;21
1244;35
1245;33
1246;25
1247;41
1248;38
1249;33
1250;31
1251;31
1252;27
1253;33
1254;33
1255;31
1256;28
1257;33
1258;28
1259;37
1260;27
1261;29
1262;20
1263;27
1264;22
1265;33
1266;18
1267;33
1268;24
1269;16
1270;21
1271;25
1272;29
1273;29
1274;40
1275;24
1276;34
1277;27
1278;31
1279;25
1280;31
1281;34
1282;31
1283;27
1284;25
1285;19
1286;22
1287;23
1288;34
1289;32
1290;30
1291;22
1292;21
1293;20
1294;24
1295;30
1296;20
1297;23
1298;25
1299;20
1300;24
1301;24
1302;23
1303;26
1304;33
1305;25
1306;31
1307;23
1308;29
1309;31
1310;28
1311;17
1312;18
1313;27
1314;22
1315;22
1316;30
1317;21
1318;24
1319;21
1320;35
1321;23
1322;26
1323;15
1324;21
1325;18
1326;28
1327;17
1328;24
1329;11
1330;23
1331;14
1332;26
1333;18
1334;19
1335;16
1336;20
1337;27
1338;22
1339;26
1340;16
1341;30
1342;25
1343;24
1344;16
1345;21
1346;12
1347;14
1348;13
1349;27
1350;13
1351;18
1352;23
1353;11
1354;22
1355;17
1356;20
1357;23
1358;21
1359;21
1360;21
1361;29
1362;20
1363;20
1364;19
1365;15
1366;13
1367;15
1368;20
1369;15
1370;21
1371;15
1372;22
1373;12
1374;19
1375;13
1376;23
1377;22
1378;12
1379;19
1380;22
1381;12
1382;17
1383;13
1384;16
1385;12
1386;18
1387;28
1388;18
1389;16
1390;21
1391;24
1392;19
1393;18
1394;17
1395;22
1396;28
1397;12
1398;18
1399;16
1400;20
1401;21
1402;15
1403;23
1404;13
1405;22
1406;20
1407;17
1408;18
1409;9
1410;13
1411;14
1412;12
1413;11
1414;13
1415;18
1416;14
1417;13
1418;21
1419;13
1420;15
1421;10
1422;10
1423;24
1424;10
1425;15
1426;16
1427;13
1428;13
1429;17
1430;14
1431;12
1432;12
1433;13
1434;10
1435;10
1436;11
1437;15
1438;11
1439;12
1440;11
1441;10
1442;8
1443;21
1444;17
1445;20
1446;13
1447;10
1448;15
1449;14
1450;12
1451;11
1452;12
1453;11
1454;11
1455;20
1456;16
1457;10
1458;10
1459;8
1460;21
1461;10
1462;17
1463;10
1464;15
1465;18
1466;13
1467;13
1468;8
1469;10
1470;12
1471;12
1472;9
1473;8
1474;8
1475;14
1476;12
1477;10
1478;13
1479;7
1480;12
1481;13
1482;16
1483;8
1484;16
1485;15
1486;9
1487;15
1488;13
1489;8
1490;14
1491;7
1492;8
1493;7
1494;12
1495;5
1496;14
1497;15
1498;11
1499;11
1500;10
1501;17
1502;11
1503;9
1504;11
1505;14
1506;7
1507;9
1508;12
1509;8
1510;13
1511;5
1512;5
1513;13
1514;8
1515;8
1516;7
1517;9
1518;6
1519;9
1520;14
1521;7
1522;15
1523;13
1524;9
1525;8
1526;9
1527;9
1528;8
1529;9
1530;7
1531;10
1532;7
1533;11
1534;12
1535;6
1536;4
1537;12
1538;4
1539;9
1540;10
1541;4
1542;11
1543;12
1544;11
1545;8
1546;9
1547;4
1548;5
1549;8
1550;8
1551;6
1552;9
1553;5
1554;9
1555;6
1556;11
1557;12
1558;5
1559;10
1560;12
1561;5
1562;5
1563;4
1564;5
1565;4
1566;7
1567;8
1568;4
1569;6
1570;11
1571;9
1572;4
1573;12
1574;9
1575;11
1576;7
1577;6
1578;7
1579;3
1580;10
1581;2
1582;3
1583;4
1584;7
1585;3
1586;4
1587;6
1588;6
1589;6
1590;6
1591;10
1592;4
1593;11
1594;6
1595;9
1596;2
1597;3
1598;8
1599;4
1600;5
1601;10
1602;3
1603;5
1604;4
1605;3
1606;7
1607;7
1608;5
1609;7
1610;5
1611;1
1612;5
1613;1
1614;8
1615;4
1616;7
1617;4
1618;6
1619;7
1620;6
1621;7
1622;6
1623;6
1624;8
1625;5
1626;3
1627;5
1628;8
1629;2
1630;4
1631;3
1632;4
1633;5
1634;3
1635;2
1636;3
1637;1
1638;3
1639;2
1640;4
1641;3
1642;3
1643;7
1644;1
1645;5
1646;5
1647;4
1648;0
1649;3
1650;2
1651;2
1652;1
1653;2
1654;3
1655;2
1656;4
1657;5
1658;6
1659;2
1660;5
1661;4
1662;6
1663;3
1664;3
1665;4
1666;4
1667;2
1668;3
1669;5
1670;5
1671;3
1672;3
1673;6
1674;1
1675;3
1676;6
1677;2
1678;6
1679;2
1680;2
1681;1
1682;3
1683;8
1684;3
1685;0
1686;2
1687;2
1688;2
1689;4
1690;3
1691;5
1692;6
1693;3
1694;4
1695;1
1696;1
1697;0
1698;2
1699;2
1700;0
1701;3
1702;2
1703;6
1704;2
1705;6
1706;1
1707;2
1708;4
1709;1
1710;0
1711;1
1712;0
1713;3
1714;1
1715;5
1716;1
1717;3
1718;3
1719;3
1720;2
1721;2
1722;2
1723;2
1724;0
1725;1
1726;3
1727;1
1728;5
1729;4
1730;3
1731;2
1732;1
1733;1
1734;1
1735;1
1736;1
1737;0
1738;2
1739;3
1740;3
1741;4
1742;0
1743;2
1744;0
1745;3
1746;2
1747;0
1748;3
1749;2
1750;5
1751;3
1752;2
1753;2
1754;3
1755;2
1756;0
1757;1
1758;1
1759;2
1760;1
1761;1
1762;3
1763;2
1764;1
1765;0
1766;1
1767;1
1768;1
1769;3
1770;0
1771;1
1772;1
1773;2
1774;2
1775;0
1776;0
1777;2
1778;1
1779;1
1780;3
1781;1
1782;1
1783;1
1784;1
1785;0
1786;3
1787;0
1788;1
1789;3
1790;0
1791;1
1792;0
1793;0
1794;1
1795;1
1796;1
1797;2
1798;1
1799;1
1800;0
1801;2
1802;1
1803;0
1804;0
1805;0
1806;2
1807;1
1808;2
1809;0
1810;0
1811;0
1812;3
1813;0
1814;0
1815;2
1816;0
1817;1
1818;0
1819;1
1820;1
1821;0
1822;0
1823;2
1824;0
1825;1
1826;1
1827;2
1828;1
1829;0
1830;0
1831;1
1832;2
1833;1
1834;1
1835;0
1836;0
1837;0
1838;0
1839;0
1840;1
1841;0
1842;0
1843;1
1844;0
1845;1
1846;0
1847;0
1848;1
1849;1
1850;0
1851;0
1852;0
1853;1
1854;0
1855;0
1856;1
1857;0
1858;0
1859;0
1860;1
1861;0
1862;1
1863;2
1864;0
1865;0
1866;0
1867;0
1868;1
1869;1
1870;1
1871;0
1872;0
1873;0
1874;0
1875;0
1876;0
1877;0
1878;0
1879;0
1880;0
1881;1
1882;0
1883;0
1884;0
1885;0
1886;0
1887;0
1888;1
1889;0
1890;2
1891;0
1892;0
1893;0
1894;1
1895;0
1896;0
1897;0
1898;0
1899;0
1900;1
1901;0
1902;0
1903;0
1904;0
1905;0
1906;1
1907;1
1908;0
1909;0
1910;0
1911;1
1912;1
1913;0
1914;0
1915;0
1916;1
1917;0
1918;0
1919;0
1920;0
1921;0
1922;0
1923;0
1924;1
1925;0
1926;2
1927;0
1928;0
1929;0
1930;0
1931;0
1932;0
1933;0
1934;0
1935;0
1936;0
1937;1
1938;0
1939;0
1940;0
1941;0
1942;0
1943;0
1944;0
1945;0
1946;0
1947;0
1948;0
1949;0
1950;0
1951;0
1952;0
1953;0
1954;0
1955;0
1956;0
1957;0
1958;0
1959;1
1960;0
1961;0
1962;0
1963;0
1964;0
1965;0
1966;0
1967;0
1968;0
1969;0
1970;0
1971;0
1972;0
1973;0
1974;0
1975;0
1976;0
1977;0
1978;0
1979;0
1980;0
1981;0
1982;0
1983;0
1984;0
1985;0
1986;0
1987;0
1988;0
1989;0
1990;0
1991;0
1992;0
1993;0
1994;1
1995;0
1996;1
1997;0
1998;0
1999;0
2000;0
2001;0
2002;0
2003;0
2004;0
2005;0
2006;0
2007;0
2008;0
2009;0
2010;0
2011;0
2012;0
2013;0
2014;0
2015;0
2016;0
2017;0
2018;0
2019;0
2020;0
2021;0
2022;0
2023;0
2024;0
2025;0
2026;0
2027;0
2028;0
2029;0
2030;0
2031;0
2032;0
2033;0
2034;0
2035;0
2036;0
2037;0
2038;0
2039;0
2040;0
2041;0
2042;0
2043;0
2044;0
2045;0
2046;0
2047;0
2048;0
2049;0
2050;0
2051;0
2052;0
2053;0
2054;0
2055;0
2056;0
2057;0
2058;0
2059;0
2060;0
2061;0
2062;0
2063;0
2064;0
2065;0
2066;0
2067;0
2068;0
2069;0
2070;0
2071;0
2072;0
2073;0
2074;0
2075;0
2076;0
2077;0
2078;0
2079;0
2080;0
2081;0
2082;0
2083;0
2084;0
2085;0
2086;0
2087;0
2088;0
2089;0
2090;0
2091;0
2092;0
2093;0
2094;0
2095;0
2096;0
2097;0
2098;0
2099;0
2100;0
2101;0
2102;0
2103;0
2104;0
2105;0
2106;0
2107;0
2108;0
2109;0
2110;0
2111;0
2112;0
2113;0
2114;0
2115;0
2116;0
2117;0
2118;0
2119;0
2120;0
2121;0
2122;0
2123;0
2124;0
2125;0
2126;0
2127;0
2128;0
2129;0
2130;0
2131;0
2132;0
2133;0
2134;0
2135;0
2136;0
2137;0
2138;0
2139;0
2140;0
2141;0
2142;0
2143;0
2144;0
2145;0
2146;0
2147;0
2148;0
2149;0
2150;0
2151;0
2152;0
2153;0
2154;0
2155;0
2156;0
2157;0
2158;0
2159;0
2160;0
2161;0
2162;0
2163;0
2164;0
2165;0
2166;0
2167;0
2168;0
2169;0
2170;0
2171;0
2172;0
2173;0
2174;0
2175;0
2176;0
2177;0
2178;0
2179;0
2180;0
2181;0
2182;0
2183;0
2184;0
2185;0
2186;0
2187;0
2188;0
2189;0
2190;0
2191;0
2192;0
2193;0
2194;0
2195;0
2196;0
2197;0
2198;0
2199;0
2200;0
2201;0
2202;0
2203;0
2204;0
2205;0
2206;0
2207;0
2208;0
2209;0
2210;0
2211;0
2212;0
2213;0
2214;0
2215;0
2216;0
2217;0
2218;0
2219;0
2220;0
2221;0
2222;0
2223;0
2224;0
2225;0
2226;0
2227;0
2228;0
2229;0
2230;0
2231;0
2232;0
2233;0
2234;0
2235;0
2236;0
2237;0
2238;0
2239;0
2240;0
2241;0
2242;0
2243;0
2244;0
2245;0
2246;0
2247;0
2248;0
2249;0
2250;0
2251;0
2252;0
2253;0
2254;0
2255;0
2256;0
2257;0
2258;0
2259;0
2260;0
2261;0
2262;0
2263;0
2264;0
2265;0
2266;0
2267;0
2268;0
2269;0
2270;0
2271;0
2272;0
2273;0
2274;0
2275;0
2276;0
2277;0
2278;0
2279;0
2280;0
2281;0
2282;0
2283;0
2284;0
2285;0
2286;0
2287;0
2288;0
2289;0
2290;0
2291;0
2292;0
2293;0
2294;0
2295;0
2296;0
2297;0
2298;0
2299;0
2300;0
2301;0
2302;0
2303;0
2304;0
2305;0
2306;0
2307;0
2308;0
2309;0
2310;0
2311;0
2312;0
2313;0
2314;0
2315;0
2316;0
2317;0
2318;0
2319;0
2320;0
2321;0
2322;0
2323;0
2324;0
2325;0
2326;0
2327;0
2328;0
2329;0
2330;0
2331;0
2332;0
2333;0
2334;0
2335;0
2336;0
2337;0
2338;0
2339;0
2340;0
2341;0
2342;0
2343;0
2344;0
2345;0
2346;0
2347;0
2348;0
2349;0
2350;0
2351;0
2352;0
2353;0
2354;0
2355;0
2356;0
2357;0
2358;0
2359;0
2360;0
2361;0
2362;0
2363;0
2364;0
2365;0
2366;0
2367;0
2368;0
2369;0
2370;0
2371;0
2372;0
2373;0
2374;0
2375;0
2376;0
2377;0
2378;0
2379;0
2380;0
2381;0
2382;0
2383;0
2384;0
2385;0
2386;0
2387;0
2388;0
2389;0
2390;0
2391;0
2392;0
2393;0
2394;0
2395;0
2396;0
2397;0
2398;0
2399;0
2400;0
2401;0
2402;0
2403;0
2404;0
2405;0
2406;0
2407;0
2408;0
2409;0
2410;0
2411;0
2412;0
2413;0
2414;0
2415;0
2416;0
2417;0
2418;0
2419;0
2420;0
2421;0
2422;0
2423;0
2424;0
2425;0
2426;0
2427;0
2428;0
2429;0
2430;0
2431;0
2432;0
2433;0
2434;0
2435;0
2436;0
2437;0
2438;0
2439;0
2440;0
2441;0
2442;0
2443;0
2444;0
2445;0
2446;0
2447;0
2448;0
2449;0
2450;0
2451;0
2452;0
2453;0
2454;0
2455;0
2456;0
2457;0
2458;0
2459;0
2460;0
2461;0
2462;0
2463;0
2464;0
2465;0
2466;0
2467;0
2468;0
2469;0
2470;0
2471;0
2472;0
2473;0
2474;0
2475;0
2476;0
2477;0
2478;0
2479;0
2480;0
2481;0
2482;0
2483;0
2484;0
2485;0
2486;0
2487;0
2488;0
2489;0
2490;0
2491;0
2492;0
2493;0
2494;0
2495;0
2496;0
2497;0
2498;0
2499;0
2500;0
2501;0
2502;0
2503;0
2504;0
2505;0
2506;0
2507;0
2508;0
2509;0
2510;0
2511;0
2512;0
2513;0
2514;0
2515;0
2516;0
2517;0
2518;0
2519;0
2520;0
2521;0
2522;0
2523;0
2524;0
2525;0
2526;0
2527;0
2528;0
2529;0
2530;0
2531;0
2532;0
2533;0
2534;0
2535;0
2536;0
2537;0
2538;0
2539;0
2540;0
2541;0
2542;0
2543;0
2544;0
2545;0
2546;0
2547;0
2548;0
2549;0
2550;0
2551;0
2552;0
2553;0
2554;0
2555;0
2556;0
2557;0
2558;0
2559;0
2560;0
2561;0
2562;0
2563;0
2564;0
2565;0
2566;0
2567;0
2568;0
2569;0
2570;0
2571;0
2572;0
2573;0
2574;0
2575;0
2576;0
2577;0
2578;0
2579;0
2580;0
2581;0
2582;0
2583;0
2584;0
2585;0
2586;0
2587;0
2588;0
2589;0
2590;0
2591;0
2592;0
2593;0
2594;0
2595;0
2596;0
2597;0
2598;0
2599;0
2600;0
2601;0
2602;0
2603;0
2604;0
2605;0
2606;0
2607;0
2608;0
2609;0
2610;0
2611;0
2612;0
2613;0
2614;0
2615;0
2616;0
2617;0
2618;0
2619;0
2620;0
2621;0
2622;0
2623;0
2624;0
2625;0
2626;0
2627;0
2628;0
2629;0
2630;0
2631;0
2632;0
2633;0
2634;0
2635;0
2636;0
2637;0
2638;0
2639;0
2640;0
2641;0
2642;0
2643;0
2644;0
2645;0
2646;0
2647;0
2648;0
2649;0
2650;0
2651;0
2652;0
2653;0
2654;0
2655;0
2656;0
2657;0
2658;0
2659;0
2660;0
2661;0
2662;0
2663;0
2664;0
2665;0
2666;0
2667;0
2668;0
2669;0
2670;0
2671;0
2672;0
2673;0
2674;0
2675;0
2676;0
2677;0
2678;0
2679;0
2680;0
2681;0
2682;0
2683;0
2684;0
2685;0
2686;0
2687;0
2688;0
2689;0
2690;0
2691;0
2692;0
2693;0
2694;0
2695;0
2696;0
2697;0
2698;0
2699;0
2700;0
2701;0
2702;0
2703;0
2704;0
2705;0
2706;0
2707;0
2708;0
2709;0
2710;0
2711;0
2712;0
2713;0
2714;0
2715;0
2716;0
2717;0
2718;0
2719;0
2720;0
2721;0
2722;0
2723;0
2724;0
2725;0
2726;0
2727;0
2728;0
2729;0
2730;0
2731;0
2732;0
2733;0
2734;0
2735;0
2736;0
2737;0
2738;0
2739;0
2740;0
2741;0
2742;0
2743;0
2744;0
2745;0
2746;0
2747;0
2748;0
2749;0
2750;0
2751;0
2752;0
2753;0
2754;0
2755;0
2756;0
2757;0
2758;0
2759;0
2760;0
2761;0
2762;0
2763;0
2764;0
2765;0
2766;0
2767;0
2768;0
2769;0
2770;0
2771;0
2772;0
2773;0
2774;0
2775;0
2776;0
2777;0
2778;0
2779;0
2780;0
2781;0
2782;0
2783;0
2784;0
2785;0
2786;0
2787;0
2788;0
2789;0
2790;0
2791;0
2792;0
2793;0
2794;0
2795;0
2796;0
2797;0
2798;0
2799;0
2800;0
2801;0
2802;0
2803;0
2804;0
2805;0
2806;0
2807;0
2808;0
2809;0
2810;0
2811;0
2812;0
2813;0
2814;0
2815;0
2816;0
2817;0
2818;0
2819;0
2820;0
2821;0
2822;0
2823;0
2824;0
2825;0
2826;0
2827;0
2828;0
2829;0
2830;0
2831;0
2832;0
2833;0
2834;0
2835;0
2836;0
2837;0
2838;0
2839;0
2840;0
2841;0
2842;0
2843;0
2844;0
2845;0
2846;0
2847;0
2848;0
2849;0
2850;0
2851;0
2852;0
2853;0
2854;0
2855;0
2856;0
2857;0
2858;0
2859;0
2860;0
2861;0
2862;0
2863;0
2864;0
2865;0
2866;0
2867;0
2868;0
2869;0
2870;0
2871;0
2872;0
2873;0
2874;0
2875;0
2876;0
2877;0
2878;0
2879;0
2880;0
2881;0
2882;0
2883;0
2884;0
2885;0
2886;0
2887;0
2888;0
2889;0
2890;0
2891;0
2892;0
2893;0
2894;0
2895;0
2896;0
2897;0
2898;0
2899;0
2900;0
2901;0
2902;0
2903;0
2904;0
2905;0
2906;0
2907;0
2908;0
2909;0
2910;0
2911;0
2912;0
2913;0
2914;0
2915;0
2916;0
2917;0
2918;0
2919;0
2920;0
2921;0
2922;0
2923;0
2924;0
2925;0
2926;0
2927;0
2928;0
2929;0
2930;0
2931;0
2932;0
2933;0
2934;0
2935;0
2936;0
2937;0
2938;0
2939;0
2940;0
2941;0
2942;0
2943;0
2944;0
2945;0
2946;0
2947;0
2948;0
2949;0
2950;0
2951;0
2952;0
2953;0
2954;0
2955;0
2956;0
2957;0
2958;0
2959;0
2960;0
2961;0
2962;0
2963;0
2964;0
2965;0
2966;0
2967;0
2968;0
2969;0
2970;0
2971;0
2972;0
2973;0
2974;0
2975;0
2976;0
2977;0
2978;0
2979;0
2980;0
2981;0
2982;0
2983;0
2984;0
2985;0
2986;0
2987;0
2988;0
2989;0
2990;0
2991;0
2992;0
2993;0
2994;0
2995;0
2996;0
2997;0
2998;0
2999;0
3000;0
3001;0
3002;0
3003;0
3004;0
3005;0
3006;0
3007;0
3008;0
3009;0
3010;0
3011;0
3012;0
3013;0
3014;0
3015;0
3016;0
3017;0
3018;0
3019;0
3020;0
3021;0
3022;0
3023;0
3024;0
3025;0
3026;0
3027;0
3028;0
3029;0
3030;0
3031;0
3032;0
3033;0
3034;0
3035;0
3036;0
3037;0
3038;0
3039;0
3040;0
3041;0
3042;0
3043;0
3044;0
3045;0
3046;0
3047;0
3048;0
3049;0
3050;0
3051;0
3052;0
3053;0
3054;0
3055;0
3056;0
3057;0
3058;0
3059;0
3060;0
3061;0
3062;0
3063;0
3064;0
3065;0
3066;0
3067;0
3068;0
3069;0
3070;0
3071;0
3072;0
3073;0
3074;0
3075;0
3076;0
3077;0
3078;0
3079;0
3080;0
3081;0
3082;0
3083;0
3084;0
3085;0
3086;0
3087;0
3088;0
3089;0
3090;0
3091;0
3092;0
3093;0
3094;0
3095;0
3096;0
3097;0
3098;0
3099;0
3100;0
3101;0
3102;0
3103;0
3104;0
3105;0
3106;0
3107;0
3108;0
3109;0
3110;0
3111;0
3112;0
3113;0
3114;0
3115;0
3116;0
3117;0
3118;0
3119;0
3120;0
3121;0
3122;0
3123;0
3124;0
3125;0
3126;0
3127;0
3128;0
3129;0
3130;0
3131;0
3132;0
3133;0
3134;0
3135;0
3136;0
3137;0
3138;0
3139;0
3140;0
3141;0
3142;0
3143;0
3144;0
3145;0
3146;0
3147;0
3148;0
3149;0
3150;0
3151;0
3152;0
3153;0
3154;0
3155;0
3156;0
3157;0
3158;0
3159;0
3160;0
3161;0
3162;0
3163;0
3164;0
3165;0
3166;0
3167;0
3168;0
3169;0
3170;0
3171;0
3172;0
3173;0
3174;0
3175;0
3176;0
3177;0
3178;0
3179;0
3180;0
3181;0
3182;0
3183;0
3184;0
3185;0
3186;0
3187;0
3188;0
3189;0
3190;0
3191;0
3192;0
3193;0
3194;0
3195;0
3196;0
3197;0
3198;0
3199;0
3200;0
3201;0
3202;0
3203;0
3204;0
3205;0
3206;0
3207;0
3208;0
3209;0
3210;0
3211;0
3212;0
3213;0
3214;0
3215;0
3216;0
3217;0
3218;0
3219;0
3220;0
3221;0
3222;0
3223;0
3224;0
3225;0
3226;0
3227;0
3228;0
3229;0
3230;0
3231;0
3232;0
3233;0
3234;0
3235;0
3236;0
3237;0
3238;0
3239;0
3240;0
3241;0
3242;0
3243;0
3244;0
3245;0
3246;0
3247;0
3248;0
3249;0
3250;0
3251;0
3252;0
3253;0
3254;0
3255;0
3256;0
3257;0
3258;0
3259;0
3260;0
3261;0
3262;0
3263;0
3264;0
3265;0
3266;0
3267;0
3268;0
3269;0
3270;0
3271;0
3272;0
3273;0
3274;0
3275;0
3276;0
3277;0
3278;0
3279;0
3280;0
3281;0
3282;0
3283;0
3284;0
3285;0
3286;0
3287;0
3288;0
3289;0
3290;0
3291;0
3292;0
3293;0
3294;0
3295;0
3296;0
3297;0
3298;0
3299;0
3300;0
3301;0
3302;0
3303;0
3304;0
3305;0
3306;0
3307;0
3308;0
3309;0
3310;0
3311;0
3312;0
3313;0
3314;0
3315;0
3316;0
3317;0
3318;0
3319;0
3320;0
3321;0
3322;0
3323;0
3324;0
3325;0
3326;0
3327;0
3328;0
3329;0
3330;0
3331;0
3332;0
3333;0
3334;0
3335;0
3336;0
3337;0
3338;0
3339;0
3340;0
3341;0
3342;0
3343;0
3344;0
3345;0
3346;0
3347;0
3348;0
3349;0
3350;0
3351;0
3352;0
3353;0
3354;0
3355;0
3356;0
3357;0
3358;0
3359;0
3360;0
3361;0
3362;0
3363;0
3364;0
3365;0
3366;0
3367;0
3368;0
3369;0
3370;0
3371;0
3372;0
3373;0
3374;0
3375;0
3376;0
3377;0
3378;0
3379;0
3380;0
3381;0
3382;0
3383;0
3384;0
3385;0
3386;0
3387;0
3388;0
3389;0
3390;0
3391;0
3392;0
3393;0
3394;0
3395;0
3396;0
3397;0
3398;0
3399;0
3400;0
3401;0
3402;0
3403;0
3404;0
3405;0
3406;0
3407;0
3408;0
3409;0
3410;0
3411;0
3412;0
3413;0
3414;0
3415;0
3416;0
3417;0
3418;0
3419;0
3420;0
3421;0
3422;0
3423;0
3424;0
3425;0
3426;0
3427;0
3428;0
3429;0
3430;0
3431;0
3432;0
3433;0
3434;0
3435;0
3436;0
3437;0
3438;0
3439;0
3440;0
3441;0
3442;0
3443;0
3444;0
3445;0
3446;0
3447;0
3448;0
3449;0
3450;0
3451;0
3452;0
3453;0
3454;0
3455;0
3456;0
3457;0
3458;0
3459;0
3460;0
3461;0
3462;0
3463;0
3464;0
3465;0
3466;0
3467;0
3468;0
3469;0
3470;0
3471;0
3472;0
3473;0
3474;0
3475;0
3476;0
3477;0
3478;0
3479;0
3480;0
3481;0
3482;0
3483;0
3484;0
3485;0
3486;0
3487;0
3488;0
3489;0
3490;0
3491;0
3492;0
3493;0
3494;0
3495;0
3496;0
3497;0
3498;0
3499;0
3500;0
3501;0
3502;0
3503;0
3504;0
3505;0
3506;0
3507;0
3508;0
3509;0
3510;0
3511;0
3512;0
3513;0
3514;0
3515;0
3516;0
3517;0
3518;0
3519;0
3520;0
3521;0
3522;0
3523;0
3524;0
3525;0
3526;0
3527;0
3528;0
3529;0
3530;0
3531;0
3532;0
3533;0
3534;0
3535;0
3536;0
3537;0
3538;0
3539;0
3540;0
3541;0
3542;0
3543;0
3544;0
3545;0
3546;0
3547;0
3548;0
3549;0
3550;0
3551;0
3552;0
3553;0
3554;0
3555;0
3556;0
3557;0
3558;0
3559;0
3560;0
3561;0
3562;0
3563;0
3564;0
3565;0
3566;0
3567;0
3568;0
3569;0
3570;0
3571;0
3572;0
3573;0
3574;0
3575;0
3576;0
3577;0
3578;0
3579;0
3580;0
3581;0
3582;0
3583;0
3584;0
3585;0
3586;0
3587;0
3588;0
3589;0
3590;0
3591;0
3592;0
3593;0
3594;0
3595;0
3596;0
3597;0
3598;0
3599;0
3600;0
3601;0
3602;0
3603;0
3604;0
3605;0
3606;0
3607;0
3608;0
3609;0
3610;0
3611;0
3612;0
3613;0
3614;0
3615;0
3616;0
3617;0
3618;0
3619;0
3620;0
3621;0
3622;0
3623;0
3624;0
3625;0
3626;0
3627;0
3628;0
3629;0
3630;0
3631;0
3632;0
3633;0
3634;0
3635;0
3636;0
3637;0
3638;0
3639;0
3640;0
3641;0
3642;0
3643;0
3644;0
3645;0
3646;0
3647;0
3648;0
3649;0
3650;0
3651;0
3652;0
3653;0
3654;0
3655;0
3656;0
3657;0
3658;0
3659;0
3660;0
3661;0
3662;0
3663;0
3664;0
3665;0
3666;0
3667;0
3668;0
3669;0
3670;0
3671;0
3672;0
3673;0
3674;0
3675;0
3676;0
3677;0
3678;0
3679;0
3680;0
3681;0
3682;0
3683;0
3684;0
3685;0
3686;0
3687;0
3688;0
3689;0
3690;0
3691;0
3692;0
3693;0
3694;0
3695;0
3696;0
3697;0
3698;0
3699;0
3700;0
3701;0
3702;0
3703;0
3704;0
3705;0
3706;0
3707;0
3708;0
3709;0
3710;0
3711;0
3712;0
3713;0
3714;0
3715;0
3716;0
3717;0
3718;0
3719;0
3720;0
3721;0
3722;0
3723;0
3724;0
3725;0
3726;0
3727;0
3728;0
3729;0
3730;0
3731;0
3732;0
3733;0
3734;0
3735;0
3736;0
3737;0
3738;0
3739;0
3740;0
3741;0
3742;0
3743;0
3744;0
3745;0
3746;0
3747;0
3748;0
3749;0
3750;0
3751;0
3752;0
3753;0
3754;0
3755;0
3756;0
3757;0
3758;0
3759;0
3760;0
3761;0
3762;0
3763;0
3764;0
3765;0
3766;0
3767;0
3768;0
3769;0
3770;0
3771;0
3772;0
3773;0
3774;0
3775;0
3776;0
3777;0
3778;0
3779;0
3780;0
3781;0
3782;0
3783;0
3784;0
3785;0
3786;0
3787;0
3788;0
3789;0
3790;0
3791;0
3792;0
3793;0
3794;0
3795;0
3796;0
3797;0
3798;0
3799;0
3800;0
3801;0
3802;0
3803;0
3804;0
3805;0
3806;0
3807;0
3808;0
3809;0
3810;0
3811;0
3812;0
3813;0
3814;0
3815;0
3816;0
3817;0
3818;0
3819;0
3820;0
3821;0
3822;0
3823;0
3824;0
3825;0
3826;0
3827;0
3828;0
3829;0
3830;0
3831;0
3832;0
3833;0
3834;0
3835;0
3836;0
3837;0
3838;0
3839;0
3840;0
3841;0
3842;0
3843;0
3844;0
3845;0
3846;0
3847;0
3848;0
3849;0
3850;0
3851;0
3852;0
3853;0
3854;0
3855;0
3856;0
3857;0
3858;0
3859;0
3860;0
3861;0
3862;0
3863;0
3864;0
3865;0
3866;0
3867;0
3868;0
3869;0
3870;0
3871;0
3872;0
3873;0
3874;0
3875;0
3876;0
3877;0
3878;0
3879;0
3880;0
3881;0
3882;0
3883;0
3884;0
3885;0
3886;0
3887;0
3888;0
3889;0
3890;0
3891;0
3892;0
3893;0
3894;0
3895;0
3896;0
3897;0
3898;0
3899;0
3900;0
3901;0
3902;0
3903;0
3904;0
3905;0
3906;0
3907;0
3908;0
3909;0
3910;0
3911;0
3912;0
3913;0
3914;0
3915;0
3916;0
3917;0
3918;0
3919;0
3920;0
3921;0
3922;0
3923;0
3924;0
3925;0
3926;0
3927;0
3928;0
3929;0
3930;0
3931;0
3932;0
3933;0
3934;0
3935;0
3936;0
3937;0
3938;0
3939;0
3940;0
3941;0
3942;0
3943;0
3944;0
3945;0
3946;0
3947;0
3948;0
3949;0
3950;0
3951;0
3952;0
3953;0
3954;0
3955;0
3956;0
3957;0
3958;0
3959;0
3960;0
3961;0
3962;0
3963;0
3964;0
3965;0
3966;0
3967;0
3968;0
3969;0
3970;0
3971;0
3972;0
3973;0
3974;0
3975;0
3976;0
3977;0
3978;0
3979;0
3980;0
3981;0
3982;0
3983;0
3984;0
3985;0
3986;0
3987;0
3988;0
3989;0
3990;0
3991;0
3992;0
3993;0
3994;0
3995;0
3996;0
3997;0
3998;0
3999;0
4000;0
4001;0
4002;0
4003;0
4004;0
4005;0
4006;0
4007;0
4008;0
4009;0
4010;0
4011;0
4012;0
4013;0
4014;0
4015;0
4016;0
4017;0
4018;0
4019;0
4020;0
4021;0
4022;0
4023;0
4024;0
4025;0
4026;0
4027;0
4028;0
4029;0
4030;0
4031;0
4032;0
4033;0
4034;0
4035;0
4036;0
4037;0
4038;0
4039;0
4040;0
4041;0
4042;0
4043;0
4044;0
4045;0
4046;0
4047;0
4048;0
4049;0
4050;0
4051;0
4052;0
4053;0
4054;0
4055;0
4056;0
4057;0
4058;0
4059;0
4060;0
4061;0
4062;0
4063;0
4064;0
4065;0
4066;0
4067;0
4068;0
4069;0
4070;0
4071;0
4072;0
4073;0
4074;0
4075;0
4076;0
4077;0
4078;0
4079;0
4080;0
4081;0
4082;0
4083;0
4084;0
4085;0
4086;0
4087;0
4088;0
4089;0
4090;0
4091;0
4092;0
4093;0
4094;0
4095;0
4096;0
