L 64,p 0.589900,Z 100000
/* Tamanio de cluster; Ocurrencias de cada tamaño de cluster */
1;7459654
2;1612653
3;963582
4;628016
5;439610
6;322863
7;249378
8;199084
9;163092
10;135872
11;115404
12;99871
13;86989
14;76256
15;68108
16;60603
17;54489
18;49416
19;45233
20;41180
21;37560
22;35056
23;32091
24;30019
25;27646
26;26077
27;24371
28;22702
29;21556
30;20363
31;19210
32;18008
33;16973
34;16519
35;15429
36;14540
37;14178
38;13206
39;12890
40;12207
41;11762
42;11170
43;10800
44;10466
45;10089
46;9665
47;9410
48;8695
49;8662
50;8412
51;8050
52;7744
53;7550
54;7233
55;6961
56;6771
57;6713
58;6369
59;6233
60;6132
61;5884
62;5723
63;5659
64;5445
65;5521
66;5184
67;5036
68;5054
69;4784
70;4651
71;4561
72;4400
73;4324
74;4153
75;4127
76;4108
77;3994
78;3988
79;3754
80;3685
81;3682
82;3579
83;3505
84;3329
85;3384
86;3399
87;3180
88;3198
89;3083
90;3002
91;2937
92;2929
93;2784
94;2750
95;2850
96;2701
97;2634
98;2669
99;2599
100;2552
101;2520
102;2486
103;2423
104;2342
105;2302
106;2425
107;2214
108;2172
109;2171
110;2126
111;2184
112;2048
113;2152
114;2041
115;2022
116;1903
117;1919
118;1962
119;1935
120;1773
121;1875
122;1829
123;1839
124;1699
125;1710
126;1673
127;1689
128;1677
129;1667
130;1627
131;1588
132;1580
133;1488
134;1589
135;1501
136;1451
137;1505
138;1437
139;1507
140;1435
141;1367
142;1453
143;1458
144;1396
145;1333
146;1350
147;1309
148;1328
149;1267
150;1319
151;1264
152;1248
153;1296
154;1200
155;1279
156;1210
157;1209
158;1218
159;1156
160;1156
161;1166
162;1161
163;1032
164;1056
165;1127
166;1052
167;1015
168;1045
169;977
170;1036
171;1038
172;1028
173;1006
174;1009
175;887
176;1006
177;995
178;961
179;946
180;943
181;924
182;898
183;944
184;898
185;894
186;882
187;895
188;922
189;834
190;869
191;848
192;855
193;842
194;846
195;775
196;810
197;826
198;834
199;796
200;783
201;787
202;770
203;781
204;776
205;784
206;690
207;739
208;767
209;699
210;702
211;711
212;703
213;707
214;740
215;704
216;716
217;677
218;694
219;648
220;689
221;636
222;614
223;664
224;651
225;640
226;612
227;611
228;616
229;616
230;657
231;633
232;626
233;649
234;577
235;646
236;586
237;625
238;575
239;581
240;575
241;606
242;576
243;571
244;568
245;610
246;569
247;594
248;585
249;547
250;542
251;549
252;521
253;527
254;555
255;511
256;521
257;508
258;488
259;505
260;505
261;496
262;508
263;480
264;484
265;505
266;496
267;489
268;505
269;449
270;474
271;487
272;460
273;495
274;480
275;468
276;453
277;464
278;443
279;490
280;457
281;448
282;469
283;447
284;438
285;438
286;454
287;437
288;414
289;414
290;447
291;425
292;412
293;427
294;406
295;374
296;423
297;420
298;363
299;410
300;391
301;407
302;402
303;426
304;404
305;398
306;400
307;424
308;361
309;398
310;337
311;379
312;412
313;380
314;389
315;402
316;360
317;356
318;405
319;371
320;380
321;382
322;358
323;355
324;354
325;349
326;333
327;359
328;355
329;370
330;332
331;349
332;313
333;357
334;347
335;338
336;314
337;334
338;345
339;314
340;303
341;306
342;325
343;347
344;319
345;341
346;342
347;358
348;334
349;303
350;301
351;308
352;311
353;302
354;293
355;313
356;303
357;306
358;301
359;315
360;307
361;281
362;288
363;290
364;296
365;286
366;273
367;290
368;291
369;302
370;269
371;289
372;269
373;270
374;297
375;288
376;319
377;309
378;268
379;285
380;268
381;277
382;281
383;264
384;282
385;271
386;286
387;262
388;284
389;276
390;276
391;250
392;271
393;229
394;259
395;241
396;247
397;258
398;271
399;274
400;264
401;251
402;251
403;248
404;257
405;230
406;237
407;264
408;260
409;234
410;252
411;219
412;266
413;219
414;246
415;220
416;222
417;250
418;210
419;239
420;221
421;250
422;271
423;251
424;246
425;198
426;256
427;228
428;208
429;246
430;231
431;226
432;225
433;231
434;208
435;216
436;224
437;198
438;217
439;217
440;226
441;199
442;183
443;218
444;204
445;218
446;208
447;209
448;202
449;194
450;202
451;252
452;202
453;200
454;221
455;201
456;218
457;210
458;200
459;192
460;199
461;204
462;171
463;209
464;192
465;204
466;227
467;198
468;202
469;181
470;200
471;181
472;203
473;206
474;218
475;196
476;184
477;167
478;203
479;183
480;183
481;211
482;189
483;171
484;181
485;185
486;228
487;185
488;187
489;176
490;164
491;183
492;158
493;197
494;177
495;192
496;169
497;206
498;187
499;172
500;179
501;191
502;188
503;171
504;161
505;147
506;163
507;185
508;161
509;161
510;168
511;153
512;215
513;156
514;169
515;151
516;161
517;188
518;159
519;161
520;156
521;171
522;179
523;165
524;143
525;156
526;153
527;164
528;147
529;156
530;168
531;170
532;192
533;154
534;149
535;149
536;151
537;144
538;171
539;160
540;155
541;144
542;150
543;166
544;161
545;157
546;144
547;168
548;142
549;156
550;128
551;159
552;149
553;151
554;142
555;149
556;115
557;135
558;138
559;137
560;109
561;170
562;150
563;166
564;126
565;159
566;132
567;132
568;131
569;154
570;146
571;125
572;134
573;153
574;150
575;154
576;126
577;149
578;124
579;151
580;160
581;119
582;124
583;149
584;151
585;134
586;137
587;168
588;128
589;142
590;146
591;150
592;144
593;128
594;118
595;135
596;145
597;131
598;101
599;115
600;106
601;145
602;137
603;96
604;147
605;135
606;112
607;114
608;97
609;132
610;132
611;140
612;131
613;113
614;139
615;124
616;132
617;135
618;122
619;151
620;138
621;133
622;107
623;125
624;122
625;96
626;138
627;108
628;134
629;105
630;124
631;116
632;119
633;122
634;136
635;130
636;119
637;125
638;118
639;109
640;126
641;95
642;117
643;116
644;136
645;111
646;109
647;121
648;120
649;119
650;110
651;111
652;130
653;110
654;102
655;132
656;109
657;119
658;106
659;133
660;113
661;109
662;112
663;107
664;112
665;97
666;103
667;97
668;126
669;120
670;108
671;111
672;99
673;122
674;112
675;100
676;102
677;108
678;102
679;109
680;106
681;111
682;101
683;115
684;86
685;102
686;121
687;85
688;108
689;117
690;108
691;96
692;104
693;106
694;99
695;125
696;114
697;113
698;107
699;100
700;88
701;100
702;93
703;114
704;103
705;119
706;96
707;111
708;107
709;98
710;102
711;103
712;95
713;97
714;107
715;94
716;89
717;88
718;91
719;98
720;101
721;90
722;91
723;97
724;105
725;82
726;81
727;105
728;81
729;96
730;101
731;83
732;101
733;99
734;84
735;104
736;98
737;83
738;102
739;97
740;80
741;79
742;101
743;98
744;92
745;82
746;96
747;90
748;101
749;85
750;88
751;89
752;86
753;88
754;95
755;86
756;88
757;102
758;82
759;87
760;111
761;95
762;66
763;77
764;87
765;92
766;73
767;83
768;78
769;78
770;87
771;87
772;85
773;67
774;67
775;66
776;87
777;68
778;68
779;85
780;96
781;75
782;63
783;91
784;82
785;77
786;89
787;91
788;80
789;103
790;75
791;87
792;82
793;93
794;73
795;93
796;87
797;83
798;79
799;95
800;74
801;79
802;73
803;81
804;87
805;69
806;79
807;84
808;68
809;80
810;72
811;75
812;89
813;66
814;80
815;80
816;70
817;77
818;81
819;68
820;80
821;75
822;85
823;85
824;95
825;81
826;81
827;81
828;67
829;82
830;80
831;82
832;71
833;56
834;76
835;84
836;68
837;85
838;90
839;72
840;78
841;71
842;73
843;77
844;75
845;76
846;84
847;86
848;66
849;78
850;75
851;69
852;98
853;75
854;81
855;80
856;78
857;73
858;90
859;83
860;67
861;78
862;78
863;72
864;69
865;57
866;59
867;77
868;59
869;53
870;73
871;64
872;65
873;82
874;69
875;73
876;57
877;57
878;57
879;63
880;66
881;89
882;71
883;60
884;89
885;69
886;69
887;57
888;52
889;47
890;70
891;59
892;75
893;60
894;59
895;55
896;58
897;57
898;66
899;65
900;68
901;63
902;65
903;57
904;56
905;53
906;67
907;68
908;54
909;63
910;73
911;68
912;65
913;70
914;61
915;63
916;60
917;68
918;72
919;58
920;65
921;79
922;57
923;56
924;61
925;52
926;67
927;75
928;59
929;58
930;58
931;57
932;52
933;70
934;51
935;62
936;59
937;72
938;53
939;46
940;58
941;51
942;50
943;54
944;50
945;47
946;64
947;56
948;66
949;58
950;68
951;60
952;65
953;64
954;53
955;69
956;45
957;60
958;60
959;62
960;73
961;44
962;51
963;74
964;58
965;62
966;60
967;60
968;61
969;61
970;59
971;63
972;75
973;66
974;58
975;59
976;74
977;52
978;53
979;54
980;65
981;65
982;54
983;53
984;72
985;69
986;59
987;44
988;50
989;50
990;56
991;50
992;54
993;45
994;46
995;56
996;51
997;49
998;50
999;51
1000;48
1001;46
1002;60
1003;49
1004;72
1005;60
1006;56
1007;49
1008;54
1009;57
1010;68
1011;56
1012;58
1013;38
1014;46
1015;66
1016;50
1017;48
1018;42
1019;46
1020;47
1021;50
1022;53
1023;51
1024;55
1025;52
1026;47
1027;42
1028;59
1029;53
1030;47
1031;32
1032;60
1033;62
1034;44
1035;52
1036;49
1037;53
1038;48
1039;52
1040;64
1041;48
1042;59
1043;49
1044;51
1045;54
1046;53
1047;46
1048;47
1049;45
1050;50
1051;47
1052;63
1053;56
1054;52
1055;55
1056;41
1057;49
1058;52
1059;52
1060;41
1061;43
1062;54
1063;50
1064;41
1065;45
1066;44
1067;47
1068;54
1069;57
1070;54
1071;34
1072;44
1073;47
1074;42
1075;49
1076;40
1077;55
1078;51
1079;39
1080;36
1081;35
1082;39
1083;43
1084;39
1085;43
1086;52
1087;44
1088;35
1089;39
1090;40
1091;42
1092;45
1093;47
1094;39
1095;51
1096;42
1097;38
1098;37
1099;40
1100;35
1101;42
1102;44
1103;34
1104;40
1105;41
1106;36
1107;39
1108;40
1109;41
1110;40
1111;32
1112;42
1113;30
1114;40
1115;42
1116;52
1117;38
1118;52
1119;56
1120;45
1121;41
1122;47
1123;43
1124;35
1125;56
1126;38
1127;41
1128;25
1129;33
1130;37
1131;31
1132;35
1133;34
1134;48
1135;34
1136;44
1137;34
1138;39
1139;51
1140;24
1141;40
1142;40
1143;25
1144;30
1145;25
1146;38
1147;39
1148;53
1149;34
1150;33
1151;50
1152;43
1153;46
1154;33
1155;46
1156;40
1157;38
1158;28
1159;50
1160;40
1161;43
1162;37
1163;43
1164;43
1165;26
1166;48
1167;37
1168;34
1169;33
1170;41
1171;44
1172;34
1173;42
1174;44
1175;39
1176;39
1177;45
1178;30
1179;38
1180;30
1181;46
1182;38
1183;41
1184;38
1185;43
1186;26
1187;41
1188;34
1189;42
1190;27
1191;32
1192;38
1193;34
1194;38
1195;24
1196;39
1197;28
1198;26
1199;24
1200;29
1201;38
1202;44
1203;30
1204;27
1205;33
1206;40
1207;27
1208;30
1209;34
1210;33
1211;42
1212;26
1213;34
1214;39
1215;29
1216;34
1217;30
1218;33
1219;37
1220;35
1221;24
1222;22
1223;24
1224;26
1225;42
1226;32
1227;29
1228;28
1229;36
1230;30
1231;27
1232;31
1233;28
1234;26
1235;26
1236;30
1237;26
1238;31
1239;26
1240;34
1241;27
1242;24
1243;31
1244;29
1245;36
1246;28
1247;25
1248;39
1249;28
1250;28
1251;27
1252;36
1253;32
1254;27
1255;21
1256;34
1257;16
1258;37
1259;36
1260;23
1261;31
1262;30
1263;27
1264;31
1265;35
1266;21
1267;29
1268;25
1269;32
1270;32
1271;29
1272;24
1273;26
1274;23
1275;29
1276;23
1277;22
1278;33
1279;36
1280;30
1281;27
1282;25
1283;27
1284;34
1285;22
1286;21
1287;17
1288;19
1289;27
1290;20
1291;32
1292;22
1293;33
1294;22
1295;26
1296;32
1297;31
1298;29
1299;19
1300;28
1301;19
1302;31
1303;23
1304;30
1305;33
1306;36
1307;21
1308;32
1309;23
1310;22
1311;25
1312;24
1313;25
1314;24
1315;22
1316;21
1317;21
1318;14
1319;20
1320;29
1321;25
1322;19
1323;18
1324;19
1325;18
1326;17
1327;23
1328;21
1329;13
1330;20
1331;14
1332;11
1333;21
1334;17
1335;22
1336;25
1337;24
1338;21
1339;22
1340;34
1341;13
1342;31
1343;20
1344;21
1345;22
1346;28
1347;27
1348;20
1349;17
1350;29
1351;20
1352;25
1353;11
1354;16
1355;23
1356;19
1357;32
1358;20
1359;27
1360;19
1361;19
1362;18
1363;18
1364;18
1365;23
1366;17
1367;18
1368;26
1369;22
1370;22
1371;15
1372;22
1373;17
1374;18
1375;21
1376;21
1377;17
1378;13
1379;20
1380;17
1381;23
1382;19
1383;20
1384;14
1385;20
1386;15
1387;19
1388;21
1389;24
1390;17
1391;15
1392;17
1393;17
1394;12
1395;24
1396;26
1397;15
1398;19
1399;14
1400;21
1401;16
1402;22
1403;18
1404;24
1405;14
1406;20
1407;13
1408;16
1409;10
1410;15
1411;22
1412;16
1413;13
1414;16
1415;18
1416;15
1417;21
1418;13
1419;13
1420;17
1421;19
1422;14
1423;21
1424;15
1425;15
1426;11
1427;11
1428;14
1429;15
1430;20
1431;11
1432;10
1433;14
1434;12
1435;12
1436;11
1437;14
1438;18
1439;11
1440;19
1441;12
1442;10
1443;8
1444;14
1445;12
1446;13
1447;12
1448;12
1449;8
1450;15
1451;18
1452;13
1453;12
1454;12
1455;11
1456;15
1457;16
1458;10
1459;24
1460;14
1461;12
1462;6
1463;14
1464;16
1465;12
1466;12
1467;17
1468;7
1469;13
1470;12
1471;13
1472;9
1473;5
1474;9
1475;8
1476;16
1477;13
1478;10
1479;12
1480;8
1481;10
1482;10
1483;13
1484;13
1485;10
1486;13
1487;16
1488;15
1489;10
1490;10
1491;12
1492;9
1493;10
1494;5
1495;14
1496;12
1497;14
1498;18
1499;13
1500;5
1501;13
1502;9
1503;9
1504;7
1505;4
1506;11
1507;12
1508;12
1509;9
1510;9
1511;7
1512;10
1513;12
1514;11
1515;10
1516;14
1517;7
1518;10
1519;3
1520;9
1521;7
1522;9
1523;8
1524;11
1525;9
1526;7
1527;14
1528;5
1529;7
1530;9
1531;13
1532;9
1533;7
1534;6
1535;5
1536;10
1537;5
1538;16
1539;5
1540;7
1541;5
1542;6
1543;5
1544;10
1545;12
1546;11
1547;7
1548;8
1549;5
1550;9
1551;12
1552;10
1553;12
1554;10
1555;11
1556;11
1557;10
1558;10
1559;4
1560;5
1561;5
1562;5
1563;14
1564;10
1565;2
1566;8
1567;3
1568;11
1569;6
1570;5
1571;12
1572;8
1573;8
1574;8
1575;6
1576;9
1577;11
1578;8
1579;4
1580;6
1581;5
1582;11
1583;8
1584;7
1585;6
1586;10
1587;1
1588;13
1589;7
1590;9
1591;5
1592;6
1593;5
1594;8
1595;6
1596;8
1597;8
1598;5
1599;7
1600;3
1601;3
1602;4
1603;3
1604;5
1605;3
1606;5
1607;5
1608;5
1609;6
1610;4
1611;10
1612;5
1613;9
1614;4
1615;7
1616;6
1617;9
1618;4
1619;3
1620;3
1621;3
1622;1
1623;5
1624;4
1625;5
1626;4
1627;6
1628;7
1629;2
1630;5
1631;2
1632;5
1633;5
1634;3
1635;7
1636;5
1637;5
1638;2
1639;2
1640;7
1641;6
1642;2
1643;4
1644;1
1645;4
1646;0
1647;0
1648;4
1649;9
1650;7
1651;7
1652;7
1653;4
1654;8
1655;2
1656;1
1657;1
1658;1
1659;7
1660;7
1661;5
1662;4
1663;3
1664;3
1665;2
1666;7
1667;4
1668;1
1669;2
1670;4
1671;3
1672;0
1673;6
1674;4
1675;1
1676;3
1677;2
1678;2
1679;4
1680;4
1681;2
1682;3
1683;3
1684;3
1685;2
1686;2
1687;5
1688;3
1689;3
1690;3
1691;2
1692;3
1693;2
1694;2
1695;3
1696;4
1697;1
1698;5
1699;2
1700;3
1701;5
1702;3
1703;2
1704;1
1705;3
1706;3
1707;5
1708;2
1709;2
1710;3
1711;5
1712;2
1713;2
1714;8
1715;0
1716;3
1717;3
1718;6
1719;1
1720;1
1721;3
1722;3
1723;4
1724;0
1725;0
1726;2
1727;3
1728;2
1729;1
1730;1
1731;2
1732;3
1733;0
1734;0
1735;0
1736;4
1737;3
1738;4
1739;3
1740;3
1741;3
1742;4
1743;2
1744;0
1745;0
1746;2
1747;3
1748;1
1749;2
1750;1
1751;1
1752;1
1753;3
1754;1
1755;0
1756;2
1757;2
1758;1
1759;4
1760;1
1761;1
1762;1
1763;1
1764;1
1765;2
1766;2
1767;3
1768;0
1769;2
1770;1
1771;2
1772;1
1773;0
1774;0
1775;2
1776;0
1777;0
1778;0
1779;3
1780;0
1781;0
1782;2
1783;1
1784;1
1785;2
1786;0
1787;2
1788;3
1789;1
1790;4
1791;1
1792;0
1793;1
1794;0
1795;1
1796;4
1797;1
1798;0
1799;2
1800;1
1801;0
1802;0
1803;0
1804;1
1805;0
1806;0
1807;0
1808;0
1809;0
1810;0
1811;1
1812;0
1813;3
1814;0
1815;0
1816;1
1817;0
1818;2
1819;0
1820;1
1821;3
1822;0
1823;2
1824;0
1825;0
1826;1
1827;0
1828;0
1829;1
1830;1
1831;0
1832;0
1833;0
1834;0
1835;0
1836;1
1837;1
1838;1
1839;0
1840;0
1841;1
1842;1
1843;0
1844;0
1845;0
1846;0
1847;1
1848;0
1849;2
1850;0
1851;1
1852;0
1853;0
1854;1
1855;1
1856;1
1857;1
1858;0
1859;0
1860;0
1861;2
1862;0
1863;0
1864;0
1865;0
1866;1
1867;1
1868;0
1869;0
1870;0
1871;1
1872;0
1873;0
1874;0
1875;0
1876;0
1877;0
1878;1
1879;0
1880;0
1881;1
1882;1
1883;0
1884;0
1885;0
1886;0
1887;1
1888;0
1889;0
1890;0
1891;0
1892;0
1893;0
1894;0
1895;0
1896;0
1897;0
1898;1
1899;0
1900;1
1901;1
1902;0
1903;1
1904;0
1905;0
1906;0
1907;0
1908;0
1909;0
1910;0
1911;0
1912;0
1913;0
1914;0
1915;0
1916;0
1917;0
1918;1
1919;0
1920;0
1921;0
1922;0
1923;0
1924;0
1925;0
1926;0
1927;0
1928;0
1929;0
1930;0
1931;0
1932;0
1933;0
1934;0
1935;0
1936;0
1937;0
1938;0
1939;0
1940;0
1941;0
1942;0
1943;0
1944;0
1945;0
1946;0
1947;0
1948;0
1949;0
1950;0
1951;0
1952;0
1953;0
1954;0
1955;0
1956;0
1957;0
1958;0
1959;0
1960;0
1961;0
1962;0
1963;0
1964;0
1965;1
1966;0
1967;0
1968;0
1969;0
1970;0
1971;0
1972;0
1973;0
1974;0
1975;0
1976;0
1977;0
1978;0
1979;0
1980;0
1981;0
1982;0
1983;0
1984;0
1985;0
1986;0
1987;0
1988;0
1989;0
1990;0
1991;0
1992;0
1993;0
1994;0
1995;0
1996;0
1997;0
1998;0
1999;0
2000;0
2001;0
2002;0
2003;0
2004;0
2005;0
2006;0
2007;0
2008;0
2009;0
2010;0
2011;0
2012;0
2013;0
2014;0
2015;0
2016;0
2017;0
2018;0
2019;0
2020;0
2021;0
2022;0
2023;0
2024;0
2025;0
2026;0
2027;0
2028;0
2029;0
2030;0
2031;0
2032;0
2033;0
2034;0
2035;0
2036;0
2037;0
2038;0
2039;0
2040;0
2041;0
2042;0
2043;0
2044;0
2045;0
2046;0
2047;0
2048;0
2049;0
2050;0
2051;0
2052;0
2053;0
2054;0
2055;0
2056;0
2057;0
2058;0
2059;0
2060;0
2061;0
2062;0
2063;0
2064;0
2065;0
2066;0
2067;0
2068;0
2069;0
2070;0
2071;0
2072;0
2073;0
2074;0
2075;0
2076;0
2077;0
2078;0
2079;0
2080;0
2081;0
2082;0
2083;0
2084;0
2085;0
2086;0
2087;0
2088;0
2089;0
2090;0
2091;0
2092;0
2093;0
2094;0
2095;0
2096;0
2097;0
2098;0
2099;0
2100;0
2101;0
2102;0
2103;0
2104;0
2105;0
2106;0
2107;0
2108;0
2109;0
2110;0
2111;0
2112;0
2113;0
2114;0
2115;0
2116;0
2117;0
2118;0
2119;0
2120;0
2121;0
2122;0
2123;0
2124;0
2125;0
2126;0
2127;0
2128;0
2129;0
2130;0
2131;0
2132;0
2133;0
2134;0
2135;0
2136;0
2137;0
2138;0
2139;0
2140;0
2141;0
2142;0
2143;0
2144;0
2145;0
2146;0
2147;0
2148;0
2149;0
2150;0
2151;0
2152;0
2153;0
2154;0
2155;0
2156;0
2157;0
2158;0
2159;0
2160;0
2161;0
2162;0
2163;0
2164;0
2165;0
2166;0
2167;0
2168;0
2169;0
2170;0
2171;0
2172;0
2173;0
2174;0
2175;0
2176;0
2177;0
2178;0
2179;0
2180;0
2181;0
2182;0
2183;0
2184;0
2185;0
2186;0
2187;0
2188;0
2189;0
2190;0
2191;0
2192;0
2193;0
2194;0
2195;0
2196;0
2197;0
2198;0
2199;0
2200;0
2201;0
2202;0
2203;0
2204;0
2205;0
2206;0
2207;0
2208;0
2209;0
2210;0
2211;0
2212;0
2213;0
2214;0
2215;0
2216;0
2217;0
2218;0
2219;0
2220;0
2221;0
2222;0
2223;0
2224;0
2225;0
2226;0
2227;0
2228;0
2229;0
2230;0
2231;0
2232;0
2233;0
2234;0
2235;0
2236;0
2237;0
2238;0
2239;0
2240;0
2241;0
2242;0
2243;0
2244;0
2245;0
2246;0
2247;0
2248;0
2249;0
2250;0
2251;0
2252;0
2253;0
2254;0
2255;0
2256;0
2257;0
2258;0
2259;0
2260;0
2261;0
2262;0
2263;0
2264;0
2265;0
2266;0
2267;0
2268;0
2269;0
2270;0
2271;0
2272;0
2273;0
2274;0
2275;0
2276;0
2277;0
2278;0
2279;0
2280;0
2281;0
2282;0
2283;0
2284;0
2285;0
2286;0
2287;0
2288;0
2289;0
2290;0
2291;0
2292;0
2293;0
2294;0
2295;0
2296;0
2297;0
2298;0
2299;0
2300;0
2301;0
2302;0
2303;0
2304;0
2305;0
2306;0
2307;0
2308;0
2309;0
2310;0
2311;0
2312;0
2313;0
2314;0
2315;0
2316;0
2317;0
2318;0
2319;0
2320;0
2321;0
2322;0
2323;0
2324;0
2325;0
2326;0
2327;0
2328;0
2329;0
2330;0
2331;0
2332;0
2333;0
2334;0
2335;0
2336;0
2337;0
2338;0
2339;0
2340;0
2341;0
2342;0
2343;0
2344;0
2345;0
2346;0
2347;0
2348;0
2349;0
2350;0
2351;0
2352;0
2353;0
2354;0
2355;0
2356;0
2357;0
2358;0
2359;0
2360;0
2361;0
2362;0
2363;0
2364;0
2365;0
2366;0
2367;0
2368;0
2369;0
2370;0
2371;0
2372;0
2373;0
2374;0
2375;0
2376;0
2377;0
2378;0
2379;0
2380;0
2381;0
2382;0
2383;0
2384;0
2385;0
2386;0
2387;0
2388;0
2389;0
2390;0
2391;0
2392;0
2393;0
2394;0
2395;0
2396;0
2397;0
2398;0
2399;0
2400;0
2401;0
2402;0
2403;0
2404;0
2405;0
2406;0
2407;0
2408;0
2409;0
2410;0
2411;0
2412;0
2413;0
2414;0
2415;0
2416;0
2417;0
2418;0
2419;0
2420;0
2421;0
2422;0
2423;0
2424;0
2425;0
2426;0
2427;0
2428;0
2429;0
2430;0
2431;0
2432;0
2433;0
2434;0
2435;0
2436;0
2437;0
2438;0
2439;0
2440;0
2441;0
2442;0
2443;0
2444;0
2445;0
2446;0
2447;0
2448;0
2449;0
2450;0
2451;0
2452;0
2453;0
2454;0
2455;0
2456;0
2457;0
2458;0
2459;0
2460;0
2461;0
2462;0
2463;0
2464;0
2465;0
2466;0
2467;0
2468;0
2469;0
2470;0
2471;0
2472;0
2473;0
2474;0
2475;0
2476;0
2477;0
2478;0
2479;0
2480;0
2481;0
2482;0
2483;0
2484;0
2485;0
2486;0
2487;0
2488;0
2489;0
2490;0
2491;0
2492;0
2493;0
2494;0
2495;0
2496;0
2497;0
2498;0
2499;0
2500;0
2501;0
2502;0
2503;0
2504;0
2505;0
2506;0
2507;0
2508;0
2509;0
2510;0
2511;0
2512;0
2513;0
2514;0
2515;0
2516;0
2517;0
2518;0
2519;0
2520;0
2521;0
2522;0
2523;0
2524;0
2525;0
2526;0
2527;0
2528;0
2529;0
2530;0
2531;0
2532;0
2533;0
2534;0
2535;0
2536;0
2537;0
2538;0
2539;0
2540;0
2541;0
2542;0
2543;0
2544;0
2545;0
2546;0
2547;0
2548;0
2549;0
2550;0
2551;0
2552;0
2553;0
2554;0
2555;0
2556;0
2557;0
2558;0
2559;0
2560;0
2561;0
2562;0
2563;0
2564;0
2565;0
2566;0
2567;0
2568;0
2569;0
2570;0
2571;0
2572;0
2573;0
2574;0
2575;0
2576;0
2577;0
2578;0
2579;0
2580;0
2581;0
2582;0
2583;0
2584;0
2585;0
2586;0
2587;0
2588;0
2589;0
2590;0
2591;0
2592;0
2593;0
2594;0
2595;0
2596;0
2597;0
2598;0
2599;0
2600;0
2601;0
2602;0
2603;0
2604;0
2605;0
2606;0
2607;0
2608;0
2609;0
2610;0
2611;0
2612;0
2613;0
2614;0
2615;0
2616;0
2617;0
2618;0
2619;0
2620;0
2621;0
2622;0
2623;0
2624;0
2625;0
2626;0
2627;0
2628;0
2629;0
2630;0
2631;0
2632;0
2633;0
2634;0
2635;0
2636;0
2637;0
2638;0
2639;0
2640;0
2641;0
2642;0
2643;0
2644;0
2645;0
2646;0
2647;0
2648;0
2649;0
2650;0
2651;0
2652;0
2653;0
2654;0
2655;0
2656;0
2657;0
2658;0
2659;0
2660;0
2661;0
2662;0
2663;0
2664;0
2665;0
2666;0
2667;0
2668;0
2669;0
2670;0
2671;0
2672;0
2673;0
2674;0
2675;0
2676;0
2677;0
2678;0
2679;0
2680;0
2681;0
2682;0
2683;0
2684;0
2685;0
2686;0
2687;0
2688;0
2689;0
2690;0
2691;0
2692;0
2693;0
2694;0
2695;0
2696;0
2697;0
2698;0
2699;0
2700;0
2701;0
2702;0
2703;0
2704;0
2705;0
2706;0
2707;0
2708;0
2709;0
2710;0
2711;0
2712;0
2713;0
2714;0
2715;0
2716;0
2717;0
2718;0
2719;0
2720;0
2721;0
2722;0
2723;0
2724;0
2725;0
2726;0
2727;0
2728;0
2729;0
2730;0
2731;0
2732;0
2733;0
2734;0
2735;0
2736;0
2737;0
2738;0
2739;0
2740;0
2741;0
2742;0
2743;0
2744;0
2745;0
2746;0
2747;0
2748;0
2749;0
2750;0
2751;0
2752;0
2753;0
2754;0
2755;0
2756;0
2757;0
2758;0
2759;0
2760;0
2761;0
2762;0
2763;0
2764;0
2765;0
2766;0
2767;0
2768;0
2769;0
2770;0
2771;0
2772;0
2773;0
2774;0
2775;0
2776;0
2777;0
2778;0
2779;0
2780;0
2781;0
2782;0
2783;0
2784;0
2785;0
2786;0
2787;0
2788;0
2789;0
2790;0
2791;0
2792;0
2793;0
2794;0
2795;0
2796;0
2797;0
2798;0
2799;0
2800;0
2801;0
2802;0
2803;0
2804;0
2805;0
2806;0
2807;0
2808;0
2809;0
2810;0
2811;0
2812;0
2813;0
2814;0
2815;0
2816;0
2817;0
2818;0
2819;0
2820;0
2821;0
2822;0
2823;0
2824;0
2825;0
2826;0
2827;0
2828;0
2829;0
2830;0
2831;0
2832;0
2833;0
2834;0
2835;0
2836;0
2837;0
2838;0
2839;0
2840;0
2841;0
2842;0
2843;0
2844;0
2845;0
2846;0
2847;0
2848;0
2849;0
2850;0
2851;0
2852;0
2853;0
2854;0
2855;0
2856;0
2857;0
2858;0
2859;0
2860;0
2861;0
2862;0
2863;0
2864;0
2865;0
2866;0
2867;0
2868;0
2869;0
2870;0
2871;0
2872;0
2873;0
2874;0
2875;0
2876;0
2877;0
2878;0
2879;0
2880;0
2881;0
2882;0
2883;0
2884;0
2885;0
2886;0
2887;0
2888;0
2889;0
2890;0
2891;0
2892;0
2893;0
2894;0
2895;0
2896;0
2897;0
2898;0
2899;0
2900;0
2901;0
2902;0
2903;0
2904;0
2905;0
2906;0
2907;0
2908;0
2909;0
2910;0
2911;0
2912;0
2913;0
2914;0
2915;0
2916;0
2917;0
2918;0
2919;0
2920;0
2921;0
2922;0
2923;0
2924;0
2925;0
2926;0
2927;0
2928;0
2929;0
2930;0
2931;0
2932;0
2933;0
2934;0
2935;0
2936;0
2937;0
2938;0
2939;0
2940;0
2941;0
2942;0
2943;0
2944;0
2945;0
2946;0
2947;0
2948;0
2949;0
2950;0
2951;0
2952;0
2953;0
2954;0
2955;0
2956;0
2957;0
2958;0
2959;0
2960;0
2961;0
2962;0
2963;0
2964;0
2965;0
2966;0
2967;0
2968;0
2969;0
2970;0
2971;0
2972;0
2973;0
2974;0
2975;0
2976;0
2977;0
2978;0
2979;0
2980;0
2981;0
2982;0
2983;0
2984;0
2985;0
2986;0
2987;0
2988;0
2989;0
2990;0
2991;0
2992;0
2993;0
2994;0
2995;0
2996;0
2997;0
2998;0
2999;0
3000;0
3001;0
3002;0
3003;0
3004;0
3005;0
3006;0
3007;0
3008;0
3009;0
3010;0
3011;0
3012;0
3013;0
3014;0
3015;0
3016;0
3017;0
3018;0
3019;0
3020;0
3021;0
3022;0
3023;0
3024;0
3025;0
3026;0
3027;0
3028;0
3029;0
3030;0
3031;0
3032;0
3033;0
3034;0
3035;0
3036;0
3037;0
3038;0
3039;0
3040;0
3041;0
3042;0
3043;0
3044;0
3045;0
3046;0
3047;0
3048;0
3049;0
3050;0
3051;0
3052;0
3053;0
3054;0
3055;0
3056;0
3057;0
3058;0
3059;0
3060;0
3061;0
3062;0
3063;0
3064;0
3065;0
3066;0
3067;0
3068;0
3069;0
3070;0
3071;0
3072;0
3073;0
3074;0
3075;0
3076;0
3077;0
3078;0
3079;0
3080;0
3081;0
3082;0
3083;0
3084;0
3085;0
3086;0
3087;0
3088;0
3089;0
3090;0
3091;0
3092;0
3093;0
3094;0
3095;0
3096;0
3097;0
3098;0
3099;0
3100;0
3101;0
3102;0
3103;0
3104;0
3105;0
3106;0
3107;0
3108;0
3109;0
3110;0
3111;0
3112;0
3113;0
3114;0
3115;0
3116;0
3117;0
3118;0
3119;0
3120;0
3121;0
3122;0
3123;0
3124;0
3125;0
3126;0
3127;0
3128;0
3129;0
3130;0
3131;0
3132;0
3133;0
3134;0
3135;0
3136;0
3137;0
3138;0
3139;0
3140;0
3141;0
3142;0
3143;0
3144;0
3145;0
3146;0
3147;0
3148;0
3149;0
3150;0
3151;0
3152;0
3153;0
3154;0
3155;0
3156;0
3157;0
3158;0
3159;0
3160;0
3161;0
3162;0
3163;0
3164;0
3165;0
3166;0
3167;0
3168;0
3169;0
3170;0
3171;0
3172;0
3173;0
3174;0
3175;0
3176;0
3177;0
3178;0
3179;0
3180;0
3181;0
3182;0
3183;0
3184;0
3185;0
3186;0
3187;0
3188;0
3189;0
3190;0
3191;0
3192;0
3193;0
3194;0
3195;0
3196;0
3197;0
3198;0
3199;0
3200;0
3201;0
3202;0
3203;0
3204;0
3205;0
3206;0
3207;0
3208;0
3209;0
3210;0
3211;0
3212;0
3213;0
3214;0
3215;0
3216;0
3217;0
3218;0
3219;0
3220;0
3221;0
3222;0
3223;0
3224;0
3225;0
3226;0
3227;0
3228;0
3229;0
3230;0
3231;0
3232;0
3233;0
3234;0
3235;0
3236;0
3237;0
3238;0
3239;0
3240;0
3241;0
3242;0
3243;0
3244;0
3245;0
3246;0
3247;0
3248;0
3249;0
3250;0
3251;0
3252;0
3253;0
3254;0
3255;0
3256;0
3257;0
3258;0
3259;0
3260;0
3261;0
3262;0
3263;0
3264;0
3265;0
3266;0
3267;0
3268;0
3269;0
3270;0
3271;0
3272;0
3273;0
3274;0
3275;0
3276;0
3277;0
3278;0
3279;0
3280;0
3281;0
3282;0
3283;0
3284;0
3285;0
3286;0
3287;0
3288;0
3289;0
3290;0
3291;0
3292;0
3293;0
3294;0
3295;0
3296;0
3297;0
3298;0
3299;0
3300;0
3301;0
3302;0
3303;0
3304;0
3305;0
3306;0
3307;0
3308;0
3309;0
3310;0
3311;0
3312;0
3313;0
3314;0
3315;0
3316;0
3317;0
3318;0
3319;0
3320;0
3321;0
3322;0
3323;0
3324;0
3325;0
3326;0
3327;0
3328;0
3329;0
3330;0
3331;0
3332;0
3333;0
3334;0
3335;0
3336;0
3337;0
3338;0
3339;0
3340;0
3341;0
3342;0
3343;0
3344;0
3345;0
3346;0
3347;0
3348;0
3349;0
3350;0
3351;0
3352;0
3353;0
3354;0
3355;0
3356;0
3357;0
3358;0
3359;0
3360;0
3361;0
3362;0
3363;0
3364;0
3365;0
3366;0
3367;0
3368;0
3369;0
3370;0
3371;0
3372;0
3373;0
3374;0
3375;0
3376;0
3377;0
3378;0
3379;0
3380;0
3381;0
3382;0
3383;0
3384;0
3385;0
3386;0
3387;0
3388;0
3389;0
3390;0
3391;0
3392;0
3393;0
3394;0
3395;0
3396;0
3397;0
3398;0
3399;0
3400;0
3401;0
3402;0
3403;0
3404;0
3405;0
3406;0
3407;0
3408;0
3409;0
3410;0
3411;0
3412;0
3413;0
3414;0
3415;0
3416;0
3417;0
3418;0
3419;0
3420;0
3421;0
3422;0
3423;0
3424;0
3425;0
3426;0
3427;0
3428;0
3429;0
3430;0
3431;0
3432;0
3433;0
3434;0
3435;0
3436;0
3437;0
3438;0
3439;0
3440;0
3441;0
3442;0
3443;0
3444;0
3445;0
3446;0
3447;0
3448;0
3449;0
3450;0
3451;0
3452;0
3453;0
3454;0
3455;0
3456;0
3457;0
3458;0
3459;0
3460;0
3461;0
3462;0
3463;0
3464;0
3465;0
3466;0
3467;0
3468;0
3469;0
3470;0
3471;0
3472;0
3473;0
3474;0
3475;0
3476;0
3477;0
3478;0
3479;0
3480;0
3481;0
3482;0
3483;0
3484;0
3485;0
3486;0
3487;0
3488;0
3489;0
3490;0
3491;0
3492;0
3493;0
3494;0
3495;0
3496;0
3497;0
3498;0
3499;0
3500;0
3501;0
3502;0
3503;0
3504;0
3505;0
3506;0
3507;0
3508;0
3509;0
3510;0
3511;0
3512;0
3513;0
3514;0
3515;0
3516;0
3517;0
3518;0
3519;0
3520;0
3521;0
3522;0
3523;0
3524;0
3525;0
3526;0
3527;0
3528;0
3529;0
3530;0
3531;0
3532;0
3533;0
3534;0
3535;0
3536;0
3537;0
3538;0
3539;0
3540;0
3541;0
3542;0
3543;0
3544;0
3545;0
3546;0
3547;0
3548;0
3549;0
3550;0
3551;0
3552;0
3553;0
3554;0
3555;0
3556;0
3557;0
3558;0
3559;0
3560;0
3561;0
3562;0
3563;0
3564;0
3565;0
3566;0
3567;0
3568;0
3569;0
3570;0
3571;0
3572;0
3573;0
3574;0
3575;0
3576;0
3577;0
3578;0
3579;0
3580;0
3581;0
3582;0
3583;0
3584;0
3585;0
3586;0
3587;0
3588;0
3589;0
3590;0
3591;0
3592;0
3593;0
3594;0
3595;0
3596;0
3597;0
3598;0
3599;0
3600;0
3601;0
3602;0
3603;0
3604;0
3605;0
3606;0
3607;0
3608;0
3609;0
3610;0
3611;0
3612;0
3613;0
3614;0
3615;0
3616;0
3617;0
3618;0
3619;0
3620;0
3621;0
3622;0
3623;0
3624;0
3625;0
3626;0
3627;0
3628;0
3629;0
3630;0
3631;0
3632;0
3633;0
3634;0
3635;0
3636;0
3637;0
3638;0
3639;0
3640;0
3641;0
3642;0
3643;0
3644;0
3645;0
3646;0
3647;0
3648;0
3649;0
3650;0
3651;0
3652;0
3653;0
3654;0
3655;0
3656;0
3657;0
3658;0
3659;0
3660;0
3661;0
3662;0
3663;0
3664;0
3665;0
3666;0
3667;0
3668;0
3669;0
3670;0
3671;0
3672;0
3673;0
3674;0
3675;0
3676;0
3677;0
3678;0
3679;0
3680;0
3681;0
3682;0
3683;0
3684;0
3685;0
3686;0
3687;0
3688;0
3689;0
3690;0
3691;0
3692;0
3693;0
3694;0
3695;0
3696;0
3697;0
3698;0
3699;0
3700;0
3701;0
3702;0
3703;0
3704;0
3705;0
3706;0
3707;0
3708;0
3709;0
3710;0
3711;0
3712;0
3713;0
3714;0
3715;0
3716;0
3717;0
3718;0
3719;0
3720;0
3721;0
3722;0
3723;0
3724;0
3725;0
3726;0
3727;0
3728;0
3729;0
3730;0
3731;0
3732;0
3733;0
3734;0
3735;0
3736;0
3737;0
3738;0
3739;0
3740;0
3741;0
3742;0
3743;0
3744;0
3745;0
3746;0
3747;0
3748;0
3749;0
3750;0
3751;0
3752;0
3753;0
3754;0
3755;0
3756;0
3757;0
3758;0
3759;0
3760;0
3761;0
3762;0
3763;0
3764;0
3765;0
3766;0
3767;0
3768;0
3769;0
3770;0
3771;0
3772;0
3773;0
3774;0
3775;0
3776;0
3777;0
3778;0
3779;0
3780;0
3781;0
3782;0
3783;0
3784;0
3785;0
3786;0
3787;0
3788;0
3789;0
3790;0
3791;0
3792;0
3793;0
3794;0
3795;0
3796;0
3797;0
3798;0
3799;0
3800;0
3801;0
3802;0
3803;0
3804;0
3805;0
3806;0
3807;0
3808;0
3809;0
3810;0
3811;0
3812;0
3813;0
3814;0
3815;0
3816;0
3817;0
3818;0
3819;0
3820;0
3821;0
3822;0
3823;0
3824;0
3825;0
3826;0
3827;0
3828;0
3829;0
3830;0
3831;0
3832;0
3833;0
3834;0
3835;0
3836;0
3837;0
3838;0
3839;0
3840;0
3841;0
3842;0
3843;0
3844;0
3845;0
3846;0
3847;0
3848;0
3849;0
3850;0
3851;0
3852;0
3853;0
3854;0
3855;0
3856;0
3857;0
3858;0
3859;0
3860;0
3861;0
3862;0
3863;0
3864;0
3865;0
3866;0
3867;0
3868;0
3869;0
3870;0
3871;0
3872;0
3873;0
3874;0
3875;0
3876;0
3877;0
3878;0
3879;0
3880;0
3881;0
3882;0
3883;0
3884;0
3885;0
3886;0
3887;0
3888;0
3889;0
3890;0
3891;0
3892;0
3893;0
3894;0
3895;0
3896;0
3897;0
3898;0
3899;0
3900;0
3901;0
3902;0
3903;0
3904;0
3905;0
3906;0
3907;0
3908;0
3909;0
3910;0
3911;0
3912;0
3913;0
3914;0
3915;0
3916;0
3917;0
3918;0
3919;0
3920;0
3921;0
3922;0
3923;0
3924;0
3925;0
3926;0
3927;0
3928;0
3929;0
3930;0
3931;0
3932;0
3933;0
3934;0
3935;0
3936;0
3937;0
3938;0
3939;0
3940;0
3941;0
3942;0
3943;0
3944;0
3945;0
3946;0
3947;0
3948;0
3949;0
3950;0
3951;0
3952;0
3953;0
3954;0
3955;0
3956;0
3957;0
3958;0
3959;0
3960;0
3961;0
3962;0
3963;0
3964;0
3965;0
3966;0
3967;0
3968;0
3969;0
3970;0
3971;0
3972;0
3973;0
3974;0
3975;0
3976;0
3977;0
3978;0
3979;0
3980;0
3981;0
3982;0
3983;0
3984;0
3985;0
3986;0
3987;0
3988;0
3989;0
3990;0
3991;0
3992;0
3993;0
3994;0
3995;0
3996;0
3997;0
3998;0
3999;0
4000;0
4001;0
4002;0
4003;0
4004;0
4005;0
4006;0
4007;0
4008;0
4009;0
4010;0
4011;0
4012;0
4013;0
4014;0
4015;0
4016;0
4017;0
4018;0
4019;0
4020;0
4021;0
4022;0
4023;0
4024;0
4025;0
4026;0
4027;0
4028;0
4029;0
4030;0
4031;0
4032;0
4033;0
4034;0
4035;0
4036;0
4037;0
4038;0
4039;0
4040;0
4041;0
4042;0
4043;0
4044;0
4045;0
4046;0
4047;0
4048;0
4049;0
4050;0
4051;0
4052;0
4053;0
4054;0
4055;0
4056;0
4057;0
4058;0
4059;0
4060;0
4061;0
4062;0
4063;0
4064;0
4065;0
4066;0
4067;0
4068;0
4069;0
4070;0
4071;0
4072;0
4073;0
4074;0
4075;0
4076;0
4077;0
4078;0
4079;0
4080;0
4081;0
4082;0
4083;0
4084;0
4085;0
4086;0
4087;0
4088;0
4089;0
4090;0
4091;0
4092;0
4093;0
4094;0
4095;0
4096;0
