L 64,p 0.593600,Z 100000
/* Tamanio de cluster; Ocurrencias de cada tamaño de cluster */
1;7252417
2;1552382
3;925636
4;600642
5;419230
6;309388
7;237413
8;189590
9;154713
10;128617
11;109943
12;93998
13;82033
14;72293
15;63416
16;57018
17;51470
18;45986
19;42246
20;38433
21;35672
22;32348
23;30003
24;27835
25;26030
26;24306
27;22703
28;21290
29;20072
30;18863
31;17791
32;16887
33;15937
34;15111
35;14220
36;13580
37;13109
38;12549
39;11873
40;11385
41;10998
42;10460
43;9903
44;9432
45;9313
46;8924
47;8601
48;8318
49;7854
50;7730
51;7242
52;7269
53;7090
54;6848
55;6479
56;6269
57;6180
58;6020
59;5790
60;5654
61;5456
62;5223
63;5164
64;4992
65;4925
66;4743
67;4633
68;4557
69;4383
70;4332
71;4122
72;4105
73;3960
74;3883
75;3703
76;3603
77;3674
78;3581
79;3449
80;3344
81;3425
82;3276
83;3194
84;3041
85;3065
86;2949
87;2912
88;2872
89;2895
90;2816
91;2650
92;2648
93;2585
94;2528
95;2520
96;2498
97;2424
98;2357
99;2324
100;2232
101;2229
102;2253
103;2207
104;2144
105;2169
106;2106
107;1903
108;2023
109;2003
110;1978
111;2010
112;1888
113;1767
114;1816
115;1833
116;1770
117;1812
118;1684
119;1742
120;1591
121;1673
122;1649
123;1669
124;1531
125;1556
126;1576
127;1512
128;1564
129;1522
130;1477
131;1448
132;1376
133;1430
134;1443
135;1354
136;1401
137;1404
138;1391
139;1351
140;1299
141;1279
142;1257
143;1297
144;1261
145;1225
146;1191
147;1162
148;1181
149;1170
150;1236
151;1186
152;1114
153;1071
154;1106
155;1103
156;1092
157;1058
158;1097
159;1043
160;1085
161;1028
162;1040
163;1029
164;979
165;981
166;998
167;997
168;976
169;950
170;952
171;924
172;981
173;878
174;927
175;860
176;869
177;897
178;832
179;831
180;852
181;776
182;816
183;793
184;780
185;807
186;743
187;810
188;800
189;775
190;805
191;780
192;798
193;746
194;725
195;772
196;741
197;720
198;763
199;747
200;704
201;719
202;755
203;690
204;694
205;695
206;679
207;681
208;660
209;632
210;686
211;657
212;623
213;608
214;625
215;606
216;615
217;624
218;631
219;610
220;610
221;570
222;567
223;632
224;572
225;631
226;529
227;564
228;597
229;571
230;620
231;608
232;580
233;575
234;553
235;565
236;548
237;533
238;534
239;516
240;513
241;501
242;524
243;519
244;504
245;524
246;529
247;476
248;477
249;475
250;481
251;487
252;480
253;469
254;514
255;506
256;463
257;494
258;477
259;477
260;479
261;446
262;435
263;429
264;420
265;441
266;473
267;444
268;454
269;432
270;419
271;476
272;472
273;419
274;396
275;406
276;380
277;406
278;430
279;396
280;418
281;419
282;388
283;415
284;395
285;390
286;401
287;361
288;375
289;379
290;403
291;396
292;413
293;371
294;380
295;371
296;339
297;336
298;332
299;367
300;343
301;365
302;357
303;365
304;325
305;340
306;311
307;353
308;378
309;357
310;333
311;358
312;370
313;336
314;320
315;327
316;328
317;314
318;335
319;342
320;322
321;309
322;328
323;333
324;312
325;280
326;332
327;350
328;323
329;331
330;310
331;312
332;314
333;301
334;315
335;331
336;310
337;312
338;313
339;301
340;314
341;306
342;325
343;297
344;288
345;256
346;253
347;296
348;313
349;276
350;275
351;291
352;288
353;319
354;250
355;289
356;292
357;256
358;286
359;286
360;260
361;269
362;284
363;261
364;242
365;259
366;249
367;250
368;271
369;259
370;229
371;247
372;246
373;247
374;246
375;248
376;259
377;251
378;229
379;294
380;243
381;236
382;237
383;242
384;255
385;241
386;214
387;244
388;248
389;219
390;241
391;248
392;224
393;225
394;230
395;248
396;238
397;238
398;248
399;217
400;221
401;242
402;224
403;216
404;225
405;208
406;220
407;215
408;231
409;236
410;212
411;207
412;189
413;211
414;203
415;224
416;217
417;222
418;212
419;216
420;223
421;227
422;202
423;223
424;195
425;196
426;216
427;200
428;198
429;194
430;210
431;218
432;204
433;188
434;196
435;212
436;225
437;196
438;222
439;206
440;187
441;184
442;201
443;191
444;181
445;204
446;191
447;201
448;200
449;200
450;182
451;175
452;191
453;189
454;176
455;187
456;169
457;168
458;191
459;168
460;185
461;169
462;200
463;186
464;162
465;207
466;176
467;157
468;176
469;156
470;166
471;175
472;158
473;186
474;165
475;187
476;169
477;174
478;178
479;186
480;164
481;166
482;172
483;161
484;165
485;192
486;167
487;160
488;153
489;155
490;181
491;145
492;150
493;164
494;157
495;158
496;155
497;164
498;181
499;164
500;168
501;153
502;139
503;154
504;152
505;174
506;135
507;148
508;160
509;139
510;163
511;140
512;148
513;148
514;151
515;150
516;143
517;151
518;145
519;162
520;133
521;170
522;155
523;161
524;141
525;136
526;135
527;155
528;145
529;157
530;147
531;134
532;147
533;163
534;147
535;173
536;153
537;130
538;118
539;144
540;147
541;136
542;140
543;134
544;149
545;134
546;152
547;124
548;136
549;136
550;130
551;147
552;141
553;133
554;146
555;125
556;139
557;109
558;133
559;145
560;127
561;132
562;118
563;154
564;128
565;144
566;127
567;136
568;123
569;134
570;127
571;136
572;135
573;110
574;126
575;144
576;146
577;144
578;125
579;132
580;119
581;130
582;132
583;126
584;146
585;112
586;131
587;151
588;110
589;118
590;142
591;97
592;98
593;119
594;133
595;106
596;122
597;123
598;130
599;111
600;118
601;129
602;143
603;120
604;114
605;111
606;127
607;116
608;109
609;114
610;107
611;108
612;118
613;113
614;132
615;108
616;100
617;114
618;107
619;120
620;102
621;129
622;122
623;99
624;122
625;122
626;112
627;104
628;112
629;115
630;99
631;106
632;125
633;107
634;127
635;101
636;111
637;107
638;95
639;127
640;89
641;110
642;108
643;112
644;95
645;104
646;98
647;111
648;99
649;113
650;113
651;105
652;106
653;106
654;99
655;107
656;103
657;100
658;111
659;107
660;117
661;113
662;108
663;88
664;109
665;103
666;90
667;94
668;83
669;105
670;86
671;96
672;113
673;85
674;93
675;90
676;98
677;99
678;105
679;95
680;104
681;101
682;113
683;93
684;93
685;78
686;104
687;99
688;103
689;109
690;93
691;104
692;94
693;88
694;110
695;97
696;88
697;82
698;86
699;94
700;84
701;97
702;93
703;96
704;82
705;81
706;78
707;100
708;89
709;95
710;87
711;96
712;101
713;101
714;85
715;88
716;85
717;89
718;98
719;88
720;100
721;101
722;88
723;75
724;80
725;80
726;116
727;91
728;93
729;74
730;66
731;94
732;106
733;89
734;71
735;90
736;77
737;80
738;86
739;105
740;85
741;80
742;82
743;76
744;83
745;90
746;70
747;78
748;85
749;102
750;71
751;93
752;99
753;90
754;82
755;77
756;86
757;86
758;65
759;70
760;84
761;69
762;68
763;83
764;89
765;56
766;89
767;75
768;86
769;83
770;73
771;81
772;92
773;82
774;70
775;81
776;87
777;80
778;82
779;69
780;77
781;96
782;87
783;95
784;92
785;80
786;69
787;77
788;75
789;84
790;92
791;85
792;62
793;71
794;87
795;69
796;82
797;79
798;76
799;66
800;82
801;67
802;78
803;73
804;68
805;64
806;72
807;83
808;85
809;80
810;66
811;61
812;71
813;73
814;97
815;67
816;69
817;58
818;73
819;72
820;67
821;81
822;73
823;77
824;67
825;66
826;62
827;81
828;73
829;69
830;66
831;68
832;64
833;68
834;67
835;69
836;62
837;70
838;69
839;75
840;74
841;64
842;74
843;72
844;73
845;62
846;80
847;55
848;74
849;76
850;72
851;74
852;54
853;75
854;62
855;69
856;75
857;57
858;84
859;67
860;73
861;67
862;75
863;57
864;69
865;70
866;70
867;59
868;52
869;61
870;75
871;54
872;61
873;66
874;73
875;65
876;62
877;80
878;63
879;59
880;56
881;79
882;72
883;66
884;68
885;57
886;56
887;55
888;58
889;47
890;65
891;48
892;72
893;64
894;61
895;55
896;46
897;51
898;71
899;60
900;61
901;79
902;62
903;58
904;53
905;56
906;62
907;61
908;60
909;64
910;58
911;64
912;63
913;52
914;62
915;70
916;68
917;59
918;64
919;57
920;66
921;58
922;70
923;66
924;52
925;55
926;70
927;56
928;84
929;49
930;67
931;58
932;45
933;42
934;66
935;56
936;55
937;61
938;51
939;54
940;62
941;65
942;55
943;65
944;56
945;63
946;68
947;66
948;64
949;51
950;60
951;61
952;56
953;66
954;51
955;59
956;50
957;51
958;54
959;47
960;58
961;69
962;72
963;55
964;47
965;57
966;75
967;52
968;53
969;54
970;67
971;55
972;56
973;58
974;61
975;62
976;57
977;67
978;56
979;53
980;72
981;48
982;64
983;40
984;54
985;63
986;43
987;56
988;62
989;40
990;48
991;49
992;58
993;49
994;45
995;57
996;51
997;49
998;50
999;51
1000;46
1001;49
1002;64
1003;53
1004;49
1005;61
1006;51
1007;52
1008;53
1009;43
1010;58
1011;55
1012;48
1013;54
1014;50
1015;49
1016;45
1017;60
1018;36
1019;41
1020;52
1021;48
1022;41
1023;35
1024;54
1025;53
1026;42
1027;52
1028;40
1029;53
1030;49
1031;56
1032;49
1033;54
1034;48
1035;54
1036;44
1037;44
1038;47
1039;39
1040;46
1041;42
1042;46
1043;41
1044;39
1045;51
1046;39
1047;48
1048;44
1049;52
1050;55
1051;37
1052;36
1053;40
1054;46
1055;53
1056;49
1057;51
1058;46
1059;36
1060;50
1061;45
1062;48
1063;54
1064;53
1065;38
1066;44
1067;50
1068;41
1069;36
1070;38
1071;50
1072;52
1073;51
1074;45
1075;43
1076;60
1077;44
1078;32
1079;46
1080;46
1081;49
1082;39
1083;43
1084;29
1085;57
1086;42
1087;57
1088;43
1089;52
1090;36
1091;53
1092;48
1093;40
1094;36
1095;31
1096;41
1097;34
1098;40
1099;41
1100;45
1101;40
1102;46
1103;44
1104;50
1105;49
1106;29
1107;42
1108;42
1109;49
1110;40
1111;41
1112;35
1113;44
1114;33
1115;26
1116;51
1117;41
1118;45
1119;36
1120;44
1121;52
1122;33
1123;45
1124;41
1125;40
1126;48
1127;41
1128;43
1129;33
1130;39
1131;35
1132;33
1133;39
1134;53
1135;40
1136;36
1137;27
1138;27
1139;43
1140;38
1141;31
1142;35
1143;44
1144;43
1145;36
1146;25
1147;34
1148;48
1149;34
1150;44
1151;40
1152;38
1153;41
1154;38
1155;34
1156;49
1157;43
1158;41
1159;46
1160;37
1161;41
1162;43
1163;35
1164;29
1165;35
1166;36
1167;35
1168;45
1169;38
1170;38
1171;38
1172;30
1173;45
1174;41
1175;40
1176;42
1177;27
1178;29
1179;24
1180;38
1181;39
1182;39
1183;44
1184;45
1185;34
1186;47
1187;41
1188;39
1189;21
1190;36
1191;37
1192;37
1193;36
1194;41
1195;24
1196;22
1197;31
1198;43
1199;27
1200;36
1201;36
1202;45
1203;26
1204;34
1205;43
1206;28
1207;41
1208;40
1209;31
1210;29
1211;30
1212;36
1213;32
1214;25
1215;30
1216;31
1217;25
1218;33
1219;25
1220;36
1221;25
1222;26
1223;44
1224;32
1225;24
1226;33
1227;31
1228;38
1229;30
1230;35
1231;29
1232;20
1233;30
1234;38
1235;32
1236;32
1237;33
1238;29
1239;31
1240;16
1241;32
1242;34
1243;25
1244;33
1245;24
1246;29
1247;38
1248;33
1249;36
1250;47
1251;25
1252;28
1253;29
1254;30
1255;25
1256;27
1257;35
1258;28
1259;28
1260;28
1261;25
1262;32
1263;30
1264;28
1265;34
1266;28
1267;28
1268;38
1269;33
1270;41
1271;29
1272;32
1273;25
1274;26
1275;38
1276;35
1277;21
1278;34
1279;29
1280;26
1281;22
1282;28
1283;26
1284;31
1285;21
1286;27
1287;29
1288;28
1289;24
1290;35
1291;25
1292;25
1293;27
1294;27
1295;27
1296;15
1297;23
1298;20
1299;38
1300;24
1301;30
1302;20
1303;25
1304;26
1305;27
1306;17
1307;26
1308;28
1309;22
1310;30
1311;28
1312;34
1313;32
1314;30
1315;22
1316;25
1317;24
1318;25
1319;20
1320;24
1321;26
1322;19
1323;26
1324;28
1325;33
1326;25
1327;19
1328;23
1329;28
1330;22
1331;28
1332;34
1333;18
1334;25
1335;25
1336;26
1337;28
1338;28
1339;33
1340;17
1341;17
1342;21
1343;31
1344;20
1345;28
1346;31
1347;26
1348;20
1349;31
1350;23
1351;37
1352;35
1353;29
1354;21
1355;20
1356;24
1357;20
1358;26
1359;15
1360;15
1361;24
1362;20
1363;22
1364;26
1365;26
1366;20
1367;29
1368;19
1369;18
1370;24
1371;22
1372;22
1373;21
1374;18
1375;15
1376;16
1377;23
1378;33
1379;27
1380;17
1381;22
1382;26
1383;14
1384;19
1385;18
1386;22
1387;21
1388;22
1389;14
1390;17
1391;27
1392;20
1393;22
1394;25
1395;12
1396;26
1397;18
1398;10
1399;21
1400;21
1401;12
1402;13
1403;20
1404;16
1405;12
1406;20
1407;17
1408;19
1409;21
1410;11
1411;27
1412;22
1413;20
1414;21
1415;24
1416;17
1417;29
1418;12
1419;18
1420;15
1421;16
1422;15
1423;22
1424;26
1425;21
1426;15
1427;17
1428;12
1429;21
1430;25
1431;22
1432;11
1433;15
1434;10
1435;14
1436;18
1437;19
1438;18
1439;25
1440;18
1441;7
1442;9
1443;15
1444;16
1445;20
1446;13
1447;19
1448;21
1449;23
1450;15
1451;17
1452;12
1453;21
1454;14
1455;16
1456;14
1457;17
1458;18
1459;13
1460;20
1461;16
1462;10
1463;13
1464;11
1465;18
1466;16
1467;14
1468;13
1469;13
1470;20
1471;19
1472;13
1473;13
1474;14
1475;19
1476;13
1477;22
1478;13
1479;14
1480;16
1481;23
1482;13
1483;16
1484;11
1485;10
1486;9
1487;11
1488;15
1489;13
1490;13
1491;14
1492;14
1493;10
1494;8
1495;14
1496;9
1497;11
1498;15
1499;15
1500;17
1501;12
1502;15
1503;16
1504;15
1505;12
1506;8
1507;12
1508;16
1509;7
1510;14
1511;14
1512;13
1513;15
1514;8
1515;11
1516;15
1517;9
1518;17
1519;9
1520;4
1521;6
1522;11
1523;11
1524;10
1525;17
1526;13
1527;5
1528;6
1529;12
1530;9
1531;9
1532;5
1533;12
1534;10
1535;14
1536;5
1537;12
1538;8
1539;11
1540;11
1541;10
1542;12
1543;7
1544;11
1545;13
1546;6
1547;7
1548;12
1549;10
1550;7
1551;9
1552;10
1553;8
1554;8
1555;6
1556;11
1557;10
1558;12
1559;9
1560;14
1561;9
1562;13
1563;12
1564;3
1565;8
1566;6
1567;5
1568;16
1569;14
1570;10
1571;10
1572;9
1573;9
1574;8
1575;8
1576;15
1577;7
1578;3
1579;9
1580;10
1581;11
1582;2
1583;6
1584;8
1585;5
1586;9
1587;8
1588;7
1589;5
1590;6
1591;7
1592;11
1593;6
1594;5
1595;11
1596;8
1597;6
1598;7
1599;10
1600;8
1601;10
1602;8
1603;2
1604;10
1605;4
1606;9
1607;7
1608;14
1609;8
1610;7
1611;9
1612;5
1613;6
1614;4
1615;6
1616;11
1617;3
1618;9
1619;6
1620;7
1621;5
1622;6
1623;5
1624;9
1625;6
1626;5
1627;3
1628;10
1629;9
1630;2
1631;10
1632;8
1633;4
1634;9
1635;1
1636;7
1637;7
1638;5
1639;3
1640;9
1641;3
1642;9
1643;5
1644;5
1645;7
1646;4
1647;3
1648;8
1649;0
1650;10
1651;6
1652;5
1653;5
1654;5
1655;1
1656;7
1657;3
1658;5
1659;7
1660;7
1661;5
1662;6
1663;6
1664;5
1665;4
1666;8
1667;5
1668;3
1669;6
1670;4
1671;4
1672;6
1673;4
1674;4
1675;1
1676;4
1677;8
1678;6
1679;3
1680;3
1681;4
1682;4
1683;6
1684;4
1685;2
1686;6
1687;4
1688;2
1689;4
1690;5
1691;4
1692;3
1693;3
1694;4
1695;5
1696;5
1697;2
1698;1
1699;4
1700;4
1701;2
1702;6
1703;4
1704;3
1705;2
1706;4
1707;1
1708;2
1709;3
1710;3
1711;4
1712;2
1713;5
1714;2
1715;3
1716;4
1717;2
1718;1
1719;4
1720;4
1721;3
1722;3
1723;3
1724;5
1725;0
1726;5
1727;2
1728;0
1729;4
1730;2
1731;4
1732;3
1733;1
1734;4
1735;3
1736;1
1737;4
1738;2
1739;2
1740;2
1741;2
1742;1
1743;1
1744;0
1745;4
1746;1
1747;5
1748;0
1749;3
1750;3
1751;1
1752;3
1753;3
1754;1
1755;1
1756;2
1757;3
1758;1
1759;2
1760;3
1761;4
1762;1
1763;5
1764;6
1765;1
1766;1
1767;1
1768;1
1769;2
1770;2
1771;0
1772;1
1773;3
1774;1
1775;2
1776;1
1777;0
1778;1
1779;1
1780;3
1781;1
1782;2
1783;3
1784;1
1785;0
1786;2
1787;1
1788;2
1789;1
1790;1
1791;2
1792;1
1793;2
1794;4
1795;4
1796;1
1797;2
1798;1
1799;2
1800;2
1801;1
1802;3
1803;3
1804;0
1805;2
1806;1
1807;0
1808;1
1809;0
1810;0
1811;1
1812;3
1813;1
1814;3
1815;0
1816;1
1817;0
1818;0
1819;2
1820;1
1821;1
1822;0
1823;0
1824;2
1825;2
1826;1
1827;0
1828;0
1829;0
1830;0
1831;1
1832;1
1833;2
1834;1
1835;0
1836;5
1837;0
1838;2
1839;0
1840;1
1841;1
1842;1
1843;1
1844;0
1845;0
1846;0
1847;1
1848;0
1849;2
1850;2
1851;0
1852;0
1853;2
1854;0
1855;1
1856;0
1857;0
1858;0
1859;0
1860;0
1861;1
1862;1
1863;0
1864;0
1865;1
1866;1
1867;0
1868;0
1869;1
1870;0
1871;1
1872;0
1873;0
1874;1
1875;1
1876;0
1877;1
1878;0
1879;1
1880;1
1881;1
1882;0
1883;2
1884;2
1885;1
1886;1
1887;0
1888;1
1889;0
1890;1
1891;0
1892;2
1893;0
1894;1
1895;2
1896;0
1897;0
1898;0
1899;0
1900;0
1901;0
1902;1
1903;0
1904;0
1905;0
1906;2
1907;0
1908;1
1909;0
1910;0
1911;1
1912;0
1913;0
1914;1
1915;0
1916;0
1917;0
1918;1
1919;2
1920;0
1921;1
1922;0
1923;0
1924;0
1925;0
1926;0
1927;0
1928;0
1929;0
1930;0
1931;0
1932;0
1933;0
1934;0
1935;0
1936;0
1937;0
1938;1
1939;0
1940;0
1941;0
1942;0
1943;1
1944;0
1945;0
1946;1
1947;0
1948;0
1949;0
1950;0
1951;0
1952;1
1953;1
1954;0
1955;0
1956;0
1957;0
1958;0
1959;1
1960;0
1961;0
1962;0
1963;0
1964;0
1965;0
1966;0
1967;0
1968;0
1969;0
1970;0
1971;0
1972;0
1973;0
1974;0
1975;0
1976;0
1977;0
1978;0
1979;0
1980;0
1981;0
1982;1
1983;0
1984;0
1985;0
1986;0
1987;0
1988;0
1989;0
1990;0
1991;0
1992;0
1993;0
1994;0
1995;2
1996;0
1997;0
1998;0
1999;0
2000;0
2001;0
2002;0
2003;0
2004;0
2005;0
2006;0
2007;0
2008;0
2009;0
2010;0
2011;0
2012;0
2013;0
2014;0
2015;0
2016;0
2017;0
2018;0
2019;0
2020;0
2021;0
2022;0
2023;0
2024;0
2025;0
2026;0
2027;0
2028;0
2029;0
2030;0
2031;0
2032;0
2033;0
2034;0
2035;0
2036;0
2037;0
2038;0
2039;0
2040;0
2041;0
2042;0
2043;0
2044;0
2045;0
2046;0
2047;0
2048;0
2049;0
2050;0
2051;0
2052;0
2053;0
2054;0
2055;0
2056;0
2057;0
2058;0
2059;0
2060;0
2061;0
2062;0
2063;0
2064;0
2065;0
2066;0
2067;0
2068;0
2069;0
2070;0
2071;0
2072;0
2073;0
2074;0
2075;0
2076;0
2077;0
2078;0
2079;0
2080;0
2081;0
2082;0
2083;0
2084;0
2085;0
2086;0
2087;0
2088;0
2089;0
2090;0
2091;0
2092;0
2093;0
2094;0
2095;0
2096;0
2097;0
2098;0
2099;0
2100;0
2101;0
2102;0
2103;0
2104;0
2105;0
2106;0
2107;0
2108;0
2109;0
2110;0
2111;0
2112;0
2113;0
2114;0
2115;0
2116;0
2117;0
2118;0
2119;0
2120;0
2121;0
2122;0
2123;0
2124;0
2125;0
2126;0
2127;0
2128;0
2129;0
2130;0
2131;0
2132;0
2133;0
2134;0
2135;0
2136;0
2137;0
2138;0
2139;0
2140;0
2141;0
2142;0
2143;0
2144;0
2145;0
2146;0
2147;0
2148;0
2149;0
2150;0
2151;0
2152;0
2153;0
2154;0
2155;0
2156;0
2157;0
2158;0
2159;0
2160;0
2161;0
2162;0
2163;0
2164;0
2165;0
2166;0
2167;0
2168;0
2169;0
2170;0
2171;0
2172;0
2173;0
2174;0
2175;0
2176;0
2177;0
2178;0
2179;0
2180;0
2181;0
2182;0
2183;0
2184;0
2185;0
2186;0
2187;0
2188;0
2189;0
2190;0
2191;0
2192;0
2193;0
2194;0
2195;0
2196;0
2197;0
2198;0
2199;0
2200;0
2201;0
2202;0
2203;0
2204;0
2205;0
2206;0
2207;0
2208;0
2209;0
2210;0
2211;0
2212;0
2213;0
2214;0
2215;0
2216;0
2217;0
2218;0
2219;0
2220;0
2221;0
2222;0
2223;0
2224;0
2225;0
2226;0
2227;0
2228;0
2229;0
2230;0
2231;0
2232;0
2233;0
2234;0
2235;0
2236;0
2237;0
2238;0
2239;0
2240;0
2241;0
2242;0
2243;0
2244;0
2245;0
2246;0
2247;0
2248;0
2249;0
2250;0
2251;0
2252;0
2253;0
2254;0
2255;0
2256;0
2257;0
2258;0
2259;0
2260;0
2261;0
2262;0
2263;0
2264;0
2265;0
2266;0
2267;0
2268;0
2269;0
2270;0
2271;0
2272;0
2273;0
2274;0
2275;0
2276;0
2277;0
2278;0
2279;0
2280;0
2281;0
2282;0
2283;0
2284;0
2285;0
2286;0
2287;0
2288;0
2289;0
2290;0
2291;0
2292;0
2293;0
2294;0
2295;0
2296;0
2297;0
2298;0
2299;0
2300;0
2301;0
2302;0
2303;0
2304;0
2305;0
2306;0
2307;0
2308;0
2309;0
2310;0
2311;0
2312;0
2313;0
2314;0
2315;0
2316;0
2317;0
2318;0
2319;0
2320;0
2321;0
2322;0
2323;0
2324;0
2325;0
2326;0
2327;0
2328;0
2329;0
2330;0
2331;0
2332;0
2333;0
2334;0
2335;0
2336;0
2337;0
2338;0
2339;0
2340;0
2341;0
2342;0
2343;0
2344;0
2345;0
2346;0
2347;0
2348;0
2349;0
2350;0
2351;0
2352;0
2353;0
2354;0
2355;0
2356;0
2357;0
2358;0
2359;0
2360;0
2361;0
2362;0
2363;0
2364;0
2365;0
2366;0
2367;0
2368;0
2369;0
2370;0
2371;0
2372;0
2373;0
2374;0
2375;0
2376;0
2377;0
2378;0
2379;0
2380;0
2381;0
2382;0
2383;0
2384;0
2385;0
2386;0
2387;0
2388;0
2389;0
2390;0
2391;0
2392;0
2393;0
2394;0
2395;0
2396;0
2397;0
2398;0
2399;0
2400;0
2401;0
2402;0
2403;0
2404;0
2405;0
2406;0
2407;0
2408;0
2409;0
2410;0
2411;0
2412;0
2413;0
2414;0
2415;0
2416;0
2417;0
2418;0
2419;0
2420;0
2421;0
2422;0
2423;0
2424;0
2425;0
2426;0
2427;0
2428;0
2429;0
2430;0
2431;0
2432;0
2433;0
2434;0
2435;0
2436;0
2437;0
2438;0
2439;0
2440;0
2441;0
2442;0
2443;0
2444;0
2445;0
2446;0
2447;0
2448;0
2449;0
2450;0
2451;0
2452;0
2453;0
2454;0
2455;0
2456;0
2457;0
2458;0
2459;0
2460;0
2461;0
2462;0
2463;0
2464;0
2465;0
2466;0
2467;0
2468;0
2469;0
2470;0
2471;0
2472;0
2473;0
2474;0
2475;0
2476;0
2477;0
2478;0
2479;0
2480;0
2481;0
2482;0
2483;0
2484;0
2485;0
2486;0
2487;0
2488;0
2489;0
2490;0
2491;0
2492;0
2493;0
2494;0
2495;0
2496;0
2497;0
2498;0
2499;0
2500;0
2501;0
2502;0
2503;0
2504;0
2505;0
2506;0
2507;0
2508;0
2509;0
2510;0
2511;0
2512;0
2513;0
2514;0
2515;0
2516;0
2517;0
2518;0
2519;0
2520;0
2521;0
2522;0
2523;0
2524;0
2525;0
2526;0
2527;0
2528;0
2529;0
2530;0
2531;0
2532;0
2533;0
2534;0
2535;0
2536;0
2537;0
2538;0
2539;0
2540;0
2541;0
2542;0
2543;0
2544;0
2545;0
2546;0
2547;0
2548;0
2549;0
2550;0
2551;0
2552;0
2553;0
2554;0
2555;0
2556;0
2557;0
2558;0
2559;0
2560;0
2561;0
2562;0
2563;0
2564;0
2565;0
2566;0
2567;0
2568;0
2569;0
2570;0
2571;0
2572;0
2573;0
2574;0
2575;0
2576;0
2577;0
2578;0
2579;0
2580;0
2581;0
2582;0
2583;0
2584;0
2585;0
2586;0
2587;0
2588;0
2589;0
2590;0
2591;0
2592;0
2593;0
2594;0
2595;0
2596;0
2597;0
2598;0
2599;0
2600;0
2601;0
2602;0
2603;0
2604;0
2605;0
2606;0
2607;0
2608;0
2609;0
2610;0
2611;0
2612;0
2613;0
2614;0
2615;0
2616;0
2617;0
2618;0
2619;0
2620;0
2621;0
2622;0
2623;0
2624;0
2625;0
2626;0
2627;0
2628;0
2629;0
2630;0
2631;0
2632;0
2633;0
2634;0
2635;0
2636;0
2637;0
2638;0
2639;0
2640;0
2641;0
2642;0
2643;0
2644;0
2645;0
2646;0
2647;0
2648;0
2649;0
2650;0
2651;0
2652;0
2653;0
2654;0
2655;0
2656;0
2657;0
2658;0
2659;0
2660;0
2661;0
2662;0
2663;0
2664;0
2665;0
2666;0
2667;0
2668;0
2669;0
2670;0
2671;0
2672;0
2673;0
2674;0
2675;0
2676;0
2677;0
2678;0
2679;0
2680;0
2681;0
2682;0
2683;0
2684;0
2685;0
2686;0
2687;0
2688;0
2689;0
2690;0
2691;0
2692;0
2693;0
2694;0
2695;0
2696;0
2697;0
2698;0
2699;0
2700;0
2701;0
2702;0
2703;0
2704;0
2705;0
2706;0
2707;0
2708;0
2709;0
2710;0
2711;0
2712;0
2713;0
2714;0
2715;0
2716;0
2717;0
2718;0
2719;0
2720;0
2721;0
2722;0
2723;0
2724;0
2725;0
2726;0
2727;0
2728;0
2729;0
2730;0
2731;0
2732;0
2733;0
2734;0
2735;0
2736;0
2737;0
2738;0
2739;0
2740;0
2741;0
2742;0
2743;0
2744;0
2745;0
2746;0
2747;0
2748;0
2749;0
2750;0
2751;0
2752;0
2753;0
2754;0
2755;0
2756;0
2757;0
2758;0
2759;0
2760;0
2761;0
2762;0
2763;0
2764;0
2765;0
2766;0
2767;0
2768;0
2769;0
2770;0
2771;0
2772;0
2773;0
2774;0
2775;0
2776;0
2777;0
2778;0
2779;0
2780;0
2781;0
2782;0
2783;0
2784;0
2785;0
2786;0
2787;0
2788;0
2789;0
2790;0
2791;0
2792;0
2793;0
2794;0
2795;0
2796;0
2797;0
2798;0
2799;0
2800;0
2801;0
2802;0
2803;0
2804;0
2805;0
2806;0
2807;0
2808;0
2809;0
2810;0
2811;0
2812;0
2813;0
2814;0
2815;0
2816;0
2817;0
2818;0
2819;0
2820;0
2821;0
2822;0
2823;0
2824;0
2825;0
2826;0
2827;0
2828;0
2829;0
2830;0
2831;0
2832;0
2833;0
2834;0
2835;0
2836;0
2837;0
2838;0
2839;0
2840;0
2841;0
2842;0
2843;0
2844;0
2845;0
2846;0
2847;0
2848;0
2849;0
2850;0
2851;0
2852;0
2853;0
2854;0
2855;0
2856;0
2857;0
2858;0
2859;0
2860;0
2861;0
2862;0
2863;0
2864;0
2865;0
2866;0
2867;0
2868;0
2869;0
2870;0
2871;0
2872;0
2873;0
2874;0
2875;0
2876;0
2877;0
2878;0
2879;0
2880;0
2881;0
2882;0
2883;0
2884;0
2885;0
2886;0
2887;0
2888;0
2889;0
2890;0
2891;0
2892;0
2893;0
2894;0
2895;0
2896;0
2897;0
2898;0
2899;0
2900;0
2901;0
2902;0
2903;0
2904;0
2905;0
2906;0
2907;0
2908;0
2909;0
2910;0
2911;0
2912;0
2913;0
2914;0
2915;0
2916;0
2917;0
2918;0
2919;0
2920;0
2921;0
2922;0
2923;0
2924;0
2925;0
2926;0
2927;0
2928;0
2929;0
2930;0
2931;0
2932;0
2933;0
2934;0
2935;0
2936;0
2937;0
2938;0
2939;0
2940;0
2941;0
2942;0
2943;0
2944;0
2945;0
2946;0
2947;0
2948;0
2949;0
2950;0
2951;0
2952;0
2953;0
2954;0
2955;0
2956;0
2957;0
2958;0
2959;0
2960;0
2961;0
2962;0
2963;0
2964;0
2965;0
2966;0
2967;0
2968;0
2969;0
2970;0
2971;0
2972;0
2973;0
2974;0
2975;0
2976;0
2977;0
2978;0
2979;0
2980;0
2981;0
2982;0
2983;0
2984;0
2985;0
2986;0
2987;0
2988;0
2989;0
2990;0
2991;0
2992;0
2993;0
2994;0
2995;0
2996;0
2997;0
2998;0
2999;0
3000;0
3001;0
3002;0
3003;0
3004;0
3005;0
3006;0
3007;0
3008;0
3009;0
3010;0
3011;0
3012;0
3013;0
3014;0
3015;0
3016;0
3017;0
3018;0
3019;0
3020;0
3021;0
3022;0
3023;0
3024;0
3025;0
3026;0
3027;0
3028;0
3029;0
3030;0
3031;0
3032;0
3033;0
3034;0
3035;0
3036;0
3037;0
3038;0
3039;0
3040;0
3041;0
3042;0
3043;0
3044;0
3045;0
3046;0
3047;0
3048;0
3049;0
3050;0
3051;0
3052;0
3053;0
3054;0
3055;0
3056;0
3057;0
3058;0
3059;0
3060;0
3061;0
3062;0
3063;0
3064;0
3065;0
3066;0
3067;0
3068;0
3069;0
3070;0
3071;0
3072;0
3073;0
3074;0
3075;0
3076;0
3077;0
3078;0
3079;0
3080;0
3081;0
3082;0
3083;0
3084;0
3085;0
3086;0
3087;0
3088;0
3089;0
3090;0
3091;0
3092;0
3093;0
3094;0
3095;0
3096;0
3097;0
3098;0
3099;0
3100;0
3101;0
3102;0
3103;0
3104;0
3105;0
3106;0
3107;0
3108;0
3109;0
3110;0
3111;0
3112;0
3113;0
3114;0
3115;0
3116;0
3117;0
3118;0
3119;0
3120;0
3121;0
3122;0
3123;0
3124;0
3125;0
3126;0
3127;0
3128;0
3129;0
3130;0
3131;0
3132;0
3133;0
3134;0
3135;0
3136;0
3137;0
3138;0
3139;0
3140;0
3141;0
3142;0
3143;0
3144;0
3145;0
3146;0
3147;0
3148;0
3149;0
3150;0
3151;0
3152;0
3153;0
3154;0
3155;0
3156;0
3157;0
3158;0
3159;0
3160;0
3161;0
3162;0
3163;0
3164;0
3165;0
3166;0
3167;0
3168;0
3169;0
3170;0
3171;0
3172;0
3173;0
3174;0
3175;0
3176;0
3177;0
3178;0
3179;0
3180;0
3181;0
3182;0
3183;0
3184;0
3185;0
3186;0
3187;0
3188;0
3189;0
3190;0
3191;0
3192;0
3193;0
3194;0
3195;0
3196;0
3197;0
3198;0
3199;0
3200;0
3201;0
3202;0
3203;0
3204;0
3205;0
3206;0
3207;0
3208;0
3209;0
3210;0
3211;0
3212;0
3213;0
3214;0
3215;0
3216;0
3217;0
3218;0
3219;0
3220;0
3221;0
3222;0
3223;0
3224;0
3225;0
3226;0
3227;0
3228;0
3229;0
3230;0
3231;0
3232;0
3233;0
3234;0
3235;0
3236;0
3237;0
3238;0
3239;0
3240;0
3241;0
3242;0
3243;0
3244;0
3245;0
3246;0
3247;0
3248;0
3249;0
3250;0
3251;0
3252;0
3253;0
3254;0
3255;0
3256;0
3257;0
3258;0
3259;0
3260;0
3261;0
3262;0
3263;0
3264;0
3265;0
3266;0
3267;0
3268;0
3269;0
3270;0
3271;0
3272;0
3273;0
3274;0
3275;0
3276;0
3277;0
3278;0
3279;0
3280;0
3281;0
3282;0
3283;0
3284;0
3285;0
3286;0
3287;0
3288;0
3289;0
3290;0
3291;0
3292;0
3293;0
3294;0
3295;0
3296;0
3297;0
3298;0
3299;0
3300;0
3301;0
3302;0
3303;0
3304;0
3305;0
3306;0
3307;0
3308;0
3309;0
3310;0
3311;0
3312;0
3313;0
3314;0
3315;0
3316;0
3317;0
3318;0
3319;0
3320;0
3321;0
3322;0
3323;0
3324;0
3325;0
3326;0
3327;0
3328;0
3329;0
3330;0
3331;0
3332;0
3333;0
3334;0
3335;0
3336;0
3337;0
3338;0
3339;0
3340;0
3341;0
3342;0
3343;0
3344;0
3345;0
3346;0
3347;0
3348;0
3349;0
3350;0
3351;0
3352;0
3353;0
3354;0
3355;0
3356;0
3357;0
3358;0
3359;0
3360;0
3361;0
3362;0
3363;0
3364;0
3365;0
3366;0
3367;0
3368;0
3369;0
3370;0
3371;0
3372;0
3373;0
3374;0
3375;0
3376;0
3377;0
3378;0
3379;0
3380;0
3381;0
3382;0
3383;0
3384;0
3385;0
3386;0
3387;0
3388;0
3389;0
3390;0
3391;0
3392;0
3393;0
3394;0
3395;0
3396;0
3397;0
3398;0
3399;0
3400;0
3401;0
3402;0
3403;0
3404;0
3405;0
3406;0
3407;0
3408;0
3409;0
3410;0
3411;0
3412;0
3413;0
3414;0
3415;0
3416;0
3417;0
3418;0
3419;0
3420;0
3421;0
3422;0
3423;0
3424;0
3425;0
3426;0
3427;0
3428;0
3429;0
3430;0
3431;0
3432;0
3433;0
3434;0
3435;0
3436;0
3437;0
3438;0
3439;0
3440;0
3441;0
3442;0
3443;0
3444;0
3445;0
3446;0
3447;0
3448;0
3449;0
3450;0
3451;0
3452;0
3453;0
3454;0
3455;0
3456;0
3457;0
3458;0
3459;0
3460;0
3461;0
3462;0
3463;0
3464;0
3465;0
3466;0
3467;0
3468;0
3469;0
3470;0
3471;0
3472;0
3473;0
3474;0
3475;0
3476;0
3477;0
3478;0
3479;0
3480;0
3481;0
3482;0
3483;0
3484;0
3485;0
3486;0
3487;0
3488;0
3489;0
3490;0
3491;0
3492;0
3493;0
3494;0
3495;0
3496;0
3497;0
3498;0
3499;0
3500;0
3501;0
3502;0
3503;0
3504;0
3505;0
3506;0
3507;0
3508;0
3509;0
3510;0
3511;0
3512;0
3513;0
3514;0
3515;0
3516;0
3517;0
3518;0
3519;0
3520;0
3521;0
3522;0
3523;0
3524;0
3525;0
3526;0
3527;0
3528;0
3529;0
3530;0
3531;0
3532;0
3533;0
3534;0
3535;0
3536;0
3537;0
3538;0
3539;0
3540;0
3541;0
3542;0
3543;0
3544;0
3545;0
3546;0
3547;0
3548;0
3549;0
3550;0
3551;0
3552;0
3553;0
3554;0
3555;0
3556;0
3557;0
3558;0
3559;0
3560;0
3561;0
3562;0
3563;0
3564;0
3565;0
3566;0
3567;0
3568;0
3569;0
3570;0
3571;0
3572;0
3573;0
3574;0
3575;0
3576;0
3577;0
3578;0
3579;0
3580;0
3581;0
3582;0
3583;0
3584;0
3585;0
3586;0
3587;0
3588;0
3589;0
3590;0
3591;0
3592;0
3593;0
3594;0
3595;0
3596;0
3597;0
3598;0
3599;0
3600;0
3601;0
3602;0
3603;0
3604;0
3605;0
3606;0
3607;0
3608;0
3609;0
3610;0
3611;0
3612;0
3613;0
3614;0
3615;0
3616;0
3617;0
3618;0
3619;0
3620;0
3621;0
3622;0
3623;0
3624;0
3625;0
3626;0
3627;0
3628;0
3629;0
3630;0
3631;0
3632;0
3633;0
3634;0
3635;0
3636;0
3637;0
3638;0
3639;0
3640;0
3641;0
3642;0
3643;0
3644;0
3645;0
3646;0
3647;0
3648;0
3649;0
3650;0
3651;0
3652;0
3653;0
3654;0
3655;0
3656;0
3657;0
3658;0
3659;0
3660;0
3661;0
3662;0
3663;0
3664;0
3665;0
3666;0
3667;0
3668;0
3669;0
3670;0
3671;0
3672;0
3673;0
3674;0
3675;0
3676;0
3677;0
3678;0
3679;0
3680;0
3681;0
3682;0
3683;0
3684;0
3685;0
3686;0
3687;0
3688;0
3689;0
3690;0
3691;0
3692;0
3693;0
3694;0
3695;0
3696;0
3697;0
3698;0
3699;0
3700;0
3701;0
3702;0
3703;0
3704;0
3705;0
3706;0
3707;0
3708;0
3709;0
3710;0
3711;0
3712;0
3713;0
3714;0
3715;0
3716;0
3717;0
3718;0
3719;0
3720;0
3721;0
3722;0
3723;0
3724;0
3725;0
3726;0
3727;0
3728;0
3729;0
3730;0
3731;0
3732;0
3733;0
3734;0
3735;0
3736;0
3737;0
3738;0
3739;0
3740;0
3741;0
3742;0
3743;0
3744;0
3745;0
3746;0
3747;0
3748;0
3749;0
3750;0
3751;0
3752;0
3753;0
3754;0
3755;0
3756;0
3757;0
3758;0
3759;0
3760;0
3761;0
3762;0
3763;0
3764;0
3765;0
3766;0
3767;0
3768;0
3769;0
3770;0
3771;0
3772;0
3773;0
3774;0
3775;0
3776;0
3777;0
3778;0
3779;0
3780;0
3781;0
3782;0
3783;0
3784;0
3785;0
3786;0
3787;0
3788;0
3789;0
3790;0
3791;0
3792;0
3793;0
3794;0
3795;0
3796;0
3797;0
3798;0
3799;0
3800;0
3801;0
3802;0
3803;0
3804;0
3805;0
3806;0
3807;0
3808;0
3809;0
3810;0
3811;0
3812;0
3813;0
3814;0
3815;0
3816;0
3817;0
3818;0
3819;0
3820;0
3821;0
3822;0
3823;0
3824;0
3825;0
3826;0
3827;0
3828;0
3829;0
3830;0
3831;0
3832;0
3833;0
3834;0
3835;0
3836;0
3837;0
3838;0
3839;0
3840;0
3841;0
3842;0
3843;0
3844;0
3845;0
3846;0
3847;0
3848;0
3849;0
3850;0
3851;0
3852;0
3853;0
3854;0
3855;0
3856;0
3857;0
3858;0
3859;0
3860;0
3861;0
3862;0
3863;0
3864;0
3865;0
3866;0
3867;0
3868;0
3869;0
3870;0
3871;0
3872;0
3873;0
3874;0
3875;0
3876;0
3877;0
3878;0
3879;0
3880;0
3881;0
3882;0
3883;0
3884;0
3885;0
3886;0
3887;0
3888;0
3889;0
3890;0
3891;0
3892;0
3893;0
3894;0
3895;0
3896;0
3897;0
3898;0
3899;0
3900;0
3901;0
3902;0
3903;0
3904;0
3905;0
3906;0
3907;0
3908;0
3909;0
3910;0
3911;0
3912;0
3913;0
3914;0
3915;0
3916;0
3917;0
3918;0
3919;0
3920;0
3921;0
3922;0
3923;0
3924;0
3925;0
3926;0
3927;0
3928;0
3929;0
3930;0
3931;0
3932;0
3933;0
3934;0
3935;0
3936;0
3937;0
3938;0
3939;0
3940;0
3941;0
3942;0
3943;0
3944;0
3945;0
3946;0
3947;0
3948;0
3949;0
3950;0
3951;0
3952;0
3953;0
3954;0
3955;0
3956;0
3957;0
3958;0
3959;0
3960;0
3961;0
3962;0
3963;0
3964;0
3965;0
3966;0
3967;0
3968;0
3969;0
3970;0
3971;0
3972;0
3973;0
3974;0
3975;0
3976;0
3977;0
3978;0
3979;0
3980;0
3981;0
3982;0
3983;0
3984;0
3985;0
3986;0
3987;0
3988;0
3989;0
3990;0
3991;0
3992;0
3993;0
3994;0
3995;0
3996;0
3997;0
3998;0
3999;0
4000;0
4001;0
4002;0
4003;0
4004;0
4005;0
4006;0
4007;0
4008;0
4009;0
4010;0
4011;0
4012;0
4013;0
4014;0
4015;0
4016;0
4017;0
4018;0
4019;0
4020;0
4021;0
4022;0
4023;0
4024;0
4025;0
4026;0
4027;0
4028;0
4029;0
4030;0
4031;0
4032;0
4033;0
4034;0
4035;0
4036;0
4037;0
4038;0
4039;0
4040;0
4041;0
4042;0
4043;0
4044;0
4045;0
4046;0
4047;0
4048;0
4049;0
4050;0
4051;0
4052;0
4053;0
4054;0
4055;0
4056;0
4057;0
4058;0
4059;0
4060;0
4061;0
4062;0
4063;0
4064;0
4065;0
4066;0
4067;0
4068;0
4069;0
4070;0
4071;0
4072;0
4073;0
4074;0
4075;0
4076;0
4077;0
4078;0
4079;0
4080;0
4081;0
4082;0
4083;0
4084;0
4085;0
4086;0
4087;0
4088;0
4089;0
4090;0
4091;0
4092;0
4093;0
4094;0
4095;0
4096;0
