L 64,p 0.582300,Z 100000
/* Tamanio de cluster; Ocurrencias de cada tamaño de cluster */
1;7908591
2;1738235
3;1048985
4;687131
5;481983
6;357863
7;276349
8;221786
9;181822
10;153175
11;129968
12;112388
13;98025
14;86421
15;77323
16;68814
17;62287
18;56074
19;51005
20;46864
21;43239
22;39794
23;37002
24;34181
25;31986
26;29867
27;28170
28;26516
29;24408
30;23508
31;22181
32;20881
33;19771
34;18949
35;17901
36;16915
37;16306
38;15498
39;15039
40;14388
41;13720
42;13153
43;12685
44;12349
45;11864
46;11276
47;10945
48;10425
49;10158
50;9609
51;9282
52;8996
53;8972
54;8814
55;8351
56;8062
57;7870
58;7453
59;7285
60;7145
61;7101
62;6741
63;6617
64;6434
65;6223
66;6202
67;5997
68;5818
69;5745
70;5436
71;5414
72;5214
73;5178
74;4997
75;4807
76;4729
77;4693
78;4499
79;4392
80;4289
81;4301
82;4205
83;4159
84;3972
85;3993
86;3853
87;3773
88;3748
89;3608
90;3671
91;3529
92;3518
93;3428
94;3312
95;3269
96;3109
97;3143
98;3140
99;3080
100;3012
101;3001
102;2988
103;2947
104;2797
105;2736
106;2760
107;2744
108;2609
109;2562
110;2603
111;2557
112;2423
113;2525
114;2409
115;2377
116;2361
117;2199
118;2239
119;2314
120;2271
121;2206
122;2180
123;2135
124;2124
125;2130
126;2063
127;2068
128;1956
129;1915
130;1995
131;1959
132;1856
133;1864
134;1930
135;1850
136;1824
137;1735
138;1719
139;1761
140;1765
141;1686
142;1696
143;1723
144;1598
145;1575
146;1593
147;1579
148;1462
149;1591
150;1500
151;1552
152;1506
153;1472
154;1443
155;1495
156;1414
157;1465
158;1406
159;1397
160;1384
161;1337
162;1332
163;1372
164;1303
165;1355
166;1283
167;1233
168;1325
169;1222
170;1203
171;1247
172;1191
173;1238
174;1229
175;1126
176;1204
177;1175
178;1143
179;1202
180;1075
181;1079
182;1090
183;1151
184;1134
185;1103
186;1094
187;1047
188;993
189;1017
190;1045
191;1031
192;953
193;967
194;976
195;995
196;969
197;945
198;985
199;944
200;907
201;922
202;894
203;909
204;931
205;935
206;913
207;863
208;854
209;855
210;909
211;875
212;835
213;766
214;781
215;824
216;866
217;806
218;809
219;803
220;848
221;764
222;718
223;757
224;795
225;792
226;796
227;733
228;710
229;731
230;769
231;736
232;782
233;715
234;723
235;664
236;717
237;742
238;672
239;678
240;720
241;685
242;700
243;710
244;689
245;698
246;691
247;680
248;635
249;678
250;653
251;659
252;618
253;590
254;632
255;684
256;632
257;631
258;614
259;620
260;614
261;616
262;589
263;624
264;593
265;572
266;557
267;571
268;602
269;584
270;565
271;577
272;561
273;540
274;550
275;583
276;522
277;548
278;546
279;533
280;528
281;547
282;514
283;506
284;526
285;519
286;526
287;547
288;539
289;511
290;464
291;465
292;514
293;494
294;556
295;523
296;493
297;466
298;495
299;526
300;502
301;491
302;518
303;470
304;472
305;495
306;486
307;488
308;447
309;459
310;453
311;453
312;470
313;456
314;456
315;474
316;430
317;434
318;449
319;414
320;427
321;461
322;435
323;405
324;439
325;418
326;430
327;450
328;407
329;416
330;437
331;435
332;411
333;379
334;358
335;408
336;432
337;379
338;422
339;380
340;390
341;420
342;364
343;372
344;397
345;377
346;355
347;346
348;368
349;366
350;374
351;371
352;331
353;327
354;354
355;328
356;346
357;392
358;381
359;354
360;358
361;363
362;343
363;330
364;335
365;333
366;337
367;368
368;367
369;358
370;286
371;345
372;355
373;345
374;302
375;326
376;364
377;322
378;313
379;342
380;316
381;307
382;293
383;315
384;322
385;323
386;310
387;330
388;327
389;326
390;332
391;333
392;326
393;311
394;289
395;285
396;301
397;309
398;309
399;266
400;306
401;286
402;321
403;318
404;289
405;279
406;287
407;315
408;292
409;289
410;259
411;270
412;302
413;279
414;303
415;280
416;290
417;280
418;257
419;255
420;248
421;269
422;267
423;292
424;275
425;331
426;256
427;280
428;262
429;254
430;267
431;273
432;299
433;254
434;254
435;244
436;288
437;259
438;259
439;276
440;242
441;248
442;250
443;269
444;272
445;244
446;248
447;240
448;258
449;228
450;269
451;249
452;235
453;267
454;210
455;242
456;234
457;253
458;209
459;244
460;213
461;227
462;253
463;230
464;237
465;238
466;247
467;224
468;233
469;228
470;246
471;224
472;234
473;227
474;234
475;216
476;249
477;230
478;203
479;214
480;247
481;234
482;203
483;195
484;193
485;216
486;228
487;219
488;198
489;210
490;201
491;218
492;216
493;245
494;201
495;219
496;226
497;245
498;202
499;199
500;197
501;200
502;213
503;200
504;207
505;199
506;183
507;193
508;212
509;198
510;216
511;220
512;202
513;197
514;179
515;182
516;233
517;198
518;208
519;186
520;197
521;183
522;179
523;199
524;205
525;178
526;213
527;184
528;207
529;162
530;174
531;188
532;203
533;171
534;199
535;181
536;188
537;175
538;167
539;182
540;185
541;181
542;172
543;176
544;183
545;177
546;162
547;201
548;185
549;175
550;146
551;175
552;185
553;181
554;176
555;170
556;184
557;193
558;184
559;164
560;154
561;185
562;165
563;165
564;138
565;156
566;186
567;161
568;181
569;173
570;168
571;168
572;170
573;148
574;168
575;158
576;158
577;135
578;158
579;167
580;150
581;161
582;187
583;171
584;160
585;171
586;159
587;158
588;156
589;175
590;152
591;144
592;163
593;136
594;191
595;178
596;149
597;166
598;152
599;171
600;145
601;164
602;152
603;169
604;155
605;158
606;152
607;144
608;134
609;151
610;133
611;145
612;147
613;150
614;148
615;136
616;129
617;136
618;137
619;130
620;128
621;159
622;128
623;134
624;139
625;155
626;126
627;127
628;139
629;148
630;155
631;129
632;147
633;127
634;130
635;137
636;140
637;125
638;144
639;131
640;140
641;135
642;147
643;140
644;121
645;128
646;147
647;140
648;139
649;133
650;116
651;127
652;108
653;149
654;123
655;144
656;105
657;129
658;127
659;115
660;136
661;119
662;136
663;131
664;114
665;123
666;133
667;106
668;123
669;117
670;151
671;118
672;116
673;113
674;123
675;107
676;137
677;120
678;131
679;113
680;104
681;120
682;131
683;129
684;122
685;126
686;117
687;105
688;111
689;137
690;96
691;110
692;113
693;96
694;119
695;114
696;109
697;110
698;107
699;130
700;123
701;106
702;108
703;106
704;112
705;138
706;98
707;110
708;145
709;104
710;111
711;109
712;105
713;112
714;98
715;111
716;117
717;104
718;97
719;107
720;117
721;108
722;109
723;121
724;105
725;115
726;91
727;99
728;88
729;118
730;92
731;108
732;107
733;93
734;127
735;109
736;91
737;112
738;110
739;79
740;107
741;118
742;92
743;97
744;106
745;91
746;112
747;93
748;107
749;103
750;101
751;109
752;109
753;86
754;104
755;92
756;107
757;93
758;83
759;101
760;94
761;113
762;90
763;85
764;90
765;109
766;99
767;102
768;95
769;96
770;96
771;106
772;93
773;98
774;104
775;83
776;90
777;97
778;106
779;89
780;87
781;97
782;98
783;87
784;94
785;82
786;88
787;98
788;79
789;98
790;114
791;82
792;97
793;113
794;80
795;90
796;86
797;91
798;89
799;88
800;90
801;84
802;100
803;99
804;83
805;84
806;98
807;91
808;80
809;91
810;85
811;102
812;72
813;94
814;90
815;92
816;70
817;90
818;96
819;90
820;84
821;84
822;87
823;89
824;75
825;87
826;87
827;94
828;83
829;73
830;79
831;91
832;92
833;75
834;68
835;81
836;89
837;77
838;71
839;79
840;72
841;78
842;59
843;76
844;79
845;77
846;79
847;79
848;93
849;60
850;86
851;88
852;84
853;86
854;75
855;63
856;82
857;84
858;73
859;72
860;81
861;80
862;70
863;91
864;64
865;79
866;59
867;51
868;74
869;76
870;53
871;83
872;84
873;64
874;80
875;65
876;69
877;75
878;66
879;65
880;66
881;73
882;74
883;65
884;60
885;71
886;70
887;72
888;82
889;53
890;75
891;57
892;77
893;69
894;61
895;72
896;79
897;65
898;71
899;67
900;73
901;71
902;63
903;71
904;55
905;71
906;73
907;65
908;72
909;71
910;77
911;72
912;70
913;71
914;68
915;73
916;56
917;64
918;52
919;57
920;66
921;76
922;64
923;70
924;78
925;68
926;64
927;52
928;65
929;70
930;81
931;69
932;71
933;64
934;62
935;63
936;62
937;59
938;59
939;68
940;63
941;66
942;78
943;67
944;60
945;62
946;58
947;73
948;53
949;52
950;63
951;69
952;70
953;64
954;50
955;69
956;62
957;64
958;73
959;53
960;51
961;56
962;50
963;54
964;57
965;48
966;69
967;67
968;43
969;53
970;60
971;50
972;45
973;60
974;52
975;62
976;63
977;73
978;55
979;70
980;57
981;44
982;46
983;59
984;62
985;46
986;62
987;59
988;38
989;48
990;55
991;53
992;55
993;60
994;53
995;62
996;46
997;52
998;68
999;56
1000;65
1001;51
1002;39
1003;49
1004;53
1005;51
1006;57
1007;48
1008;49
1009;46
1010;46
1011;47
1012;58
1013;44
1014;51
1015;57
1016;49
1017;45
1018;42
1019;50
1020;54
1021;53
1022;35
1023;46
1024;56
1025;44
1026;50
1027;45
1028;52
1029;55
1030;48
1031;45
1032;44
1033;46
1034;40
1035;54
1036;46
1037;49
1038;30
1039;47
1040;40
1041;48
1042;50
1043;38
1044;35
1045;51
1046;56
1047;39
1048;42
1049;40
1050;51
1051;50
1052;42
1053;50
1054;40
1055;54
1056;38
1057;40
1058;40
1059;52
1060;50
1061;38
1062;50
1063;32
1064;49
1065;38
1066;39
1067;38
1068;56
1069;52
1070;49
1071;31
1072;43
1073;35
1074;55
1075;47
1076;31
1077;47
1078;50
1079;43
1080;45
1081;47
1082;58
1083;43
1084;36
1085;45
1086;35
1087;45
1088;43
1089;53
1090;43
1091;40
1092;44
1093;43
1094;38
1095;43
1096;38
1097;41
1098;49
1099;37
1100;33
1101;40
1102;34
1103;37
1104;36
1105;40
1106;45
1107;36
1108;42
1109;32
1110;35
1111;35
1112;41
1113;39
1114;48
1115;41
1116;40
1117;34
1118;47
1119;40
1120;36
1121;34
1122;39
1123;35
1124;32
1125;26
1126;37
1127;37
1128;33
1129;33
1130;38
1131;29
1132;32
1133;31
1134;36
1135;34
1136;32
1137;26
1138;33
1139;35
1140;42
1141;43
1142;26
1143;34
1144;29
1145;33
1146;33
1147;34
1148;31
1149;32
1150;31
1151;32
1152;37
1153;37
1154;38
1155;32
1156;37
1157;30
1158;36
1159;18
1160;35
1161;32
1162;38
1163;25
1164;34
1165;32
1166;27
1167;37
1168;20
1169;31
1170;21
1171;28
1172;30
1173;43
1174;37
1175;29
1176;30
1177;28
1178;30
1179;35
1180;30
1181;25
1182;41
1183;27
1184;27
1185;30
1186;37
1187;21
1188;35
1189;17
1190;30
1191;28
1192;28
1193;35
1194;25
1195;30
1196;28
1197;31
1198;30
1199;21
1200;39
1201;34
1202;27
1203;34
1204;20
1205;24
1206;28
1207;19
1208;31
1209;25
1210;21
1211;35
1212;24
1213;27
1214;28
1215;27
1216;34
1217;15
1218;27
1219;22
1220;35
1221;30
1222;30
1223;21
1224;18
1225;20
1226;24
1227;24
1228;22
1229;22
1230;22
1231;23
1232;20
1233;25
1234;30
1235;28
1236;22
1237;38
1238;25
1239;25
1240;28
1241;27
1242;27
1243;20
1244;19
1245;25
1246;16
1247;29
1248;22
1249;22
1250;27
1251;24
1252;19
1253;26
1254;27
1255;23
1256;20
1257;24
1258;20
1259;22
1260;26
1261;18
1262;17
1263;21
1264;21
1265;28
1266;26
1267;16
1268;22
1269;22
1270;27
1271;16
1272;23
1273;22
1274;26
1275;22
1276;19
1277;11
1278;25
1279;22
1280;19
1281;20
1282;23
1283;21
1284;19
1285;13
1286;20
1287;21
1288;25
1289;26
1290;33
1291;24
1292;19
1293;26
1294;28
1295;14
1296;25
1297;22
1298;17
1299;17
1300;16
1301;24
1302;19
1303;19
1304;16
1305;20
1306;17
1307;23
1308;21
1309;9
1310;13
1311;24
1312;15
1313;18
1314;14
1315;24
1316;6
1317;19
1318;16
1319;18
1320;17
1321;4
1322;15
1323;16
1324;18
1325;18
1326;11
1327;12
1328;12
1329;11
1330;22
1331;16
1332;14
1333;11
1334;24
1335;12
1336;12
1337;16
1338;14
1339;17
1340;22
1341;18
1342;13
1343;11
1344;12
1345;20
1346;15
1347;21
1348;11
1349;14
1350;15
1351;10
1352;9
1353;11
1354;17
1355;21
1356;10
1357;15
1358;18
1359;19
1360;13
1361;12
1362;14
1363;18
1364;13
1365;12
1366;16
1367;17
1368;11
1369;23
1370;8
1371;15
1372;16
1373;9
1374;13
1375;10
1376;16
1377;13
1378;10
1379;18
1380;12
1381;12
1382;14
1383;13
1384;14
1385;9
1386;12
1387;14
1388;6
1389;10
1390;16
1391;12
1392;7
1393;11
1394;13
1395;11
1396;11
1397;7
1398;12
1399;12
1400;11
1401;14
1402;7
1403;13
1404;9
1405;16
1406;12
1407;15
1408;10
1409;13
1410;12
1411;15
1412;16
1413;7
1414;12
1415;12
1416;14
1417;9
1418;7
1419;10
1420;11
1421;11
1422;9
1423;10
1424;9
1425;6
1426;5
1427;5
1428;12
1429;10
1430;12
1431;12
1432;6
1433;15
1434;10
1435;10
1436;10
1437;11
1438;10
1439;14
1440;10
1441;6
1442;9
1443;15
1444;10
1445;5
1446;9
1447;16
1448;9
1449;15
1450;10
1451;6
1452;6
1453;8
1454;10
1455;11
1456;8
1457;9
1458;4
1459;12
1460;7
1461;9
1462;8
1463;5
1464;9
1465;13
1466;6
1467;2
1468;16
1469;15
1470;11
1471;12
1472;10
1473;4
1474;3
1475;8
1476;7
1477;7
1478;6
1479;11
1480;6
1481;8
1482;7
1483;9
1484;6
1485;6
1486;6
1487;4
1488;5
1489;10
1490;11
1491;8
1492;7
1493;5
1494;5
1495;3
1496;8
1497;6
1498;8
1499;5
1500;7
1501;9
1502;4
1503;10
1504;5
1505;5
1506;4
1507;6
1508;6
1509;7
1510;8
1511;5
1512;9
1513;9
1514;10
1515;6
1516;6
1517;8
1518;10
1519;7
1520;4
1521;7
1522;3
1523;4
1524;7
1525;5
1526;6
1527;5
1528;4
1529;5
1530;6
1531;5
1532;7
1533;2
1534;8
1535;6
1536;6
1537;6
1538;4
1539;4
1540;7
1541;8
1542;3
1543;7
1544;3
1545;4
1546;3
1547;5
1548;5
1549;2
1550;4
1551;1
1552;3
1553;3
1554;4
1555;5
1556;3
1557;7
1558;8
1559;2
1560;3
1561;10
1562;3
1563;4
1564;3
1565;4
1566;5
1567;5
1568;9
1569;4
1570;3
1571;4
1572;3
1573;4
1574;3
1575;3
1576;2
1577;5
1578;2
1579;3
1580;4
1581;5
1582;5
1583;6
1584;5
1585;3
1586;2
1587;5
1588;2
1589;2
1590;2
1591;5
1592;4
1593;3
1594;5
1595;2
1596;3
1597;5
1598;3
1599;4
1600;3
1601;2
1602;2
1603;1
1604;3
1605;2
1606;0
1607;2
1608;3
1609;3
1610;0
1611;1
1612;4
1613;4
1614;4
1615;2
1616;1
1617;3
1618;2
1619;4
1620;2
1621;4
1622;3
1623;1
1624;1
1625;3
1626;3
1627;1
1628;1
1629;2
1630;2
1631;3
1632;3
1633;0
1634;4
1635;1
1636;3
1637;1
1638;1
1639;5
1640;1
1641;2
1642;4
1643;0
1644;4
1645;3
1646;2
1647;2
1648;0
1649;2
1650;2
1651;4
1652;0
1653;1
1654;0
1655;1
1656;3
1657;2
1658;1
1659;2
1660;1
1661;2
1662;2
1663;2
1664;1
1665;2
1666;2
1667;3
1668;0
1669;1
1670;0
1671;1
1672;2
1673;0
1674;2
1675;2
1676;3
1677;0
1678;5
1679;1
1680;1
1681;2
1682;3
1683;1
1684;1
1685;3
1686;1
1687;0
1688;0
1689;3
1690;1
1691;2
1692;0
1693;2
1694;2
1695;5
1696;2
1697;1
1698;1
1699;1
1700;0
1701;2
1702;0
1703;0
1704;0
1705;0
1706;1
1707;0
1708;0
1709;0
1710;2
1711;2
1712;0
1713;0
1714;0
1715;1
1716;1
1717;2
1718;0
1719;1
1720;0
1721;0
1722;0
1723;0
1724;0
1725;0
1726;1
1727;0
1728;1
1729;1
1730;0
1731;0
1732;2
1733;0
1734;0
1735;0
1736;0
1737;0
1738;2
1739;0
1740;0
1741;0
1742;1
1743;0
1744;0
1745;0
1746;0
1747;0
1748;0
1749;0
1750;2
1751;1
1752;1
1753;0
1754;0
1755;1
1756;0
1757;0
1758;0
1759;0
1760;0
1761;1
1762;0
1763;0
1764;0
1765;2
1766;0
1767;0
1768;0
1769;0
1770;0
1771;1
1772;0
1773;0
1774;1
1775;1
1776;0
1777;0
1778;1
1779;0
1780;1
1781;2
1782;0
1783;0
1784;0
1785;0
1786;0
1787;1
1788;0
1789;0
1790;0
1791;0
1792;0
1793;1
1794;0
1795;0
1796;1
1797;0
1798;1
1799;0
1800;0
1801;1
1802;0
1803;0
1804;0
1805;1
1806;0
1807;0
1808;1
1809;0
1810;0
1811;0
1812;0
1813;0
1814;0
1815;1
1816;0
1817;0
1818;0
1819;0
1820;1
1821;0
1822;0
1823;0
1824;0
1825;0
1826;0
1827;0
1828;0
1829;0
1830;0
1831;1
1832;1
1833;0
1834;0
1835;0
1836;0
1837;0
1838;0
1839;0
1840;1
1841;0
1842;0
1843;0
1844;0
1845;0
1846;0
1847;0
1848;0
1849;0
1850;1
1851;0
1852;0
1853;0
1854;0
1855;0
1856;0
1857;0
1858;0
1859;0
1860;0
1861;1
1862;0
1863;0
1864;0
1865;0
1866;0
1867;0
1868;0
1869;0
1870;0
1871;0
1872;0
1873;0
1874;0
1875;0
1876;0
1877;0
1878;0
1879;0
1880;0
1881;0
1882;0
1883;0
1884;0
1885;0
1886;0
1887;0
1888;0
1889;0
1890;0
1891;0
1892;0
1893;0
1894;0
1895;0
1896;0
1897;0
1898;0
1899;0
1900;0
1901;0
1902;0
1903;0
1904;0
1905;0
1906;0
1907;0
1908;0
1909;0
1910;0
1911;0
1912;0
1913;0
1914;0
1915;0
1916;0
1917;0
1918;0
1919;0
1920;0
1921;0
1922;0
1923;0
1924;0
1925;0
1926;0
1927;0
1928;0
1929;0
1930;0
1931;0
1932;0
1933;0
1934;0
1935;0
1936;0
1937;0
1938;0
1939;0
1940;0
1941;0
1942;0
1943;0
1944;0
1945;0
1946;0
1947;0
1948;0
1949;0
1950;0
1951;0
1952;0
1953;0
1954;0
1955;0
1956;0
1957;0
1958;0
1959;0
1960;0
1961;1
1962;0
1963;0
1964;0
1965;0
1966;0
1967;0
1968;0
1969;0
1970;0
1971;0
1972;0
1973;0
1974;0
1975;0
1976;0
1977;0
1978;0
1979;0
1980;0
1981;0
1982;0
1983;0
1984;0
1985;0
1986;0
1987;0
1988;0
1989;0
1990;0
1991;0
1992;0
1993;0
1994;0
1995;0
1996;0
1997;0
1998;0
1999;0
2000;0
2001;0
2002;0
2003;0
2004;0
2005;0
2006;0
2007;0
2008;0
2009;0
2010;0
2011;0
2012;0
2013;0
2014;0
2015;0
2016;0
2017;0
2018;0
2019;0
2020;0
2021;0
2022;0
2023;0
2024;0
2025;0
2026;0
2027;0
2028;0
2029;0
2030;0
2031;0
2032;0
2033;0
2034;0
2035;0
2036;0
2037;0
2038;0
2039;0
2040;0
2041;0
2042;0
2043;0
2044;0
2045;0
2046;0
2047;0
2048;0
2049;0
2050;0
2051;0
2052;0
2053;0
2054;0
2055;0
2056;0
2057;0
2058;0
2059;0
2060;0
2061;0
2062;0
2063;0
2064;0
2065;0
2066;0
2067;0
2068;0
2069;0
2070;0
2071;0
2072;0
2073;0
2074;0
2075;0
2076;0
2077;0
2078;0
2079;0
2080;0
2081;0
2082;0
2083;0
2084;0
2085;0
2086;0
2087;0
2088;0
2089;0
2090;0
2091;0
2092;0
2093;0
2094;0
2095;0
2096;0
2097;0
2098;0
2099;0
2100;0
2101;0
2102;0
2103;0
2104;0
2105;0
2106;0
2107;0
2108;0
2109;0
2110;0
2111;0
2112;0
2113;0
2114;0
2115;0
2116;0
2117;0
2118;0
2119;0
2120;0
2121;0
2122;0
2123;0
2124;0
2125;0
2126;0
2127;0
2128;0
2129;0
2130;0
2131;0
2132;0
2133;0
2134;0
2135;0
2136;0
2137;0
2138;0
2139;0
2140;0
2141;0
2142;0
2143;0
2144;0
2145;0
2146;0
2147;0
2148;0
2149;0
2150;0
2151;0
2152;0
2153;0
2154;0
2155;0
2156;0
2157;0
2158;0
2159;0
2160;0
2161;0
2162;0
2163;0
2164;0
2165;0
2166;0
2167;0
2168;0
2169;0
2170;0
2171;0
2172;0
2173;0
2174;0
2175;0
2176;0
2177;0
2178;0
2179;0
2180;0
2181;0
2182;0
2183;0
2184;0
2185;0
2186;0
2187;0
2188;0
2189;0
2190;0
2191;0
2192;0
2193;0
2194;0
2195;0
2196;0
2197;0
2198;0
2199;0
2200;0
2201;0
2202;0
2203;0
2204;0
2205;0
2206;0
2207;0
2208;0
2209;0
2210;0
2211;0
2212;0
2213;0
2214;0
2215;0
2216;0
2217;0
2218;0
2219;0
2220;0
2221;0
2222;0
2223;0
2224;0
2225;0
2226;0
2227;0
2228;0
2229;0
2230;0
2231;0
2232;0
2233;0
2234;0
2235;0
2236;0
2237;0
2238;0
2239;0
2240;0
2241;0
2242;0
2243;0
2244;0
2245;0
2246;0
2247;0
2248;0
2249;0
2250;0
2251;0
2252;0
2253;0
2254;0
2255;0
2256;0
2257;0
2258;0
2259;0
2260;0
2261;0
2262;0
2263;0
2264;0
2265;0
2266;0
2267;0
2268;0
2269;0
2270;0
2271;0
2272;0
2273;0
2274;0
2275;0
2276;0
2277;0
2278;0
2279;0
2280;0
2281;0
2282;0
2283;0
2284;0
2285;0
2286;0
2287;0
2288;0
2289;0
2290;0
2291;0
2292;0
2293;0
2294;0
2295;0
2296;0
2297;0
2298;0
2299;0
2300;0
2301;0
2302;0
2303;0
2304;0
2305;0
2306;0
2307;0
2308;0
2309;0
2310;0
2311;0
2312;0
2313;0
2314;0
2315;0
2316;0
2317;0
2318;0
2319;0
2320;0
2321;0
2322;0
2323;0
2324;0
2325;0
2326;0
2327;0
2328;0
2329;0
2330;0
2331;0
2332;0
2333;0
2334;0
2335;0
2336;0
2337;0
2338;0
2339;0
2340;0
2341;0
2342;0
2343;0
2344;0
2345;0
2346;0
2347;0
2348;0
2349;0
2350;0
2351;0
2352;0
2353;0
2354;0
2355;0
2356;0
2357;0
2358;0
2359;0
2360;0
2361;0
2362;0
2363;0
2364;0
2365;0
2366;0
2367;0
2368;0
2369;0
2370;0
2371;0
2372;0
2373;0
2374;0
2375;0
2376;0
2377;0
2378;0
2379;0
2380;0
2381;0
2382;0
2383;0
2384;0
2385;0
2386;0
2387;0
2388;0
2389;0
2390;0
2391;0
2392;0
2393;0
2394;0
2395;0
2396;0
2397;0
2398;0
2399;0
2400;0
2401;0
2402;0
2403;0
2404;0
2405;0
2406;0
2407;0
2408;0
2409;0
2410;0
2411;0
2412;0
2413;0
2414;0
2415;0
2416;0
2417;0
2418;0
2419;0
2420;0
2421;0
2422;0
2423;0
2424;0
2425;0
2426;0
2427;0
2428;0
2429;0
2430;0
2431;0
2432;0
2433;0
2434;0
2435;0
2436;0
2437;0
2438;0
2439;0
2440;0
2441;0
2442;0
2443;0
2444;0
2445;0
2446;0
2447;0
2448;0
2449;0
2450;0
2451;0
2452;0
2453;0
2454;0
2455;0
2456;0
2457;0
2458;0
2459;0
2460;0
2461;0
2462;0
2463;0
2464;0
2465;0
2466;0
2467;0
2468;0
2469;0
2470;0
2471;0
2472;0
2473;0
2474;0
2475;0
2476;0
2477;0
2478;0
2479;0
2480;0
2481;0
2482;0
2483;0
2484;0
2485;0
2486;0
2487;0
2488;0
2489;0
2490;0
2491;0
2492;0
2493;0
2494;0
2495;0
2496;0
2497;0
2498;0
2499;0
2500;0
2501;0
2502;0
2503;0
2504;0
2505;0
2506;0
2507;0
2508;0
2509;0
2510;0
2511;0
2512;0
2513;0
2514;0
2515;0
2516;0
2517;0
2518;0
2519;0
2520;0
2521;0
2522;0
2523;0
2524;0
2525;0
2526;0
2527;0
2528;0
2529;0
2530;0
2531;0
2532;0
2533;0
2534;0
2535;0
2536;0
2537;0
2538;0
2539;0
2540;0
2541;0
2542;0
2543;0
2544;0
2545;0
2546;0
2547;0
2548;0
2549;0
2550;0
2551;0
2552;0
2553;0
2554;0
2555;0
2556;0
2557;0
2558;0
2559;0
2560;0
2561;0
2562;0
2563;0
2564;0
2565;0
2566;0
2567;0
2568;0
2569;0
2570;0
2571;0
2572;0
2573;0
2574;0
2575;0
2576;0
2577;0
2578;0
2579;0
2580;0
2581;0
2582;0
2583;0
2584;0
2585;0
2586;0
2587;0
2588;0
2589;0
2590;0
2591;0
2592;0
2593;0
2594;0
2595;0
2596;0
2597;0
2598;0
2599;0
2600;0
2601;0
2602;0
2603;0
2604;0
2605;0
2606;0
2607;0
2608;0
2609;0
2610;0
2611;0
2612;0
2613;0
2614;0
2615;0
2616;0
2617;0
2618;0
2619;0
2620;0
2621;0
2622;0
2623;0
2624;0
2625;0
2626;0
2627;0
2628;0
2629;0
2630;0
2631;0
2632;0
2633;0
2634;0
2635;0
2636;0
2637;0
2638;0
2639;0
2640;0
2641;0
2642;0
2643;0
2644;0
2645;0
2646;0
2647;0
2648;0
2649;0
2650;0
2651;0
2652;0
2653;0
2654;0
2655;0
2656;0
2657;0
2658;0
2659;0
2660;0
2661;0
2662;0
2663;0
2664;0
2665;0
2666;0
2667;0
2668;0
2669;0
2670;0
2671;0
2672;0
2673;0
2674;0
2675;0
2676;0
2677;0
2678;0
2679;0
2680;0
2681;0
2682;0
2683;0
2684;0
2685;0
2686;0
2687;0
2688;0
2689;0
2690;0
2691;0
2692;0
2693;0
2694;0
2695;0
2696;0
2697;0
2698;0
2699;0
2700;0
2701;0
2702;0
2703;0
2704;0
2705;0
2706;0
2707;0
2708;0
2709;0
2710;0
2711;0
2712;0
2713;0
2714;0
2715;0
2716;0
2717;0
2718;0
2719;0
2720;0
2721;0
2722;0
2723;0
2724;0
2725;0
2726;0
2727;0
2728;0
2729;0
2730;0
2731;0
2732;0
2733;0
2734;0
2735;0
2736;0
2737;0
2738;0
2739;0
2740;0
2741;0
2742;0
2743;0
2744;0
2745;0
2746;0
2747;0
2748;0
2749;0
2750;0
2751;0
2752;0
2753;0
2754;0
2755;0
2756;0
2757;0
2758;0
2759;0
2760;0
2761;0
2762;0
2763;0
2764;0
2765;0
2766;0
2767;0
2768;0
2769;0
2770;0
2771;0
2772;0
2773;0
2774;0
2775;0
2776;0
2777;0
2778;0
2779;0
2780;0
2781;0
2782;0
2783;0
2784;0
2785;0
2786;0
2787;0
2788;0
2789;0
2790;0
2791;0
2792;0
2793;0
2794;0
2795;0
2796;0
2797;0
2798;0
2799;0
2800;0
2801;0
2802;0
2803;0
2804;0
2805;0
2806;0
2807;0
2808;0
2809;0
2810;0
2811;0
2812;0
2813;0
2814;0
2815;0
2816;0
2817;0
2818;0
2819;0
2820;0
2821;0
2822;0
2823;0
2824;0
2825;0
2826;0
2827;0
2828;0
2829;0
2830;0
2831;0
2832;0
2833;0
2834;0
2835;0
2836;0
2837;0
2838;0
2839;0
2840;0
2841;0
2842;0
2843;0
2844;0
2845;0
2846;0
2847;0
2848;0
2849;0
2850;0
2851;0
2852;0
2853;0
2854;0
2855;0
2856;0
2857;0
2858;0
2859;0
2860;0
2861;0
2862;0
2863;0
2864;0
2865;0
2866;0
2867;0
2868;0
2869;0
2870;0
2871;0
2872;0
2873;0
2874;0
2875;0
2876;0
2877;0
2878;0
2879;0
2880;0
2881;0
2882;0
2883;0
2884;0
2885;0
2886;0
2887;0
2888;0
2889;0
2890;0
2891;0
2892;0
2893;0
2894;0
2895;0
2896;0
2897;0
2898;0
2899;0
2900;0
2901;0
2902;0
2903;0
2904;0
2905;0
2906;0
2907;0
2908;0
2909;0
2910;0
2911;0
2912;0
2913;0
2914;0
2915;0
2916;0
2917;0
2918;0
2919;0
2920;0
2921;0
2922;0
2923;0
2924;0
2925;0
2926;0
2927;0
2928;0
2929;0
2930;0
2931;0
2932;0
2933;0
2934;0
2935;0
2936;0
2937;0
2938;0
2939;0
2940;0
2941;0
2942;0
2943;0
2944;0
2945;0
2946;0
2947;0
2948;0
2949;0
2950;0
2951;0
2952;0
2953;0
2954;0
2955;0
2956;0
2957;0
2958;0
2959;0
2960;0
2961;0
2962;0
2963;0
2964;0
2965;0
2966;0
2967;0
2968;0
2969;0
2970;0
2971;0
2972;0
2973;0
2974;0
2975;0
2976;0
2977;0
2978;0
2979;0
2980;0
2981;0
2982;0
2983;0
2984;0
2985;0
2986;0
2987;0
2988;0
2989;0
2990;0
2991;0
2992;0
2993;0
2994;0
2995;0
2996;0
2997;0
2998;0
2999;0
3000;0
3001;0
3002;0
3003;0
3004;0
3005;0
3006;0
3007;0
3008;0
3009;0
3010;0
3011;0
3012;0
3013;0
3014;0
3015;0
3016;0
3017;0
3018;0
3019;0
3020;0
3021;0
3022;0
3023;0
3024;0
3025;0
3026;0
3027;0
3028;0
3029;0
3030;0
3031;0
3032;0
3033;0
3034;0
3035;0
3036;0
3037;0
3038;0
3039;0
3040;0
3041;0
3042;0
3043;0
3044;0
3045;0
3046;0
3047;0
3048;0
3049;0
3050;0
3051;0
3052;0
3053;0
3054;0
3055;0
3056;0
3057;0
3058;0
3059;0
3060;0
3061;0
3062;0
3063;0
3064;0
3065;0
3066;0
3067;0
3068;0
3069;0
3070;0
3071;0
3072;0
3073;0
3074;0
3075;0
3076;0
3077;0
3078;0
3079;0
3080;0
3081;0
3082;0
3083;0
3084;0
3085;0
3086;0
3087;0
3088;0
3089;0
3090;0
3091;0
3092;0
3093;0
3094;0
3095;0
3096;0
3097;0
3098;0
3099;0
3100;0
3101;0
3102;0
3103;0
3104;0
3105;0
3106;0
3107;0
3108;0
3109;0
3110;0
3111;0
3112;0
3113;0
3114;0
3115;0
3116;0
3117;0
3118;0
3119;0
3120;0
3121;0
3122;0
3123;0
3124;0
3125;0
3126;0
3127;0
3128;0
3129;0
3130;0
3131;0
3132;0
3133;0
3134;0
3135;0
3136;0
3137;0
3138;0
3139;0
3140;0
3141;0
3142;0
3143;0
3144;0
3145;0
3146;0
3147;0
3148;0
3149;0
3150;0
3151;0
3152;0
3153;0
3154;0
3155;0
3156;0
3157;0
3158;0
3159;0
3160;0
3161;0
3162;0
3163;0
3164;0
3165;0
3166;0
3167;0
3168;0
3169;0
3170;0
3171;0
3172;0
3173;0
3174;0
3175;0
3176;0
3177;0
3178;0
3179;0
3180;0
3181;0
3182;0
3183;0
3184;0
3185;0
3186;0
3187;0
3188;0
3189;0
3190;0
3191;0
3192;0
3193;0
3194;0
3195;0
3196;0
3197;0
3198;0
3199;0
3200;0
3201;0
3202;0
3203;0
3204;0
3205;0
3206;0
3207;0
3208;0
3209;0
3210;0
3211;0
3212;0
3213;0
3214;0
3215;0
3216;0
3217;0
3218;0
3219;0
3220;0
3221;0
3222;0
3223;0
3224;0
3225;0
3226;0
3227;0
3228;0
3229;0
3230;0
3231;0
3232;0
3233;0
3234;0
3235;0
3236;0
3237;0
3238;0
3239;0
3240;0
3241;0
3242;0
3243;0
3244;0
3245;0
3246;0
3247;0
3248;0
3249;0
3250;0
3251;0
3252;0
3253;0
3254;0
3255;0
3256;0
3257;0
3258;0
3259;0
3260;0
3261;0
3262;0
3263;0
3264;0
3265;0
3266;0
3267;0
3268;0
3269;0
3270;0
3271;0
3272;0
3273;0
3274;0
3275;0
3276;0
3277;0
3278;0
3279;0
3280;0
3281;0
3282;0
3283;0
3284;0
3285;0
3286;0
3287;0
3288;0
3289;0
3290;0
3291;0
3292;0
3293;0
3294;0
3295;0
3296;0
3297;0
3298;0
3299;0
3300;0
3301;0
3302;0
3303;0
3304;0
3305;0
3306;0
3307;0
3308;0
3309;0
3310;0
3311;0
3312;0
3313;0
3314;0
3315;0
3316;0
3317;0
3318;0
3319;0
3320;0
3321;0
3322;0
3323;0
3324;0
3325;0
3326;0
3327;0
3328;0
3329;0
3330;0
3331;0
3332;0
3333;0
3334;0
3335;0
3336;0
3337;0
3338;0
3339;0
3340;0
3341;0
3342;0
3343;0
3344;0
3345;0
3346;0
3347;0
3348;0
3349;0
3350;0
3351;0
3352;0
3353;0
3354;0
3355;0
3356;0
3357;0
3358;0
3359;0
3360;0
3361;0
3362;0
3363;0
3364;0
3365;0
3366;0
3367;0
3368;0
3369;0
3370;0
3371;0
3372;0
3373;0
3374;0
3375;0
3376;0
3377;0
3378;0
3379;0
3380;0
3381;0
3382;0
3383;0
3384;0
3385;0
3386;0
3387;0
3388;0
3389;0
3390;0
3391;0
3392;0
3393;0
3394;0
3395;0
3396;0
3397;0
3398;0
3399;0
3400;0
3401;0
3402;0
3403;0
3404;0
3405;0
3406;0
3407;0
3408;0
3409;0
3410;0
3411;0
3412;0
3413;0
3414;0
3415;0
3416;0
3417;0
3418;0
3419;0
3420;0
3421;0
3422;0
3423;0
3424;0
3425;0
3426;0
3427;0
3428;0
3429;0
3430;0
3431;0
3432;0
3433;0
3434;0
3435;0
3436;0
3437;0
3438;0
3439;0
3440;0
3441;0
3442;0
3443;0
3444;0
3445;0
3446;0
3447;0
3448;0
3449;0
3450;0
3451;0
3452;0
3453;0
3454;0
3455;0
3456;0
3457;0
3458;0
3459;0
3460;0
3461;0
3462;0
3463;0
3464;0
3465;0
3466;0
3467;0
3468;0
3469;0
3470;0
3471;0
3472;0
3473;0
3474;0
3475;0
3476;0
3477;0
3478;0
3479;0
3480;0
3481;0
3482;0
3483;0
3484;0
3485;0
3486;0
3487;0
3488;0
3489;0
3490;0
3491;0
3492;0
3493;0
3494;0
3495;0
3496;0
3497;0
3498;0
3499;0
3500;0
3501;0
3502;0
3503;0
3504;0
3505;0
3506;0
3507;0
3508;0
3509;0
3510;0
3511;0
3512;0
3513;0
3514;0
3515;0
3516;0
3517;0
3518;0
3519;0
3520;0
3521;0
3522;0
3523;0
3524;0
3525;0
3526;0
3527;0
3528;0
3529;0
3530;0
3531;0
3532;0
3533;0
3534;0
3535;0
3536;0
3537;0
3538;0
3539;0
3540;0
3541;0
3542;0
3543;0
3544;0
3545;0
3546;0
3547;0
3548;0
3549;0
3550;0
3551;0
3552;0
3553;0
3554;0
3555;0
3556;0
3557;0
3558;0
3559;0
3560;0
3561;0
3562;0
3563;0
3564;0
3565;0
3566;0
3567;0
3568;0
3569;0
3570;0
3571;0
3572;0
3573;0
3574;0
3575;0
3576;0
3577;0
3578;0
3579;0
3580;0
3581;0
3582;0
3583;0
3584;0
3585;0
3586;0
3587;0
3588;0
3589;0
3590;0
3591;0
3592;0
3593;0
3594;0
3595;0
3596;0
3597;0
3598;0
3599;0
3600;0
3601;0
3602;0
3603;0
3604;0
3605;0
3606;0
3607;0
3608;0
3609;0
3610;0
3611;0
3612;0
3613;0
3614;0
3615;0
3616;0
3617;0
3618;0
3619;0
3620;0
3621;0
3622;0
3623;0
3624;0
3625;0
3626;0
3627;0
3628;0
3629;0
3630;0
3631;0
3632;0
3633;0
3634;0
3635;0
3636;0
3637;0
3638;0
3639;0
3640;0
3641;0
3642;0
3643;0
3644;0
3645;0
3646;0
3647;0
3648;0
3649;0
3650;0
3651;0
3652;0
3653;0
3654;0
3655;0
3656;0
3657;0
3658;0
3659;0
3660;0
3661;0
3662;0
3663;0
3664;0
3665;0
3666;0
3667;0
3668;0
3669;0
3670;0
3671;0
3672;0
3673;0
3674;0
3675;0
3676;0
3677;0
3678;0
3679;0
3680;0
3681;0
3682;0
3683;0
3684;0
3685;0
3686;0
3687;0
3688;0
3689;0
3690;0
3691;0
3692;0
3693;0
3694;0
3695;0
3696;0
3697;0
3698;0
3699;0
3700;0
3701;0
3702;0
3703;0
3704;0
3705;0
3706;0
3707;0
3708;0
3709;0
3710;0
3711;0
3712;0
3713;0
3714;0
3715;0
3716;0
3717;0
3718;0
3719;0
3720;0
3721;0
3722;0
3723;0
3724;0
3725;0
3726;0
3727;0
3728;0
3729;0
3730;0
3731;0
3732;0
3733;0
3734;0
3735;0
3736;0
3737;0
3738;0
3739;0
3740;0
3741;0
3742;0
3743;0
3744;0
3745;0
3746;0
3747;0
3748;0
3749;0
3750;0
3751;0
3752;0
3753;0
3754;0
3755;0
3756;0
3757;0
3758;0
3759;0
3760;0
3761;0
3762;0
3763;0
3764;0
3765;0
3766;0
3767;0
3768;0
3769;0
3770;0
3771;0
3772;0
3773;0
3774;0
3775;0
3776;0
3777;0
3778;0
3779;0
3780;0
3781;0
3782;0
3783;0
3784;0
3785;0
3786;0
3787;0
3788;0
3789;0
3790;0
3791;0
3792;0
3793;0
3794;0
3795;0
3796;0
3797;0
3798;0
3799;0
3800;0
3801;0
3802;0
3803;0
3804;0
3805;0
3806;0
3807;0
3808;0
3809;0
3810;0
3811;0
3812;0
3813;0
3814;0
3815;0
3816;0
3817;0
3818;0
3819;0
3820;0
3821;0
3822;0
3823;0
3824;0
3825;0
3826;0
3827;0
3828;0
3829;0
3830;0
3831;0
3832;0
3833;0
3834;0
3835;0
3836;0
3837;0
3838;0
3839;0
3840;0
3841;0
3842;0
3843;0
3844;0
3845;0
3846;0
3847;0
3848;0
3849;0
3850;0
3851;0
3852;0
3853;0
3854;0
3855;0
3856;0
3857;0
3858;0
3859;0
3860;0
3861;0
3862;0
3863;0
3864;0
3865;0
3866;0
3867;0
3868;0
3869;0
3870;0
3871;0
3872;0
3873;0
3874;0
3875;0
3876;0
3877;0
3878;0
3879;0
3880;0
3881;0
3882;0
3883;0
3884;0
3885;0
3886;0
3887;0
3888;0
3889;0
3890;0
3891;0
3892;0
3893;0
3894;0
3895;0
3896;0
3897;0
3898;0
3899;0
3900;0
3901;0
3902;0
3903;0
3904;0
3905;0
3906;0
3907;0
3908;0
3909;0
3910;0
3911;0
3912;0
3913;0
3914;0
3915;0
3916;0
3917;0
3918;0
3919;0
3920;0
3921;0
3922;0
3923;0
3924;0
3925;0
3926;0
3927;0
3928;0
3929;0
3930;0
3931;0
3932;0
3933;0
3934;0
3935;0
3936;0
3937;0
3938;0
3939;0
3940;0
3941;0
3942;0
3943;0
3944;0
3945;0
3946;0
3947;0
3948;0
3949;0
3950;0
3951;0
3952;0
3953;0
3954;0
3955;0
3956;0
3957;0
3958;0
3959;0
3960;0
3961;0
3962;0
3963;0
3964;0
3965;0
3966;0
3967;0
3968;0
3969;0
3970;0
3971;0
3972;0
3973;0
3974;0
3975;0
3976;0
3977;0
3978;0
3979;0
3980;0
3981;0
3982;0
3983;0
3984;0
3985;0
3986;0
3987;0
3988;0
3989;0
3990;0
3991;0
3992;0
3993;0
3994;0
3995;0
3996;0
3997;0
3998;0
3999;0
4000;0
4001;0
4002;0
4003;0
4004;0
4005;0
4006;0
4007;0
4008;0
4009;0
4010;0
4011;0
4012;0
4013;0
4014;0
4015;0
4016;0
4017;0
4018;0
4019;0
4020;0
4021;0
4022;0
4023;0
4024;0
4025;0
4026;0
4027;0
4028;0
4029;0
4030;0
4031;0
4032;0
4033;0
4034;0
4035;0
4036;0
4037;0
4038;0
4039;0
4040;0
4041;0
4042;0
4043;0
4044;0
4045;0
4046;0
4047;0
4048;0
4049;0
4050;0
4051;0
4052;0
4053;0
4054;0
4055;0
4056;0
4057;0
4058;0
4059;0
4060;0
4061;0
4062;0
4063;0
4064;0
4065;0
4066;0
4067;0
4068;0
4069;0
4070;0
4071;0
4072;0
4073;0
4074;0
4075;0
4076;0
4077;0
4078;0
4079;0
4080;0
4081;0
4082;0
4083;0
4084;0
4085;0
4086;0
4087;0
4088;0
4089;0
4090;0
4091;0
4092;0
4093;0
4094;0
4095;0
4096;0
