L 64,p 0.585200,Z 100000
/* Tamanio de cluster; Ocurrencias de cada tamaño de cluster */
1;7738454
2;1691258
3;1015641
4;661991
5;465659
6;345318
7;266731
8;213263
9;174597
10;146162
11;124265
12;107823
13;93675
14;82835
15;73324
16;65618
17;59108
18;53290
19;49038
20;45010
21;41251
22;37885
23;35307
24;32460
25;30810
26;28587
27;26678
28;24900
29;23450
30;22299
31;20924
32;19663
33;18882
34;17947
35;16867
36;16144
37;15596
38;14604
39;13984
40;13395
41;12706
42;12586
43;11779
44;11442
45;11069
46;10820
47;10260
48;9820
49;9524
50;9319
51;8902
52;8444
53;8334
54;8185
55;7881
56;7525
57;7295
58;7084
59;6899
60;6890
61;6510
62;6512
63;6107
64;5967
65;5858
66;5678
67;5621
68;5449
69;5433
70;5259
71;5056
72;4850
73;4712
74;4692
75;4601
76;4488
77;4431
78;4390
79;4227
80;4124
81;3915
82;3913
83;3908
84;3805
85;3781
86;3596
87;3625
88;3604
89;3448
90;3412
91;3335
92;3226
93;3036
94;3213
95;3051
96;2973
97;2978
98;2994
99;2785
100;2705
101;2764
102;2781
103;2627
104;2546
105;2622
106;2581
107;2537
108;2464
109;2392
110;2403
111;2343
112;2335
113;2346
114;2281
115;2212
116;2158
117;2233
118;2044
119;2142
120;2078
121;2044
122;2030
123;1988
124;2007
125;1985
126;1971
127;1928
128;1962
129;1781
130;1771
131;1668
132;1738
133;1711
134;1779
135;1712
136;1697
137;1678
138;1671
139;1672
140;1593
141;1642
142;1592
143;1526
144;1544
145;1515
146;1487
147;1474
148;1488
149;1489
150;1420
151;1425
152;1364
153;1405
154;1438
155;1335
156;1367
157;1339
158;1318
159;1417
160;1280
161;1285
162;1264
163;1252
164;1187
165;1220
166;1236
167;1191
168;1168
169;1220
170;1179
171;1186
172;1093
173;1097
174;1156
175;1147
176;1138
177;1089
178;1000
179;1070
180;1028
181;1086
182;1045
183;1023
184;1016
185;993
186;960
187;1020
188;993
189;943
190;986
191;976
192;924
193;962
194;904
195;936
196;948
197;904
198;919
199;949
200;864
201;868
202;894
203;884
204;808
205;843
206;850
207;872
208;806
209;848
210;871
211;762
212;793
213;757
214;812
215;810
216;780
217;770
218;808
219;769
220;781
221;795
222;704
223;708
224;733
225;735
226;754
227;702
228;674
229;705
230;674
231;690
232;706
233;676
234;735
235;698
236;685
237;697
238;667
239;662
240;641
241;645
242;616
243;607
244;657
245;679
246;621
247;615
248;619
249;605
250;611
251;611
252;622
253;631
254;633
255;591
256;576
257;614
258;575
259;600
260;610
261;551
262;564
263;560
264;594
265;564
266;599
267;511
268;558
269;515
270;524
271;555
272;546
273;538
274;507
275;523
276;532
277;524
278;488
279;479
280;480
281;541
282;503
283;512
284;487
285;509
286;468
287;472
288;455
289;469
290;454
291;507
292;428
293;427
294;487
295;494
296;460
297;456
298;486
299;428
300;434
301;443
302;464
303;439
304;429
305;469
306;421
307;416
308;428
309;463
310;456
311;408
312;426
313;387
314;435
315;432
316;426
317;405
318;415
319;396
320;426
321;381
322;425
323;447
324;427
325;417
326;430
327;365
328;397
329;393
330;386
331;393
332;352
333;416
334;379
335;403
336;394
337;356
338;368
339;427
340;347
341;353
342;394
343;382
344;365
345;326
346;352
347;359
348;313
349;364
350;328
351;360
352;369
353;349
354;314
355;331
356;324
357;338
358;320
359;332
360;331
361;346
362;316
363;349
364;305
365;324
366;377
367;305
368;308
369;317
370;319
371;300
372;271
373;302
374;297
375;322
376;320
377;329
378;306
379;297
380;322
381;306
382;295
383;336
384;309
385;326
386;303
387;315
388;300
389;320
390;298
391;292
392;308
393;292
394;291
395;295
396;304
397;311
398;311
399;273
400;277
401;280
402;257
403;274
404;264
405;269
406;270
407;242
408;247
409;244
410;245
411;278
412;255
413;271
414;257
415;288
416;226
417;249
418;230
419;260
420;270
421;255
422;222
423;262
424;237
425;250
426;229
427;237
428;267
429;258
430;240
431;252
432;263
433;267
434;253
435;241
436;264
437;244
438;261
439;274
440;223
441;252
442;250
443;234
444;235
445;222
446;254
447;240
448;204
449;221
450;248
451;265
452;217
453;228
454;225
455;223
456;221
457;227
458;210
459;234
460;259
461;231
462;229
463;214
464;229
465;208
466;235
467;203
468;203
469;199
470;201
471;181
472;219
473;228
474;200
475;209
476;179
477;209
478;224
479;216
480;194
481;196
482;226
483;228
484;219
485;226
486;193
487;231
488;207
489;197
490;198
491;202
492;203
493;187
494;190
495;179
496;212
497;184
498;195
499;191
500;186
501;155
502;211
503;199
504;195
505;208
506;180
507;177
508;173
509;191
510;180
511;207
512;178
513;185
514;164
515;201
516;175
517;190
518;190
519;180
520;182
521;178
522;200
523;181
524;209
525;155
526;163
527;180
528;178
529;190
530;193
531;184
532;150
533;196
534;184
535;176
536;181
537;155
538;173
539;171
540;178
541;168
542;162
543;155
544;149
545;188
546;161
547;164
548;176
549;197
550;172
551;153
552;162
553;161
554;162
555;153
556;167
557;131
558;150
559;154
560;159
561;172
562;162
563;161
564;138
565;162
566;166
567;170
568;175
569;143
570;149
571;172
572;147
573;175
574;185
575;152
576;137
577;169
578;170
579;167
580;146
581;155
582;161
583;130
584;147
585;177
586;143
587;155
588;160
589;150
590;159
591;156
592;163
593;149
594;132
595;151
596;143
597;155
598;144
599;156
600;149
601;133
602;159
603;139
604;144
605;153
606;137
607;173
608;129
609;146
610;124
611;138
612;147
613;147
614;131
615;150
616;140
617;143
618;134
619;152
620;129
621;148
622;138
623;167
624;128
625;124
626;141
627;153
628;146
629;134
630;128
631;132
632;144
633;113
634;134
635;124
636;116
637;154
638;134
639;141
640;115
641;117
642;126
643;113
644;133
645;123
646;125
647;132
648;135
649;115
650;111
651;131
652;117
653;111
654;105
655;126
656;115
657;134
658;129
659;134
660;143
661;115
662;104
663;129
664;96
665;116
666;106
667;114
668;98
669;112
670;128
671;111
672;108
673;111
674;108
675;115
676;132
677;125
678;118
679;121
680;116
681;124
682;106
683;130
684;99
685;105
686;113
687;110
688;111
689;120
690;114
691;101
692;117
693;136
694;105
695;116
696;101
697;102
698;119
699;98
700;107
701;122
702;132
703;105
704;114
705;97
706;121
707;89
708;108
709;108
710;114
711;117
712;101
713;137
714;106
715;111
716;121
717;97
718;120
719;110
720;97
721;102
722;114
723;79
724;90
725;121
726;97
727;104
728;97
729;118
730;100
731;104
732;123
733;121
734;116
735;96
736;104
737;112
738;91
739;100
740;106
741;113
742;100
743;102
744;98
745;94
746;122
747;121
748;92
749;102
750;109
751;93
752;87
753;88
754;119
755;105
756;101
757;94
758;94
759;90
760;93
761;84
762;97
763;79
764;98
765;90
766;80
767;88
768;93
769;88
770;91
771;101
772;96
773;84
774;92
775;95
776;102
777;99
778;79
779;95
780;99
781;95
782;84
783;94
784;81
785;91
786;89
787;91
788;72
789;85
790;88
791;89
792;110
793;79
794;87
795;96
796;70
797;93
798;81
799;80
800;94
801;92
802;99
803;94
804;78
805;74
806;82
807;89
808;76
809;80
810;100
811;82
812;95
813;70
814;92
815;74
816;101
817;85
818;89
819;73
820;85
821;87
822;71
823;71
824;92
825;80
826;91
827;81
828;75
829;83
830;91
831;88
832;98
833;82
834;84
835;83
836;75
837;89
838;76
839;69
840;90
841;65
842;76
843;88
844;87
845;78
846;83
847;86
848;73
849;82
850;80
851;87
852;76
853;84
854;79
855;87
856;83
857;77
858;112
859;81
860;72
861;88
862;81
863;85
864;75
865;79
866;58
867;62
868;70
869;67
870;75
871;62
872;72
873;66
874;86
875;62
876;67
877;66
878;68
879;66
880;71
881;65
882;64
883;67
884;77
885;74
886;77
887;63
888;65
889;77
890;58
891;67
892;84
893;57
894;66
895;75
896;64
897;67
898;86
899;72
900;64
901;68
902;69
903;62
904;61
905;67
906;68
907;55
908;60
909;67
910;78
911;56
912;75
913;59
914;65
915;68
916;60
917;49
918;71
919;66
920;71
921;70
922;60
923;57
924;64
925;65
926;58
927;64
928;73
929;73
930;65
931;68
932;67
933;71
934;67
935;54
936;64
937;67
938;51
939;61
940;52
941;59
942;49
943;56
944;50
945;63
946;56
947;62
948;68
949;65
950;58
951;59
952;46
953;72
954;58
955;57
956;74
957;53
958;57
959;71
960;67
961;68
962;70
963;61
964;50
965;62
966;59
967;54
968;33
969;69
970;53
971;54
972;66
973;64
974;47
975;65
976;67
977;51
978;47
979;42
980;51
981;51
982;58
983;54
984;51
985;53
986;48
987;53
988;73
989;55
990;58
991;60
992;51
993;53
994;53
995;68
996;63
997;55
998;56
999;48
1000;60
1001;60
1002;43
1003;48
1004;58
1005;60
1006;45
1007;46
1008;55
1009;56
1010;56
1011;43
1012;57
1013;47
1014;58
1015;49
1016;48
1017;45
1018;42
1019;57
1020;62
1021;50
1022;59
1023;44
1024;48
1025;49
1026;49
1027;42
1028;52
1029;50
1030;47
1031;51
1032;44
1033;51
1034;45
1035;45
1036;50
1037;47
1038;54
1039;48
1040;46
1041;57
1042;59
1043;56
1044;39
1045;67
1046;56
1047;48
1048;46
1049;52
1050;50
1051;43
1052;56
1053;37
1054;57
1055;46
1056;64
1057;42
1058;48
1059;38
1060;37
1061;44
1062;51
1063;49
1064;52
1065;43
1066;44
1067;47
1068;31
1069;42
1070;34
1071;32
1072;71
1073;42
1074;47
1075;57
1076;48
1077;46
1078;35
1079;62
1080;55
1081;29
1082;40
1083;48
1084;45
1085;50
1086;41
1087;38
1088;38
1089;37
1090;36
1091;49
1092;37
1093;49
1094;36
1095;47
1096;52
1097;38
1098;39
1099;43
1100;40
1101;61
1102;43
1103;38
1104;35
1105;39
1106;37
1107;43
1108;53
1109;47
1110;35
1111;38
1112;47
1113;31
1114;35
1115;48
1116;42
1117;43
1118;42
1119;28
1120;34
1121;45
1122;43
1123;34
1124;41
1125;33
1126;29
1127;38
1128;32
1129;36
1130;40
1131;45
1132;32
1133;36
1134;38
1135;40
1136;35
1137;33
1138;41
1139;36
1140;50
1141;39
1142;27
1143;34
1144;35
1145;25
1146;34
1147;44
1148;28
1149;38
1150;28
1151;35
1152;52
1153;25
1154;29
1155;35
1156;42
1157;31
1158;36
1159;34
1160;38
1161;34
1162;31
1163;32
1164;42
1165;45
1166;37
1167;33
1168;29
1169;37
1170;31
1171;36
1172;38
1173;32
1174;29
1175;29
1176;36
1177;28
1178;32
1179;27
1180;28
1181;33
1182;45
1183;35
1184;32
1185;39
1186;43
1187;38
1188;35
1189;34
1190;34
1191;27
1192;34
1193;23
1194;33
1195;27
1196;25
1197;31
1198;32
1199;38
1200;33
1201;35
1202;28
1203;26
1204;41
1205;33
1206;30
1207;32
1208;28
1209;36
1210;29
1211;34
1212;27
1213;40
1214;33
1215;35
1216;35
1217;22
1218;30
1219;36
1220;27
1221;25
1222;29
1223;23
1224;27
1225;21
1226;24
1227;27
1228;41
1229;30
1230;32
1231;34
1232;35
1233;20
1234;30
1235;22
1236;30
1237;30
1238;20
1239;23
1240;25
1241;29
1242;29
1243;39
1244;37
1245;27
1246;24
1247;34
1248;24
1249;25
1250;28
1251;21
1252;19
1253;24
1254;23
1255;18
1256;23
1257;19
1258;28
1259;24
1260;25
1261;31
1262;17
1263;21
1264;24
1265;37
1266;25
1267;24
1268;19
1269;25
1270;20
1271;28
1272;20
1273;24
1274;27
1275;27
1276;25
1277;28
1278;22
1279;23
1280;23
1281;21
1282;29
1283;27
1284;21
1285;26
1286;15
1287;33
1288;26
1289;16
1290;15
1291;20
1292;26
1293;14
1294;25
1295;23
1296;25
1297;23
1298;24
1299;20
1300;24
1301;21
1302;23
1303;22
1304;29
1305;28
1306;30
1307;12
1308;18
1309;16
1310;18
1311;18
1312;13
1313;17
1314;23
1315;21
1316;20
1317;15
1318;28
1319;27
1320;22
1321;10
1322;25
1323;16
1324;22
1325;23
1326;15
1327;17
1328;14
1329;16
1330;16
1331;21
1332;17
1333;26
1334;20
1335;20
1336;18
1337;12
1338;20
1339;32
1340;18
1341;14
1342;25
1343;16
1344;13
1345;20
1346;19
1347;20
1348;24
1349;17
1350;14
1351;21
1352;8
1353;21
1354;11
1355;20
1356;16
1357;20
1358;17
1359;20
1360;24
1361;20
1362;21
1363;13
1364;12
1365;14
1366;17
1367;11
1368;8
1369;15
1370;15
1371;18
1372;15
1373;14
1374;21
1375;17
1376;21
1377;16
1378;16
1379;15
1380;10
1381;19
1382;18
1383;16
1384;16
1385;17
1386;17
1387;13
1388;16
1389;20
1390;19
1391;14
1392;13
1393;14
1394;9
1395;12
1396;16
1397;15
1398;13
1399;11
1400;12
1401;9
1402;13
1403;8
1404;11
1405;14
1406;14
1407;18
1408;12
1409;12
1410;10
1411;14
1412;12
1413;15
1414;14
1415;5
1416;9
1417;12
1418;11
1419;15
1420;12
1421;8
1422;8
1423;12
1424;12
1425;10
1426;17
1427;9
1428;16
1429;16
1430;18
1431;15
1432;17
1433;11
1434;13
1435;4
1436;10
1437;8
1438;8
1439;11
1440;13
1441;11
1442;10
1443;14
1444;15
1445;13
1446;11
1447;19
1448;9
1449;10
1450;14
1451;6
1452;5
1453;10
1454;11
1455;8
1456;13
1457;8
1458;8
1459;6
1460;12
1461;13
1462;14
1463;5
1464;10
1465;17
1466;9
1467;9
1468;14
1469;5
1470;6
1471;13
1472;10
1473;10
1474;10
1475;11
1476;12
1477;7
1478;4
1479;5
1480;16
1481;6
1482;9
1483;3
1484;7
1485;6
1486;6
1487;4
1488;8
1489;4
1490;10
1491;3
1492;7
1493;8
1494;13
1495;11
1496;10
1497;9
1498;9
1499;8
1500;11
1501;4
1502;6
1503;8
1504;8
1505;9
1506;6
1507;7
1508;13
1509;9
1510;5
1511;6
1512;7
1513;5
1514;9
1515;4
1516;8
1517;5
1518;4
1519;9
1520;3
1521;5
1522;3
1523;6
1524;9
1525;5
1526;8
1527;4
1528;3
1529;9
1530;3
1531;8
1532;6
1533;10
1534;8
1535;8
1536;7
1537;10
1538;4
1539;6
1540;4
1541;2
1542;4
1543;5
1544;5
1545;6
1546;1
1547;5
1548;3
1549;6
1550;0
1551;3
1552;6
1553;6
1554;10
1555;3
1556;2
1557;12
1558;4
1559;2
1560;9
1561;6
1562;4
1563;6
1564;6
1565;4
1566;6
1567;5
1568;7
1569;9
1570;5
1571;3
1572;8
1573;8
1574;1
1575;6
1576;2
1577;6
1578;4
1579;1
1580;4
1581;6
1582;5
1583;7
1584;9
1585;3
1586;8
1587;4
1588;1
1589;3
1590;4
1591;4
1592;3
1593;2
1594;2
1595;3
1596;8
1597;2
1598;3
1599;2
1600;2
1601;8
1602;5
1603;2
1604;3
1605;4
1606;2
1607;1
1608;1
1609;6
1610;3
1611;3
1612;9
1613;6
1614;2
1615;7
1616;1
1617;1
1618;2
1619;3
1620;4
1621;6
1622;3
1623;3
1624;5
1625;4
1626;3
1627;4
1628;2
1629;1
1630;4
1631;1
1632;1
1633;5
1634;3
1635;2
1636;3
1637;2
1638;1
1639;6
1640;1
1641;2
1642;5
1643;3
1644;3
1645;2
1646;3
1647;0
1648;1
1649;1
1650;2
1651;1
1652;1
1653;1
1654;3
1655;3
1656;3
1657;4
1658;1
1659;2
1660;3
1661;2
1662;2
1663;3
1664;1
1665;4
1666;3
1667;1
1668;2
1669;3
1670;3
1671;2
1672;1
1673;0
1674;3
1675;0
1676;4
1677;2
1678;3
1679;1
1680;6
1681;0
1682;2
1683;0
1684;2
1685;2
1686;2
1687;1
1688;2
1689;1
1690;1
1691;1
1692;3
1693;2
1694;0
1695;2
1696;1
1697;1
1698;2
1699;1
1700;0
1701;3
1702;3
1703;3
1704;2
1705;0
1706;0
1707;2
1708;0
1709;4
1710;0
1711;1
1712;1
1713;3
1714;0
1715;2
1716;0
1717;1
1718;0
1719;4
1720;2
1721;2
1722;0
1723;1
1724;1
1725;0
1726;2
1727;3
1728;2
1729;0
1730;0
1731;0
1732;0
1733;2
1734;0
1735;3
1736;1
1737;0
1738;3
1739;2
1740;1
1741;3
1742;0
1743;2
1744;1
1745;0
1746;1
1747;0
1748;0
1749;0
1750;1
1751;1
1752;0
1753;0
1754;0
1755;0
1756;2
1757;0
1758;1
1759;0
1760;1
1761;2
1762;0
1763;1
1764;1
1765;0
1766;1
1767;0
1768;0
1769;1
1770;0
1771;1
1772;1
1773;0
1774;0
1775;0
1776;0
1777;0
1778;1
1779;0
1780;1
1781;0
1782;0
1783;0
1784;1
1785;0
1786;1
1787;0
1788;0
1789;0
1790;0
1791;0
1792;0
1793;0
1794;0
1795;2
1796;0
1797;0
1798;1
1799;0
1800;0
1801;3
1802;0
1803;0
1804;0
1805;0
1806;0
1807;0
1808;0
1809;0
1810;0
1811;0
1812;0
1813;0
1814;1
1815;0
1816;0
1817;0
1818;1
1819;0
1820;2
1821;0
1822;2
1823;0
1824;1
1825;0
1826;0
1827;0
1828;0
1829;1
1830;1
1831;0
1832;0
1833;0
1834;0
1835;0
1836;0
1837;1
1838;0
1839;0
1840;0
1841;1
1842;0
1843;0
1844;0
1845;1
1846;0
1847;0
1848;1
1849;0
1850;0
1851;1
1852;2
1853;0
1854;0
1855;0
1856;0
1857;0
1858;0
1859;1
1860;1
1861;0
1862;1
1863;0
1864;0
1865;1
1866;0
1867;0
1868;0
1869;0
1870;0
1871;0
1872;0
1873;0
1874;0
1875;0
1876;0
1877;0
1878;0
1879;0
1880;0
1881;0
1882;0
1883;0
1884;0
1885;1
1886;0
1887;0
1888;0
1889;1
1890;0
1891;0
1892;0
1893;0
1894;0
1895;0
1896;0
1897;0
1898;0
1899;0
1900;0
1901;0
1902;0
1903;0
1904;0
1905;0
1906;0
1907;0
1908;0
1909;0
1910;0
1911;0
1912;0
1913;0
1914;0
1915;0
1916;0
1917;1
1918;0
1919;0
1920;0
1921;0
1922;0
1923;0
1924;0
1925;1
1926;0
1927;0
1928;0
1929;0
1930;0
1931;0
1932;0
1933;0
1934;0
1935;0
1936;0
1937;0
1938;0
1939;0
1940;0
1941;0
1942;0
1943;0
1944;0
1945;0
1946;0
1947;0
1948;0
1949;0
1950;0
1951;0
1952;0
1953;0
1954;0
1955;0
1956;0
1957;1
1958;0
1959;0
1960;0
1961;0
1962;0
1963;0
1964;0
1965;0
1966;0
1967;0
1968;0
1969;0
1970;0
1971;0
1972;0
1973;0
1974;0
1975;0
1976;0
1977;0
1978;0
1979;0
1980;0
1981;0
1982;0
1983;0
1984;0
1985;0
1986;0
1987;0
1988;0
1989;0
1990;0
1991;0
1992;0
1993;0
1994;0
1995;0
1996;0
1997;0
1998;0
1999;0
2000;0
2001;0
2002;0
2003;0
2004;0
2005;0
2006;0
2007;0
2008;0
2009;0
2010;0
2011;0
2012;0
2013;0
2014;0
2015;0
2016;0
2017;0
2018;0
2019;0
2020;0
2021;0
2022;0
2023;0
2024;0
2025;0
2026;0
2027;0
2028;0
2029;0
2030;0
2031;0
2032;0
2033;0
2034;0
2035;0
2036;0
2037;0
2038;0
2039;0
2040;0
2041;0
2042;0
2043;0
2044;0
2045;0
2046;0
2047;0
2048;0
2049;0
2050;0
2051;0
2052;0
2053;0
2054;0
2055;0
2056;0
2057;0
2058;0
2059;0
2060;0
2061;0
2062;0
2063;0
2064;0
2065;0
2066;0
2067;0
2068;0
2069;0
2070;0
2071;0
2072;0
2073;0
2074;0
2075;0
2076;0
2077;0
2078;0
2079;0
2080;0
2081;0
2082;0
2083;0
2084;0
2085;0
2086;0
2087;0
2088;0
2089;0
2090;0
2091;0
2092;0
2093;0
2094;0
2095;0
2096;0
2097;0
2098;0
2099;0
2100;0
2101;0
2102;0
2103;0
2104;0
2105;0
2106;0
2107;0
2108;0
2109;0
2110;0
2111;0
2112;0
2113;0
2114;0
2115;0
2116;0
2117;0
2118;0
2119;0
2120;0
2121;0
2122;0
2123;0
2124;0
2125;0
2126;0
2127;0
2128;0
2129;0
2130;0
2131;0
2132;0
2133;0
2134;0
2135;0
2136;0
2137;0
2138;0
2139;0
2140;0
2141;0
2142;0
2143;0
2144;0
2145;0
2146;0
2147;0
2148;0
2149;0
2150;0
2151;0
2152;0
2153;0
2154;0
2155;0
2156;0
2157;0
2158;0
2159;0
2160;0
2161;0
2162;0
2163;0
2164;0
2165;0
2166;0
2167;0
2168;0
2169;0
2170;0
2171;0
2172;0
2173;0
2174;0
2175;0
2176;0
2177;0
2178;0
2179;0
2180;0
2181;0
2182;0
2183;0
2184;0
2185;0
2186;0
2187;0
2188;0
2189;0
2190;0
2191;0
2192;0
2193;0
2194;0
2195;0
2196;0
2197;0
2198;0
2199;0
2200;0
2201;0
2202;0
2203;0
2204;0
2205;0
2206;0
2207;0
2208;0
2209;0
2210;0
2211;0
2212;0
2213;0
2214;0
2215;0
2216;0
2217;0
2218;0
2219;0
2220;0
2221;0
2222;0
2223;0
2224;0
2225;0
2226;0
2227;0
2228;0
2229;0
2230;0
2231;0
2232;0
2233;0
2234;0
2235;0
2236;0
2237;0
2238;0
2239;0
2240;0
2241;0
2242;0
2243;0
2244;0
2245;0
2246;0
2247;0
2248;0
2249;0
2250;0
2251;0
2252;0
2253;0
2254;0
2255;0
2256;0
2257;0
2258;0
2259;0
2260;0
2261;0
2262;0
2263;0
2264;0
2265;0
2266;0
2267;0
2268;0
2269;0
2270;0
2271;0
2272;0
2273;0
2274;0
2275;0
2276;0
2277;0
2278;0
2279;0
2280;0
2281;0
2282;0
2283;0
2284;0
2285;0
2286;0
2287;0
2288;0
2289;0
2290;0
2291;0
2292;0
2293;0
2294;0
2295;0
2296;0
2297;0
2298;0
2299;0
2300;0
2301;0
2302;0
2303;0
2304;0
2305;0
2306;0
2307;0
2308;0
2309;0
2310;0
2311;0
2312;0
2313;0
2314;0
2315;0
2316;0
2317;0
2318;0
2319;0
2320;0
2321;0
2322;0
2323;0
2324;0
2325;0
2326;0
2327;0
2328;0
2329;0
2330;0
2331;0
2332;0
2333;0
2334;0
2335;0
2336;0
2337;0
2338;0
2339;0
2340;0
2341;0
2342;0
2343;0
2344;0
2345;0
2346;0
2347;0
2348;0
2349;0
2350;0
2351;0
2352;0
2353;0
2354;0
2355;0
2356;0
2357;0
2358;0
2359;0
2360;0
2361;0
2362;0
2363;0
2364;0
2365;0
2366;0
2367;0
2368;0
2369;0
2370;0
2371;0
2372;0
2373;0
2374;0
2375;0
2376;0
2377;0
2378;0
2379;0
2380;0
2381;0
2382;0
2383;0
2384;0
2385;0
2386;0
2387;0
2388;0
2389;0
2390;0
2391;0
2392;0
2393;0
2394;0
2395;0
2396;0
2397;0
2398;0
2399;0
2400;0
2401;0
2402;0
2403;0
2404;0
2405;0
2406;0
2407;0
2408;0
2409;0
2410;0
2411;0
2412;0
2413;0
2414;0
2415;0
2416;0
2417;0
2418;0
2419;0
2420;0
2421;0
2422;0
2423;0
2424;0
2425;0
2426;0
2427;0
2428;0
2429;0
2430;0
2431;0
2432;0
2433;0
2434;0
2435;0
2436;0
2437;0
2438;0
2439;0
2440;0
2441;0
2442;0
2443;0
2444;0
2445;0
2446;0
2447;0
2448;0
2449;0
2450;0
2451;0
2452;0
2453;0
2454;0
2455;0
2456;0
2457;0
2458;0
2459;0
2460;0
2461;0
2462;0
2463;0
2464;0
2465;0
2466;0
2467;0
2468;0
2469;0
2470;0
2471;0
2472;0
2473;0
2474;0
2475;0
2476;0
2477;0
2478;0
2479;0
2480;0
2481;0
2482;0
2483;0
2484;0
2485;0
2486;0
2487;0
2488;0
2489;0
2490;0
2491;0
2492;0
2493;0
2494;0
2495;0
2496;0
2497;0
2498;0
2499;0
2500;0
2501;0
2502;0
2503;0
2504;0
2505;0
2506;0
2507;0
2508;0
2509;0
2510;0
2511;0
2512;0
2513;0
2514;0
2515;0
2516;0
2517;0
2518;0
2519;0
2520;0
2521;0
2522;0
2523;0
2524;0
2525;0
2526;0
2527;0
2528;0
2529;0
2530;0
2531;0
2532;0
2533;0
2534;0
2535;0
2536;0
2537;0
2538;0
2539;0
2540;0
2541;0
2542;0
2543;0
2544;0
2545;0
2546;0
2547;0
2548;0
2549;0
2550;0
2551;0
2552;0
2553;0
2554;0
2555;0
2556;0
2557;0
2558;0
2559;0
2560;0
2561;0
2562;0
2563;0
2564;0
2565;0
2566;0
2567;0
2568;0
2569;0
2570;0
2571;0
2572;0
2573;0
2574;0
2575;0
2576;0
2577;0
2578;0
2579;0
2580;0
2581;0
2582;0
2583;0
2584;0
2585;0
2586;0
2587;0
2588;0
2589;0
2590;0
2591;0
2592;0
2593;0
2594;0
2595;0
2596;0
2597;0
2598;0
2599;0
2600;0
2601;0
2602;0
2603;0
2604;0
2605;0
2606;0
2607;0
2608;0
2609;0
2610;0
2611;0
2612;0
2613;0
2614;0
2615;0
2616;0
2617;0
2618;0
2619;0
2620;0
2621;0
2622;0
2623;0
2624;0
2625;0
2626;0
2627;0
2628;0
2629;0
2630;0
2631;0
2632;0
2633;0
2634;0
2635;0
2636;0
2637;0
2638;0
2639;0
2640;0
2641;0
2642;0
2643;0
2644;0
2645;0
2646;0
2647;0
2648;0
2649;0
2650;0
2651;0
2652;0
2653;0
2654;0
2655;0
2656;0
2657;0
2658;0
2659;0
2660;0
2661;0
2662;0
2663;0
2664;0
2665;0
2666;0
2667;0
2668;0
2669;0
2670;0
2671;0
2672;0
2673;0
2674;0
2675;0
2676;0
2677;0
2678;0
2679;0
2680;0
2681;0
2682;0
2683;0
2684;0
2685;0
2686;0
2687;0
2688;0
2689;0
2690;0
2691;0
2692;0
2693;0
2694;0
2695;0
2696;0
2697;0
2698;0
2699;0
2700;0
2701;0
2702;0
2703;0
2704;0
2705;0
2706;0
2707;0
2708;0
2709;0
2710;0
2711;0
2712;0
2713;0
2714;0
2715;0
2716;0
2717;0
2718;0
2719;0
2720;0
2721;0
2722;0
2723;0
2724;0
2725;0
2726;0
2727;0
2728;0
2729;0
2730;0
2731;0
2732;0
2733;0
2734;0
2735;0
2736;0
2737;0
2738;0
2739;0
2740;0
2741;0
2742;0
2743;0
2744;0
2745;0
2746;0
2747;0
2748;0
2749;0
2750;0
2751;0
2752;0
2753;0
2754;0
2755;0
2756;0
2757;0
2758;0
2759;0
2760;0
2761;0
2762;0
2763;0
2764;0
2765;0
2766;0
2767;0
2768;0
2769;0
2770;0
2771;0
2772;0
2773;0
2774;0
2775;0
2776;0
2777;0
2778;0
2779;0
2780;0
2781;0
2782;0
2783;0
2784;0
2785;0
2786;0
2787;0
2788;0
2789;0
2790;0
2791;0
2792;0
2793;0
2794;0
2795;0
2796;0
2797;0
2798;0
2799;0
2800;0
2801;0
2802;0
2803;0
2804;0
2805;0
2806;0
2807;0
2808;0
2809;0
2810;0
2811;0
2812;0
2813;0
2814;0
2815;0
2816;0
2817;0
2818;0
2819;0
2820;0
2821;0
2822;0
2823;0
2824;0
2825;0
2826;0
2827;0
2828;0
2829;0
2830;0
2831;0
2832;0
2833;0
2834;0
2835;0
2836;0
2837;0
2838;0
2839;0
2840;0
2841;0
2842;0
2843;0
2844;0
2845;0
2846;0
2847;0
2848;0
2849;0
2850;0
2851;0
2852;0
2853;0
2854;0
2855;0
2856;0
2857;0
2858;0
2859;0
2860;0
2861;0
2862;0
2863;0
2864;0
2865;0
2866;0
2867;0
2868;0
2869;0
2870;0
2871;0
2872;0
2873;0
2874;0
2875;0
2876;0
2877;0
2878;0
2879;0
2880;0
2881;0
2882;0
2883;0
2884;0
2885;0
2886;0
2887;0
2888;0
2889;0
2890;0
2891;0
2892;0
2893;0
2894;0
2895;0
2896;0
2897;0
2898;0
2899;0
2900;0
2901;0
2902;0
2903;0
2904;0
2905;0
2906;0
2907;0
2908;0
2909;0
2910;0
2911;0
2912;0
2913;0
2914;0
2915;0
2916;0
2917;0
2918;0
2919;0
2920;0
2921;0
2922;0
2923;0
2924;0
2925;0
2926;0
2927;0
2928;0
2929;0
2930;0
2931;0
2932;0
2933;0
2934;0
2935;0
2936;0
2937;0
2938;0
2939;0
2940;0
2941;0
2942;0
2943;0
2944;0
2945;0
2946;0
2947;0
2948;0
2949;0
2950;0
2951;0
2952;0
2953;0
2954;0
2955;0
2956;0
2957;0
2958;0
2959;0
2960;0
2961;0
2962;0
2963;0
2964;0
2965;0
2966;0
2967;0
2968;0
2969;0
2970;0
2971;0
2972;0
2973;0
2974;0
2975;0
2976;0
2977;0
2978;0
2979;0
2980;0
2981;0
2982;0
2983;0
2984;0
2985;0
2986;0
2987;0
2988;0
2989;0
2990;0
2991;0
2992;0
2993;0
2994;0
2995;0
2996;0
2997;0
2998;0
2999;0
3000;0
3001;0
3002;0
3003;0
3004;0
3005;0
3006;0
3007;0
3008;0
3009;0
3010;0
3011;0
3012;0
3013;0
3014;0
3015;0
3016;0
3017;0
3018;0
3019;0
3020;0
3021;0
3022;0
3023;0
3024;0
3025;0
3026;0
3027;0
3028;0
3029;0
3030;0
3031;0
3032;0
3033;0
3034;0
3035;0
3036;0
3037;0
3038;0
3039;0
3040;0
3041;0
3042;0
3043;0
3044;0
3045;0
3046;0
3047;0
3048;0
3049;0
3050;0
3051;0
3052;0
3053;0
3054;0
3055;0
3056;0
3057;0
3058;0
3059;0
3060;0
3061;0
3062;0
3063;0
3064;0
3065;0
3066;0
3067;0
3068;0
3069;0
3070;0
3071;0
3072;0
3073;0
3074;0
3075;0
3076;0
3077;0
3078;0
3079;0
3080;0
3081;0
3082;0
3083;0
3084;0
3085;0
3086;0
3087;0
3088;0
3089;0
3090;0
3091;0
3092;0
3093;0
3094;0
3095;0
3096;0
3097;0
3098;0
3099;0
3100;0
3101;0
3102;0
3103;0
3104;0
3105;0
3106;0
3107;0
3108;0
3109;0
3110;0
3111;0
3112;0
3113;0
3114;0
3115;0
3116;0
3117;0
3118;0
3119;0
3120;0
3121;0
3122;0
3123;0
3124;0
3125;0
3126;0
3127;0
3128;0
3129;0
3130;0
3131;0
3132;0
3133;0
3134;0
3135;0
3136;0
3137;0
3138;0
3139;0
3140;0
3141;0
3142;0
3143;0
3144;0
3145;0
3146;0
3147;0
3148;0
3149;0
3150;0
3151;0
3152;0
3153;0
3154;0
3155;0
3156;0
3157;0
3158;0
3159;0
3160;0
3161;0
3162;0
3163;0
3164;0
3165;0
3166;0
3167;0
3168;0
3169;0
3170;0
3171;0
3172;0
3173;0
3174;0
3175;0
3176;0
3177;0
3178;0
3179;0
3180;0
3181;0
3182;0
3183;0
3184;0
3185;0
3186;0
3187;0
3188;0
3189;0
3190;0
3191;0
3192;0
3193;0
3194;0
3195;0
3196;0
3197;0
3198;0
3199;0
3200;0
3201;0
3202;0
3203;0
3204;0
3205;0
3206;0
3207;0
3208;0
3209;0
3210;0
3211;0
3212;0
3213;0
3214;0
3215;0
3216;0
3217;0
3218;0
3219;0
3220;0
3221;0
3222;0
3223;0
3224;0
3225;0
3226;0
3227;0
3228;0
3229;0
3230;0
3231;0
3232;0
3233;0
3234;0
3235;0
3236;0
3237;0
3238;0
3239;0
3240;0
3241;0
3242;0
3243;0
3244;0
3245;0
3246;0
3247;0
3248;0
3249;0
3250;0
3251;0
3252;0
3253;0
3254;0
3255;0
3256;0
3257;0
3258;0
3259;0
3260;0
3261;0
3262;0
3263;0
3264;0
3265;0
3266;0
3267;0
3268;0
3269;0
3270;0
3271;0
3272;0
3273;0
3274;0
3275;0
3276;0
3277;0
3278;0
3279;0
3280;0
3281;0
3282;0
3283;0
3284;0
3285;0
3286;0
3287;0
3288;0
3289;0
3290;0
3291;0
3292;0
3293;0
3294;0
3295;0
3296;0
3297;0
3298;0
3299;0
3300;0
3301;0
3302;0
3303;0
3304;0
3305;0
3306;0
3307;0
3308;0
3309;0
3310;0
3311;0
3312;0
3313;0
3314;0
3315;0
3316;0
3317;0
3318;0
3319;0
3320;0
3321;0
3322;0
3323;0
3324;0
3325;0
3326;0
3327;0
3328;0
3329;0
3330;0
3331;0
3332;0
3333;0
3334;0
3335;0
3336;0
3337;0
3338;0
3339;0
3340;0
3341;0
3342;0
3343;0
3344;0
3345;0
3346;0
3347;0
3348;0
3349;0
3350;0
3351;0
3352;0
3353;0
3354;0
3355;0
3356;0
3357;0
3358;0
3359;0
3360;0
3361;0
3362;0
3363;0
3364;0
3365;0
3366;0
3367;0
3368;0
3369;0
3370;0
3371;0
3372;0
3373;0
3374;0
3375;0
3376;0
3377;0
3378;0
3379;0
3380;0
3381;0
3382;0
3383;0
3384;0
3385;0
3386;0
3387;0
3388;0
3389;0
3390;0
3391;0
3392;0
3393;0
3394;0
3395;0
3396;0
3397;0
3398;0
3399;0
3400;0
3401;0
3402;0
3403;0
3404;0
3405;0
3406;0
3407;0
3408;0
3409;0
3410;0
3411;0
3412;0
3413;0
3414;0
3415;0
3416;0
3417;0
3418;0
3419;0
3420;0
3421;0
3422;0
3423;0
3424;0
3425;0
3426;0
3427;0
3428;0
3429;0
3430;0
3431;0
3432;0
3433;0
3434;0
3435;0
3436;0
3437;0
3438;0
3439;0
3440;0
3441;0
3442;0
3443;0
3444;0
3445;0
3446;0
3447;0
3448;0
3449;0
3450;0
3451;0
3452;0
3453;0
3454;0
3455;0
3456;0
3457;0
3458;0
3459;0
3460;0
3461;0
3462;0
3463;0
3464;0
3465;0
3466;0
3467;0
3468;0
3469;0
3470;0
3471;0
3472;0
3473;0
3474;0
3475;0
3476;0
3477;0
3478;0
3479;0
3480;0
3481;0
3482;0
3483;0
3484;0
3485;0
3486;0
3487;0
3488;0
3489;0
3490;0
3491;0
3492;0
3493;0
3494;0
3495;0
3496;0
3497;0
3498;0
3499;0
3500;0
3501;0
3502;0
3503;0
3504;0
3505;0
3506;0
3507;0
3508;0
3509;0
3510;0
3511;0
3512;0
3513;0
3514;0
3515;0
3516;0
3517;0
3518;0
3519;0
3520;0
3521;0
3522;0
3523;0
3524;0
3525;0
3526;0
3527;0
3528;0
3529;0
3530;0
3531;0
3532;0
3533;0
3534;0
3535;0
3536;0
3537;0
3538;0
3539;0
3540;0
3541;0
3542;0
3543;0
3544;0
3545;0
3546;0
3547;0
3548;0
3549;0
3550;0
3551;0
3552;0
3553;0
3554;0
3555;0
3556;0
3557;0
3558;0
3559;0
3560;0
3561;0
3562;0
3563;0
3564;0
3565;0
3566;0
3567;0
3568;0
3569;0
3570;0
3571;0
3572;0
3573;0
3574;0
3575;0
3576;0
3577;0
3578;0
3579;0
3580;0
3581;0
3582;0
3583;0
3584;0
3585;0
3586;0
3587;0
3588;0
3589;0
3590;0
3591;0
3592;0
3593;0
3594;0
3595;0
3596;0
3597;0
3598;0
3599;0
3600;0
3601;0
3602;0
3603;0
3604;0
3605;0
3606;0
3607;0
3608;0
3609;0
3610;0
3611;0
3612;0
3613;0
3614;0
3615;0
3616;0
3617;0
3618;0
3619;0
3620;0
3621;0
3622;0
3623;0
3624;0
3625;0
3626;0
3627;0
3628;0
3629;0
3630;0
3631;0
3632;0
3633;0
3634;0
3635;0
3636;0
3637;0
3638;0
3639;0
3640;0
3641;0
3642;0
3643;0
3644;0
3645;0
3646;0
3647;0
3648;0
3649;0
3650;0
3651;0
3652;0
3653;0
3654;0
3655;0
3656;0
3657;0
3658;0
3659;0
3660;0
3661;0
3662;0
3663;0
3664;0
3665;0
3666;0
3667;0
3668;0
3669;0
3670;0
3671;0
3672;0
3673;0
3674;0
3675;0
3676;0
3677;0
3678;0
3679;0
3680;0
3681;0
3682;0
3683;0
3684;0
3685;0
3686;0
3687;0
3688;0
3689;0
3690;0
3691;0
3692;0
3693;0
3694;0
3695;0
3696;0
3697;0
3698;0
3699;0
3700;0
3701;0
3702;0
3703;0
3704;0
3705;0
3706;0
3707;0
3708;0
3709;0
3710;0
3711;0
3712;0
3713;0
3714;0
3715;0
3716;0
3717;0
3718;0
3719;0
3720;0
3721;0
3722;0
3723;0
3724;0
3725;0
3726;0
3727;0
3728;0
3729;0
3730;0
3731;0
3732;0
3733;0
3734;0
3735;0
3736;0
3737;0
3738;0
3739;0
3740;0
3741;0
3742;0
3743;0
3744;0
3745;0
3746;0
3747;0
3748;0
3749;0
3750;0
3751;0
3752;0
3753;0
3754;0
3755;0
3756;0
3757;0
3758;0
3759;0
3760;0
3761;0
3762;0
3763;0
3764;0
3765;0
3766;0
3767;0
3768;0
3769;0
3770;0
3771;0
3772;0
3773;0
3774;0
3775;0
3776;0
3777;0
3778;0
3779;0
3780;0
3781;0
3782;0
3783;0
3784;0
3785;0
3786;0
3787;0
3788;0
3789;0
3790;0
3791;0
3792;0
3793;0
3794;0
3795;0
3796;0
3797;0
3798;0
3799;0
3800;0
3801;0
3802;0
3803;0
3804;0
3805;0
3806;0
3807;0
3808;0
3809;0
3810;0
3811;0
3812;0
3813;0
3814;0
3815;0
3816;0
3817;0
3818;0
3819;0
3820;0
3821;0
3822;0
3823;0
3824;0
3825;0
3826;0
3827;0
3828;0
3829;0
3830;0
3831;0
3832;0
3833;0
3834;0
3835;0
3836;0
3837;0
3838;0
3839;0
3840;0
3841;0
3842;0
3843;0
3844;0
3845;0
3846;0
3847;0
3848;0
3849;0
3850;0
3851;0
3852;0
3853;0
3854;0
3855;0
3856;0
3857;0
3858;0
3859;0
3860;0
3861;0
3862;0
3863;0
3864;0
3865;0
3866;0
3867;0
3868;0
3869;0
3870;0
3871;0
3872;0
3873;0
3874;0
3875;0
3876;0
3877;0
3878;0
3879;0
3880;0
3881;0
3882;0
3883;0
3884;0
3885;0
3886;0
3887;0
3888;0
3889;0
3890;0
3891;0
3892;0
3893;0
3894;0
3895;0
3896;0
3897;0
3898;0
3899;0
3900;0
3901;0
3902;0
3903;0
3904;0
3905;0
3906;0
3907;0
3908;0
3909;0
3910;0
3911;0
3912;0
3913;0
3914;0
3915;0
3916;0
3917;0
3918;0
3919;0
3920;0
3921;0
3922;0
3923;0
3924;0
3925;0
3926;0
3927;0
3928;0
3929;0
3930;0
3931;0
3932;0
3933;0
3934;0
3935;0
3936;0
3937;0
3938;0
3939;0
3940;0
3941;0
3942;0
3943;0
3944;0
3945;0
3946;0
3947;0
3948;0
3949;0
3950;0
3951;0
3952;0
3953;0
3954;0
3955;0
3956;0
3957;0
3958;0
3959;0
3960;0
3961;0
3962;0
3963;0
3964;0
3965;0
3966;0
3967;0
3968;0
3969;0
3970;0
3971;0
3972;0
3973;0
3974;0
3975;0
3976;0
3977;0
3978;0
3979;0
3980;0
3981;0
3982;0
3983;0
3984;0
3985;0
3986;0
3987;0
3988;0
3989;0
3990;0
3991;0
3992;0
3993;0
3994;0
3995;0
3996;0
3997;0
3998;0
3999;0
4000;0
4001;0
4002;0
4003;0
4004;0
4005;0
4006;0
4007;0
4008;0
4009;0
4010;0
4011;0
4012;0
4013;0
4014;0
4015;0
4016;0
4017;0
4018;0
4019;0
4020;0
4021;0
4022;0
4023;0
4024;0
4025;0
4026;0
4027;0
4028;0
4029;0
4030;0
4031;0
4032;0
4033;0
4034;0
4035;0
4036;0
4037;0
4038;0
4039;0
4040;0
4041;0
4042;0
4043;0
4044;0
4045;0
4046;0
4047;0
4048;0
4049;0
4050;0
4051;0
4052;0
4053;0
4054;0
4055;0
4056;0
4057;0
4058;0
4059;0
4060;0
4061;0
4062;0
4063;0
4064;0
4065;0
4066;0
4067;0
4068;0
4069;0
4070;0
4071;0
4072;0
4073;0
4074;0
4075;0
4076;0
4077;0
4078;0
4079;0
4080;0
4081;0
4082;0
4083;0
4084;0
4085;0
4086;0
4087;0
4088;0
4089;0
4090;0
4091;0
4092;0
4093;0
4094;0
4095;0
4096;0
