L 64,p 0.587900,Z 100000
/* Tamanio de cluster; Ocurrencias de cada tamaño de cluster */
1;7580785
2;1644614
3;987080
4;643469
5;450251
6;332816
7;256795
8;205542
9;166956
10;141027
11;119501
12;103352
13;89810
14;78400
15;70406
16;62925
17;56668
18;51407
19;46539
20;42221
21;39027
22;35862
23;33335
24;30809
25;29209
26;27127
27;25220
28;23836
29;22359
30;20937
31;20107
32;18824
33;17670
34;16904
35;16049
36;15437
37;14774
38;13981
39;13358
40;12798
41;12359
42;11708
43;11322
44;10952
45;10541
46;9906
47;9641
48;9408
49;8958
50;8818
51;8364
52;8114
53;7839
54;7645
55;7251
56;7281
57;6926
58;6762
59;6518
60;6285
61;6213
62;5893
63;5866
64;5650
65;5391
66;5480
67;5216
68;5124
69;4965
70;4734
71;4682
72;4738
73;4626
74;4391
75;4393
76;4343
77;4178
78;4084
79;4029
80;3729
81;3760
82;3675
83;3585
84;3517
85;3511
86;3433
87;3345
88;3305
89;3173
90;3314
91;3097
92;3091
93;2870
94;3013
95;2884
96;2813
97;2845
98;2827
99;2624
100;2681
101;2646
102;2503
103;2531
104;2503
105;2529
106;2404
107;2354
108;2313
109;2274
110;2266
111;2237
112;2249
113;2201
114;2132
115;2109
116;2048
117;2130
118;1966
119;2009
120;1918
121;1945
122;1952
123;1851
124;1784
125;1920
126;1779
127;1783
128;1753
129;1711
130;1715
131;1754
132;1709
133;1657
134;1663
135;1731
136;1462
137;1576
138;1509
139;1532
140;1570
141;1524
142;1446
143;1445
144;1404
145;1418
146;1363
147;1323
148;1307
149;1443
150;1385
151;1402
152;1313
153;1295
154;1302
155;1284
156;1285
157;1198
158;1211
159;1165
160;1201
161;1204
162;1145
163;1187
164;1116
165;1130
166;1128
167;1152
168;1111
169;1055
170;1003
171;1091
172;1098
173;1071
174;1047
175;1061
176;1015
177;1054
178;1018
179;992
180;965
181;977
182;1022
183;929
184;929
185;955
186;939
187;903
188;938
189;967
190;890
191;899
192;895
193;857
194;865
195;887
196;860
197;866
198;826
199;827
200;868
201;786
202;779
203;819
204;797
205;795
206;794
207;781
208;779
209;779
210;754
211;813
212;765
213;743
214;711
215;742
216;728
217;754
218;700
219;704
220;722
221;662
222;670
223;686
224;693
225;698
226;636
227;691
228;629
229;659
230;607
231;611
232;666
233;664
234;626
235;618
236;633
237;604
238;591
239;639
240;648
241;623
242;604
243;602
244;592
245;628
246;607
247;619
248;505
249;600
250;571
251;637
252;562
253;531
254;569
255;549
256;564
257;569
258;557
259;529
260;481
261;523
262;519
263;521
264;507
265;558
266;516
267;521
268;509
269;503
270;465
271;520
272;469
273;492
274;491
275;447
276;506
277;471
278;475
279;462
280;514
281;462
282;478
283;483
284;457
285;431
286;483
287;480
288;450
289;481
290;453
291;470
292;408
293;425
294;449
295;459
296;449
297;432
298;435
299;432
300;413
301;413
302;425
303;426
304;435
305;399
306;416
307;403
308;416
309;416
310;424
311;399
312;405
313;433
314;392
315;382
316;418
317;402
318;399
319;372
320;366
321;371
322;402
323;357
324;390
325;384
326;386
327;375
328;349
329;384
330;402
331;353
332;338
333;342
334;341
335;343
336;379
337;353
338;346
339;368
340;337
341;359
342;340
343;333
344;357
345;336
346;349
347;305
348;338
349;344
350;335
351;334
352;347
353;335
354;347
355;342
356;299
357;326
358;319
359;317
360;328
361;316
362;295
363;314
364;305
365;307
366;297
367;283
368;312
369;309
370;286
371;286
372;291
373;292
374;274
375;281
376;302
377;299
378;307
379;284
380;299
381;273
382;294
383;292
384;293
385;269
386;280
387;303
388;263
389;286
390;265
391;251
392;255
393;266
394;249
395;273
396;278
397;284
398;273
399;274
400;261
401;279
402;278
403;278
404;261
405;254
406;241
407;240
408;247
409;244
410;241
411;285
412;236
413;261
414;274
415;242
416;251
417;259
418;232
419;215
420;237
421;270
422;255
423;251
424;218
425;232
426;244
427;247
428;241
429;218
430;255
431;215
432;232
433;247
434;251
435;211
436;237
437;221
438;219
439;232
440;217
441;222
442;230
443;219
444;203
445;221
446;241
447;217
448;220
449;214
450;235
451;219
452;281
453;228
454;236
455;234
456;197
457;206
458;208
459;237
460;230
461;220
462;219
463;207
464;236
465;198
466;221
467;219
468;206
469;231
470;181
471;190
472;207
473;189
474;189
475;214
476;217
477;184
478;205
479;201
480;176
481;200
482;195
483;228
484;176
485;193
486;182
487;205
488;184
489;204
490;188
491;177
492;202
493;181
494;184
495;178
496;190
497;186
498;199
499;171
500;192
501;161
502;220
503;202
504;195
505;197
506;180
507;177
508;180
509;189
510;198
511;167
512;183
513;172
514;165
515;161
516;188
517;167
518;188
519;165
520;199
521;189
522;166
523;146
524;177
525;191
526;157
527;164
528;152
529;161
530;162
531;165
532;165
533;157
534;164
535;187
536;159
537;177
538;149
539;163
540;186
541;164
542;153
543;164
544;175
545;163
546;178
547;163
548;165
549;145
550;153
551;172
552;152
553;129
554;185
555;176
556;147
557;172
558;155
559;152
560;162
561;163
562;175
563;181
564;158
565;165
566;145
567;155
568;161
569;150
570;134
571;157
572;163
573;140
574;134
575;152
576;151
577;143
578;149
579;152
580;130
581;163
582;147
583;166
584;141
585;146
586;142
587;151
588;137
589;134
590;137
591;145
592;145
593;151
594;148
595;136
596;144
597;115
598;122
599;152
600;137
601;115
602;134
603;124
604;133
605;151
606;126
607;128
608;121
609;119
610;141
611;127
612;143
613;123
614;144
615;140
616;123
617;129
618;134
619;111
620;145
621;113
622;120
623;131
624;119
625;141
626;117
627;146
628;128
629;128
630;150
631;117
632;126
633;134
634;128
635;121
636;113
637;116
638;126
639;103
640;141
641;115
642;120
643;108
644;109
645;121
646;136
647;119
648;131
649;130
650;122
651;124
652;129
653;132
654;105
655;114
656;120
657;123
658;107
659;120
660;108
661;108
662;139
663;122
664;124
665;115
666;119
667;116
668;123
669;108
670;117
671;115
672;111
673;103
674;108
675;79
676;112
677;117
678;95
679;129
680;132
681;111
682;101
683;102
684;122
685;120
686;120
687;116
688;109
689;117
690;99
691;120
692;101
693;120
694;109
695;107
696;120
697;107
698;110
699;111
700;129
701;96
702;111
703;97
704;115
705;97
706;118
707;101
708;108
709;100
710;102
711;89
712;99
713;81
714;110
715;85
716;97
717;87
718;106
719;106
720;89
721;109
722;107
723;98
724;99
725;99
726;110
727;88
728;95
729;91
730;110
731;89
732;90
733;84
734;87
735;99
736;94
737;114
738;117
739;91
740;90
741;102
742;92
743;97
744;84
745;93
746;106
747;97
748;100
749;101
750;90
751;95
752;83
753;104
754;98
755;85
756;89
757;92
758;89
759;89
760;89
761;103
762;94
763;92
764;86
765;103
766;100
767;85
768;90
769;108
770;88
771;91
772;95
773;90
774;78
775;85
776;80
777;113
778;93
779;83
780;78
781;79
782;51
783;81
784;89
785;96
786;97
787;92
788;93
789;81
790;78
791;91
792;89
793;95
794;80
795;80
796;93
797;86
798;94
799;91
800;77
801;83
802;86
803;83
804;94
805;90
806;80
807;75
808;96
809;91
810;96
811;86
812;93
813;72
814;64
815;77
816;71
817;63
818;75
819;82
820;82
821;72
822;90
823;70
824;96
825;74
826;71
827;69
828;68
829;75
830;70
831;78
832;76
833;61
834;70
835;85
836;76
837;79
838;87
839;78
840;64
841;75
842;62
843;93
844;87
845;65
846;73
847;74
848;70
849;83
850;82
851;73
852;58
853;65
854;81
855;70
856;69
857;78
858;75
859;74
860;69
861;65
862;64
863;64
864;70
865;59
866;69
867;62
868;62
869;64
870;61
871;72
872;72
873;82
874;72
875;73
876;76
877;66
878;67
879;94
880;64
881;88
882;70
883;91
884;70
885;75
886;74
887;65
888;80
889;72
890;49
891;64
892;77
893;61
894;59
895;82
896;66
897;61
898;72
899;74
900;68
901;73
902;51
903;85
904;65
905;78
906;69
907;59
908;53
909;65
910;61
911;59
912;47
913;62
914;50
915;68
916;46
917;81
918;59
919;49
920;69
921;69
922;70
923;64
924;67
925;60
926;89
927;58
928;70
929;59
930;65
931;54
932;68
933;67
934;69
935;56
936;68
937;67
938;59
939;55
940;68
941;58
942;59
943;57
944;62
945;61
946;58
947;54
948;66
949;62
950;63
951;55
952;57
953;61
954;56
955;59
956;62
957;60
958;52
959;64
960;52
961;71
962;58
963;62
964;48
965;52
966;64
967;67
968;59
969;58
970;52
971;58
972;60
973;59
974;51
975;62
976;51
977;56
978;53
979;63
980;63
981;54
982;56
983;55
984;35
985;49
986;54
987;77
988;55
989;62
990;55
991;56
992;49
993;50
994;45
995;51
996;56
997;54
998;51
999;55
1000;56
1001;61
1002;38
1003;39
1004;60
1005;54
1006;40
1007;57
1008;54
1009;59
1010;67
1011;47
1012;52
1013;57
1014;51
1015;47
1016;48
1017;46
1018;55
1019;48
1020;50
1021;51
1022;54
1023;55
1024;37
1025;41
1026;49
1027;57
1028;48
1029;46
1030;58
1031;48
1032;46
1033;54
1034;66
1035;54
1036;44
1037;52
1038;52
1039;59
1040;51
1041;47
1042;52
1043;53
1044;51
1045;46
1046;61
1047;42
1048;56
1049;39
1050;50
1051;42
1052;39
1053;38
1054;44
1055;52
1056;48
1057;33
1058;57
1059;43
1060;43
1061;54
1062;44
1063;41
1064;65
1065;48
1066;44
1067;49
1068;55
1069;60
1070;46
1071;47
1072;62
1073;26
1074;56
1075;49
1076;38
1077;39
1078;43
1079;34
1080;38
1081;48
1082;39
1083;47
1084;43
1085;45
1086;46
1087;32
1088;56
1089;44
1090;28
1091;44
1092;44
1093;49
1094;40
1095;47
1096;40
1097;38
1098;50
1099;48
1100;39
1101;34
1102;39
1103;45
1104;35
1105;42
1106;44
1107;36
1108;46
1109;58
1110;39
1111;48
1112;35
1113;46
1114;36
1115;43
1116;36
1117;34
1118;37
1119;35
1120;26
1121;45
1122;32
1123;42
1124;45
1125;45
1126;44
1127;45
1128;39
1129;43
1130;42
1131;46
1132;41
1133;43
1134;46
1135;40
1136;43
1137;35
1138;28
1139;41
1140;36
1141;30
1142;36
1143;36
1144;42
1145;31
1146;36
1147;32
1148;37
1149;45
1150;30
1151;43
1152;46
1153;27
1154;35
1155;36
1156;33
1157;35
1158;38
1159;45
1160;30
1161;42
1162;38
1163;37
1164;28
1165;37
1166;30
1167;28
1168;29
1169;37
1170;29
1171;29
1172;32
1173;37
1174;48
1175;34
1176;28
1177;38
1178;22
1179;29
1180;29
1181;30
1182;30
1183;27
1184;32
1185;49
1186;25
1187;35
1188;39
1189;32
1190;36
1191;48
1192;33
1193;31
1194;36
1195;40
1196;32
1197;27
1198;35
1199;26
1200;30
1201;25
1202;33
1203;27
1204;30
1205;30
1206;39
1207;35
1208;30
1209;33
1210;27
1211;37
1212;30
1213;26
1214;28
1215;29
1216;27
1217;40
1218;32
1219;24
1220;24
1221;29
1222;27
1223;33
1224;27
1225;33
1226;42
1227;27
1228;26
1229;32
1230;37
1231;44
1232;35
1233;21
1234;30
1235;36
1236;34
1237;27
1238;40
1239;31
1240;28
1241;37
1242;29
1243;34
1244;28
1245;26
1246;23
1247;15
1248;35
1249;22
1250;31
1251;25
1252;29
1253;29
1254;27
1255;25
1256;37
1257;29
1258;16
1259;24
1260;19
1261;32
1262;32
1263;40
1264;28
1265;39
1266;24
1267;20
1268;37
1269;21
1270;34
1271;35
1272;26
1273;21
1274;24
1275;23
1276;24
1277;26
1278;30
1279;26
1280;37
1281;17
1282;27
1283;32
1284;27
1285;32
1286;23
1287;33
1288;28
1289;24
1290;29
1291;21
1292;23
1293;21
1294;28
1295;25
1296;38
1297;29
1298;19
1299;22
1300;22
1301;18
1302;18
1303;29
1304;25
1305;20
1306;23
1307;19
1308;19
1309;20
1310;18
1311;20
1312;22
1313;15
1314;20
1315;18
1316;40
1317;25
1318;15
1319;20
1320;23
1321;17
1322;20
1323;18
1324;19
1325;27
1326;21
1327;19
1328;20
1329;19
1330;22
1331;23
1332;27
1333;25
1334;24
1335;24
1336;15
1337;24
1338;19
1339;28
1340;21
1341;23
1342;23
1343;15
1344;26
1345;15
1346;26
1347;19
1348;17
1349;18
1350;15
1351;14
1352;13
1353;20
1354;18
1355;10
1356;14
1357;21
1358;23
1359;23
1360;17
1361;23
1362;16
1363;19
1364;17
1365;18
1366;7
1367;17
1368;21
1369;5
1370;20
1371;11
1372;21
1373;20
1374;21
1375;13
1376;27
1377;20
1378;25
1379;24
1380;23
1381;24
1382;20
1383;17
1384;13
1385;11
1386;14
1387;20
1388;21
1389;17
1390;21
1391;8
1392;16
1393;14
1394;13
1395;19
1396;9
1397;17
1398;13
1399;14
1400;14
1401;17
1402;15
1403;13
1404;15
1405;21
1406;10
1407;5
1408;15
1409;11
1410;15
1411;13
1412;11
1413;20
1414;24
1415;17
1416;18
1417;12
1418;20
1419;13
1420;13
1421;17
1422;10
1423;19
1424;16
1425;16
1426;19
1427;14
1428;7
1429;17
1430;11
1431;17
1432;14
1433;13
1434;13
1435;17
1436;24
1437;14
1438;23
1439;17
1440;18
1441;13
1442;15
1443;17
1444;11
1445;13
1446;11
1447;11
1448;13
1449;9
1450;9
1451;11
1452;13
1453;16
1454;10
1455;7
1456;11
1457;12
1458;9
1459;13
1460;12
1461;14
1462;13
1463;7
1464;11
1465;9
1466;13
1467;14
1468;8
1469;6
1470;15
1471;10
1472;6
1473;9
1474;19
1475;10
1476;7
1477;10
1478;11
1479;9
1480;9
1481;12
1482;7
1483;13
1484;10
1485;16
1486;4
1487;13
1488;16
1489;7
1490;11
1491;11
1492;8
1493;11
1494;10
1495;4
1496;10
1497;7
1498;7
1499;11
1500;17
1501;11
1502;5
1503;8
1504;9
1505;8
1506;5
1507;12
1508;11
1509;7
1510;6
1511;12
1512;6
1513;8
1514;12
1515;11
1516;8
1517;6
1518;5
1519;12
1520;7
1521;11
1522;8
1523;10
1524;10
1525;10
1526;11
1527;11
1528;8
1529;18
1530;16
1531;7
1532;13
1533;5
1534;9
1535;11
1536;6
1537;5
1538;8
1539;10
1540;5
1541;7
1542;6
1543;8
1544;10
1545;10
1546;7
1547;1
1548;7
1549;7
1550;4
1551;8
1552;9
1553;7
1554;10
1555;6
1556;3
1557;3
1558;12
1559;6
1560;3
1561;3
1562;3
1563;7
1564;4
1565;5
1566;7
1567;6
1568;3
1569;5
1570;10
1571;9
1572;4
1573;6
1574;8
1575;2
1576;7
1577;5
1578;5
1579;5
1580;7
1581;13
1582;4
1583;5
1584;4
1585;3
1586;3
1587;7
1588;6
1589;6
1590;9
1591;5
1592;6
1593;3
1594;2
1595;4
1596;2
1597;5
1598;6
1599;5
1600;4
1601;6
1602;1
1603;6
1604;2
1605;5
1606;5
1607;7
1608;3
1609;2
1610;3
1611;4
1612;6
1613;3
1614;1
1615;3
1616;5
1617;2
1618;0
1619;5
1620;4
1621;5
1622;7
1623;2
1624;6
1625;4
1626;4
1627;4
1628;3
1629;4
1630;2
1631;5
1632;5
1633;3
1634;4
1635;3
1636;2
1637;3
1638;6
1639;0
1640;1
1641;5
1642;4
1643;4
1644;2
1645;5
1646;0
1647;6
1648;4
1649;4
1650;1
1651;4
1652;1
1653;2
1654;2
1655;3
1656;2
1657;1
1658;2
1659;1
1660;5
1661;2
1662;3
1663;4
1664;8
1665;7
1666;3
1667;5
1668;3
1669;7
1670;1
1671;3
1672;2
1673;3
1674;2
1675;2
1676;2
1677;2
1678;4
1679;1
1680;3
1681;4
1682;0
1683;3
1684;4
1685;1
1686;3
1687;2
1688;1
1689;4
1690;1
1691;3
1692;1
1693;4
1694;3
1695;2
1696;2
1697;4
1698;2
1699;1
1700;0
1701;3
1702;1
1703;1
1704;2
1705;3
1706;1
1707;3
1708;3
1709;4
1710;1
1711;0
1712;2
1713;0
1714;3
1715;3
1716;1
1717;3
1718;3
1719;3
1720;3
1721;1
1722;2
1723;5
1724;1
1725;3
1726;2
1727;0
1728;1
1729;0
1730;1
1731;0
1732;0
1733;2
1734;4
1735;1
1736;2
1737;1
1738;3
1739;0
1740;1
1741;1
1742;1
1743;0
1744;4
1745;1
1746;0
1747;3
1748;0
1749;0
1750;3
1751;1
1752;0
1753;1
1754;1
1755;1
1756;1
1757;3
1758;4
1759;2
1760;1
1761;1
1762;0
1763;2
1764;3
1765;0
1766;1
1767;0
1768;3
1769;1
1770;0
1771;1
1772;1
1773;0
1774;0
1775;1
1776;1
1777;1
1778;1
1779;0
1780;1
1781;1
1782;2
1783;0
1784;0
1785;1
1786;1
1787;1
1788;1
1789;0
1790;1
1791;1
1792;0
1793;1
1794;0
1795;1
1796;1
1797;0
1798;0
1799;0
1800;1
1801;1
1802;0
1803;0
1804;2
1805;0
1806;0
1807;1
1808;1
1809;2
1810;0
1811;0
1812;0
1813;1
1814;0
1815;1
1816;1
1817;1
1818;0
1819;0
1820;1
1821;0
1822;1
1823;0
1824;0
1825;0
1826;1
1827;1
1828;0
1829;0
1830;0
1831;0
1832;0
1833;0
1834;0
1835;0
1836;1
1837;0
1838;0
1839;0
1840;0
1841;2
1842;0
1843;0
1844;1
1845;0
1846;0
1847;0
1848;0
1849;0
1850;0
1851;1
1852;1
1853;0
1854;0
1855;1
1856;0
1857;0
1858;1
1859;0
1860;0
1861;0
1862;0
1863;0
1864;2
1865;0
1866;0
1867;0
1868;0
1869;0
1870;0
1871;0
1872;0
1873;0
1874;0
1875;0
1876;0
1877;0
1878;0
1879;0
1880;0
1881;0
1882;0
1883;0
1884;0
1885;0
1886;0
1887;1
1888;0
1889;2
1890;0
1891;1
1892;0
1893;0
1894;0
1895;0
1896;0
1897;3
1898;0
1899;0
1900;0
1901;0
1902;1
1903;0
1904;1
1905;0
1906;0
1907;0
1908;0
1909;0
1910;0
1911;0
1912;0
1913;0
1914;0
1915;0
1916;1
1917;0
1918;0
1919;0
1920;0
1921;0
1922;1
1923;0
1924;0
1925;1
1926;0
1927;0
1928;0
1929;0
1930;0
1931;0
1932;0
1933;0
1934;0
1935;0
1936;0
1937;0
1938;0
1939;0
1940;0
1941;0
1942;0
1943;0
1944;0
1945;0
1946;0
1947;0
1948;1
1949;0
1950;0
1951;0
1952;0
1953;0
1954;0
1955;1
1956;0
1957;0
1958;0
1959;0
1960;0
1961;0
1962;0
1963;0
1964;0
1965;1
1966;0
1967;0
1968;0
1969;0
1970;0
1971;0
1972;1
1973;0
1974;0
1975;0
1976;0
1977;0
1978;0
1979;0
1980;0
1981;0
1982;0
1983;0
1984;0
1985;0
1986;0
1987;0
1988;0
1989;0
1990;0
1991;0
1992;0
1993;0
1994;0
1995;0
1996;0
1997;0
1998;0
1999;0
2000;0
2001;0
2002;0
2003;0
2004;0
2005;0
2006;0
2007;0
2008;0
2009;0
2010;0
2011;0
2012;0
2013;0
2014;0
2015;0
2016;0
2017;0
2018;0
2019;0
2020;0
2021;0
2022;0
2023;0
2024;0
2025;0
2026;0
2027;0
2028;0
2029;0
2030;0
2031;0
2032;0
2033;0
2034;0
2035;0
2036;0
2037;0
2038;0
2039;0
2040;0
2041;0
2042;0
2043;0
2044;0
2045;0
2046;0
2047;0
2048;0
2049;0
2050;0
2051;0
2052;0
2053;0
2054;0
2055;0
2056;0
2057;0
2058;0
2059;0
2060;0
2061;0
2062;0
2063;0
2064;0
2065;0
2066;0
2067;0
2068;0
2069;0
2070;0
2071;0
2072;0
2073;0
2074;0
2075;0
2076;0
2077;0
2078;0
2079;0
2080;0
2081;0
2082;0
2083;0
2084;0
2085;0
2086;0
2087;0
2088;0
2089;0
2090;0
2091;0
2092;0
2093;0
2094;0
2095;0
2096;0
2097;0
2098;0
2099;0
2100;0
2101;0
2102;0
2103;0
2104;0
2105;0
2106;0
2107;0
2108;0
2109;0
2110;0
2111;0
2112;0
2113;0
2114;0
2115;0
2116;0
2117;0
2118;0
2119;0
2120;0
2121;0
2122;0
2123;0
2124;0
2125;0
2126;0
2127;0
2128;0
2129;0
2130;0
2131;0
2132;0
2133;0
2134;0
2135;0
2136;0
2137;0
2138;0
2139;0
2140;0
2141;0
2142;0
2143;0
2144;0
2145;0
2146;0
2147;0
2148;0
2149;0
2150;0
2151;0
2152;0
2153;0
2154;0
2155;0
2156;0
2157;0
2158;0
2159;0
2160;0
2161;0
2162;0
2163;0
2164;0
2165;0
2166;0
2167;0
2168;0
2169;0
2170;0
2171;0
2172;0
2173;0
2174;0
2175;0
2176;0
2177;0
2178;0
2179;0
2180;0
2181;0
2182;0
2183;0
2184;0
2185;0
2186;0
2187;0
2188;0
2189;0
2190;0
2191;0
2192;0
2193;0
2194;0
2195;0
2196;0
2197;0
2198;0
2199;0
2200;0
2201;0
2202;0
2203;0
2204;0
2205;0
2206;0
2207;0
2208;0
2209;0
2210;0
2211;0
2212;0
2213;0
2214;0
2215;0
2216;0
2217;0
2218;0
2219;0
2220;0
2221;0
2222;0
2223;0
2224;0
2225;0
2226;0
2227;0
2228;0
2229;0
2230;0
2231;0
2232;0
2233;0
2234;0
2235;0
2236;0
2237;0
2238;0
2239;0
2240;0
2241;0
2242;0
2243;0
2244;0
2245;0
2246;0
2247;0
2248;0
2249;0
2250;0
2251;0
2252;0
2253;0
2254;0
2255;0
2256;0
2257;0
2258;0
2259;0
2260;0
2261;0
2262;0
2263;0
2264;0
2265;0
2266;0
2267;0
2268;0
2269;0
2270;0
2271;0
2272;0
2273;0
2274;0
2275;0
2276;0
2277;0
2278;0
2279;0
2280;0
2281;0
2282;0
2283;0
2284;0
2285;0
2286;0
2287;0
2288;0
2289;0
2290;0
2291;0
2292;0
2293;0
2294;0
2295;0
2296;0
2297;0
2298;0
2299;0
2300;0
2301;0
2302;0
2303;0
2304;0
2305;0
2306;0
2307;0
2308;0
2309;0
2310;0
2311;0
2312;0
2313;0
2314;0
2315;0
2316;0
2317;0
2318;0
2319;0
2320;0
2321;0
2322;0
2323;0
2324;0
2325;0
2326;0
2327;0
2328;0
2329;0
2330;0
2331;0
2332;0
2333;0
2334;0
2335;0
2336;0
2337;0
2338;0
2339;0
2340;0
2341;0
2342;0
2343;0
2344;0
2345;0
2346;0
2347;0
2348;0
2349;0
2350;0
2351;0
2352;0
2353;0
2354;0
2355;0
2356;0
2357;0
2358;0
2359;0
2360;0
2361;0
2362;0
2363;0
2364;0
2365;0
2366;0
2367;0
2368;0
2369;0
2370;0
2371;0
2372;0
2373;0
2374;0
2375;0
2376;0
2377;0
2378;0
2379;0
2380;0
2381;0
2382;0
2383;0
2384;0
2385;0
2386;0
2387;0
2388;0
2389;0
2390;0
2391;0
2392;0
2393;0
2394;0
2395;0
2396;0
2397;0
2398;0
2399;0
2400;0
2401;0
2402;0
2403;0
2404;0
2405;0
2406;0
2407;0
2408;0
2409;0
2410;0
2411;0
2412;0
2413;0
2414;0
2415;0
2416;0
2417;0
2418;0
2419;0
2420;0
2421;0
2422;0
2423;0
2424;0
2425;0
2426;0
2427;0
2428;0
2429;0
2430;0
2431;0
2432;0
2433;0
2434;0
2435;0
2436;0
2437;0
2438;0
2439;0
2440;0
2441;0
2442;0
2443;0
2444;0
2445;0
2446;0
2447;0
2448;0
2449;0
2450;0
2451;0
2452;0
2453;0
2454;0
2455;0
2456;0
2457;0
2458;0
2459;0
2460;0
2461;0
2462;0
2463;0
2464;0
2465;0
2466;0
2467;0
2468;0
2469;0
2470;0
2471;0
2472;0
2473;0
2474;0
2475;0
2476;0
2477;0
2478;0
2479;0
2480;0
2481;0
2482;0
2483;0
2484;0
2485;0
2486;0
2487;0
2488;0
2489;0
2490;0
2491;0
2492;0
2493;0
2494;0
2495;0
2496;0
2497;0
2498;0
2499;0
2500;0
2501;0
2502;0
2503;0
2504;0
2505;0
2506;0
2507;0
2508;0
2509;0
2510;0
2511;0
2512;0
2513;0
2514;0
2515;0
2516;0
2517;0
2518;0
2519;0
2520;0
2521;0
2522;0
2523;0
2524;0
2525;0
2526;0
2527;0
2528;0
2529;0
2530;0
2531;0
2532;0
2533;0
2534;0
2535;0
2536;0
2537;0
2538;0
2539;0
2540;0
2541;0
2542;0
2543;0
2544;0
2545;0
2546;0
2547;0
2548;0
2549;0
2550;0
2551;0
2552;0
2553;0
2554;0
2555;0
2556;0
2557;0
2558;0
2559;0
2560;0
2561;0
2562;0
2563;0
2564;0
2565;0
2566;0
2567;0
2568;0
2569;0
2570;0
2571;0
2572;0
2573;0
2574;0
2575;0
2576;0
2577;0
2578;0
2579;0
2580;0
2581;0
2582;0
2583;0
2584;0
2585;0
2586;0
2587;0
2588;0
2589;0
2590;0
2591;0
2592;0
2593;0
2594;0
2595;0
2596;0
2597;0
2598;0
2599;0
2600;0
2601;0
2602;0
2603;0
2604;0
2605;0
2606;0
2607;0
2608;0
2609;0
2610;0
2611;0
2612;0
2613;0
2614;0
2615;0
2616;0
2617;0
2618;0
2619;0
2620;0
2621;0
2622;0
2623;0
2624;0
2625;0
2626;0
2627;0
2628;0
2629;0
2630;0
2631;0
2632;0
2633;0
2634;0
2635;0
2636;0
2637;0
2638;0
2639;0
2640;0
2641;0
2642;0
2643;0
2644;0
2645;0
2646;0
2647;0
2648;0
2649;0
2650;0
2651;0
2652;0
2653;0
2654;0
2655;0
2656;0
2657;0
2658;0
2659;0
2660;0
2661;0
2662;0
2663;0
2664;0
2665;0
2666;0
2667;0
2668;0
2669;0
2670;0
2671;0
2672;0
2673;0
2674;0
2675;0
2676;0
2677;0
2678;0
2679;0
2680;0
2681;0
2682;0
2683;0
2684;0
2685;0
2686;0
2687;0
2688;0
2689;0
2690;0
2691;0
2692;0
2693;0
2694;0
2695;0
2696;0
2697;0
2698;0
2699;0
2700;0
2701;0
2702;0
2703;0
2704;0
2705;0
2706;0
2707;0
2708;0
2709;0
2710;0
2711;0
2712;0
2713;0
2714;0
2715;0
2716;0
2717;0
2718;0
2719;0
2720;0
2721;0
2722;0
2723;0
2724;0
2725;0
2726;0
2727;0
2728;0
2729;0
2730;0
2731;0
2732;0
2733;0
2734;0
2735;0
2736;0
2737;0
2738;0
2739;0
2740;0
2741;0
2742;0
2743;0
2744;0
2745;0
2746;0
2747;0
2748;0
2749;0
2750;0
2751;0
2752;0
2753;0
2754;0
2755;0
2756;0
2757;0
2758;0
2759;0
2760;0
2761;0
2762;0
2763;0
2764;0
2765;0
2766;0
2767;0
2768;0
2769;0
2770;0
2771;0
2772;0
2773;0
2774;0
2775;0
2776;0
2777;0
2778;0
2779;0
2780;0
2781;0
2782;0
2783;0
2784;0
2785;0
2786;0
2787;0
2788;0
2789;0
2790;0
2791;0
2792;0
2793;0
2794;0
2795;0
2796;0
2797;0
2798;0
2799;0
2800;0
2801;0
2802;0
2803;0
2804;0
2805;0
2806;0
2807;0
2808;0
2809;0
2810;0
2811;0
2812;0
2813;0
2814;0
2815;0
2816;0
2817;0
2818;0
2819;0
2820;0
2821;0
2822;0
2823;0
2824;0
2825;0
2826;0
2827;0
2828;0
2829;0
2830;0
2831;0
2832;0
2833;0
2834;0
2835;0
2836;0
2837;0
2838;0
2839;0
2840;0
2841;0
2842;0
2843;0
2844;0
2845;0
2846;0
2847;0
2848;0
2849;0
2850;0
2851;0
2852;0
2853;0
2854;0
2855;0
2856;0
2857;0
2858;0
2859;0
2860;0
2861;0
2862;0
2863;0
2864;0
2865;0
2866;0
2867;0
2868;0
2869;0
2870;0
2871;0
2872;0
2873;0
2874;0
2875;0
2876;0
2877;0
2878;0
2879;0
2880;0
2881;0
2882;0
2883;0
2884;0
2885;0
2886;0
2887;0
2888;0
2889;0
2890;0
2891;0
2892;0
2893;0
2894;0
2895;0
2896;0
2897;0
2898;0
2899;0
2900;0
2901;0
2902;0
2903;0
2904;0
2905;0
2906;0
2907;0
2908;0
2909;0
2910;0
2911;0
2912;0
2913;0
2914;0
2915;0
2916;0
2917;0
2918;0
2919;0
2920;0
2921;0
2922;0
2923;0
2924;0
2925;0
2926;0
2927;0
2928;0
2929;0
2930;0
2931;0
2932;0
2933;0
2934;0
2935;0
2936;0
2937;0
2938;0
2939;0
2940;0
2941;0
2942;0
2943;0
2944;0
2945;0
2946;0
2947;0
2948;0
2949;0
2950;0
2951;0
2952;0
2953;0
2954;0
2955;0
2956;0
2957;0
2958;0
2959;0
2960;0
2961;0
2962;0
2963;0
2964;0
2965;0
2966;0
2967;0
2968;0
2969;0
2970;0
2971;0
2972;0
2973;0
2974;0
2975;0
2976;0
2977;0
2978;0
2979;0
2980;0
2981;0
2982;0
2983;0
2984;0
2985;0
2986;0
2987;0
2988;0
2989;0
2990;0
2991;0
2992;0
2993;0
2994;0
2995;0
2996;0
2997;0
2998;0
2999;0
3000;0
3001;0
3002;0
3003;0
3004;0
3005;0
3006;0
3007;0
3008;0
3009;0
3010;0
3011;0
3012;0
3013;0
3014;0
3015;0
3016;0
3017;0
3018;0
3019;0
3020;0
3021;0
3022;0
3023;0
3024;0
3025;0
3026;0
3027;0
3028;0
3029;0
3030;0
3031;0
3032;0
3033;0
3034;0
3035;0
3036;0
3037;0
3038;0
3039;0
3040;0
3041;0
3042;0
3043;0
3044;0
3045;0
3046;0
3047;0
3048;0
3049;0
3050;0
3051;0
3052;0
3053;0
3054;0
3055;0
3056;0
3057;0
3058;0
3059;0
3060;0
3061;0
3062;0
3063;0
3064;0
3065;0
3066;0
3067;0
3068;0
3069;0
3070;0
3071;0
3072;0
3073;0
3074;0
3075;0
3076;0
3077;0
3078;0
3079;0
3080;0
3081;0
3082;0
3083;0
3084;0
3085;0
3086;0
3087;0
3088;0
3089;0
3090;0
3091;0
3092;0
3093;0
3094;0
3095;0
3096;0
3097;0
3098;0
3099;0
3100;0
3101;0
3102;0
3103;0
3104;0
3105;0
3106;0
3107;0
3108;0
3109;0
3110;0
3111;0
3112;0
3113;0
3114;0
3115;0
3116;0
3117;0
3118;0
3119;0
3120;0
3121;0
3122;0
3123;0
3124;0
3125;0
3126;0
3127;0
3128;0
3129;0
3130;0
3131;0
3132;0
3133;0
3134;0
3135;0
3136;0
3137;0
3138;0
3139;0
3140;0
3141;0
3142;0
3143;0
3144;0
3145;0
3146;0
3147;0
3148;0
3149;0
3150;0
3151;0
3152;0
3153;0
3154;0
3155;0
3156;0
3157;0
3158;0
3159;0
3160;0
3161;0
3162;0
3163;0
3164;0
3165;0
3166;0
3167;0
3168;0
3169;0
3170;0
3171;0
3172;0
3173;0
3174;0
3175;0
3176;0
3177;0
3178;0
3179;0
3180;0
3181;0
3182;0
3183;0
3184;0
3185;0
3186;0
3187;0
3188;0
3189;0
3190;0
3191;0
3192;0
3193;0
3194;0
3195;0
3196;0
3197;0
3198;0
3199;0
3200;0
3201;0
3202;0
3203;0
3204;0
3205;0
3206;0
3207;0
3208;0
3209;0
3210;0
3211;0
3212;0
3213;0
3214;0
3215;0
3216;0
3217;0
3218;0
3219;0
3220;0
3221;0
3222;0
3223;0
3224;0
3225;0
3226;0
3227;0
3228;0
3229;0
3230;0
3231;0
3232;0
3233;0
3234;0
3235;0
3236;0
3237;0
3238;0
3239;0
3240;0
3241;0
3242;0
3243;0
3244;0
3245;0
3246;0
3247;0
3248;0
3249;0
3250;0
3251;0
3252;0
3253;0
3254;0
3255;0
3256;0
3257;0
3258;0
3259;0
3260;0
3261;0
3262;0
3263;0
3264;0
3265;0
3266;0
3267;0
3268;0
3269;0
3270;0
3271;0
3272;0
3273;0
3274;0
3275;0
3276;0
3277;0
3278;0
3279;0
3280;0
3281;0
3282;0
3283;0
3284;0
3285;0
3286;0
3287;0
3288;0
3289;0
3290;0
3291;0
3292;0
3293;0
3294;0
3295;0
3296;0
3297;0
3298;0
3299;0
3300;0
3301;0
3302;0
3303;0
3304;0
3305;0
3306;0
3307;0
3308;0
3309;0
3310;0
3311;0
3312;0
3313;0
3314;0
3315;0
3316;0
3317;0
3318;0
3319;0
3320;0
3321;0
3322;0
3323;0
3324;0
3325;0
3326;0
3327;0
3328;0
3329;0
3330;0
3331;0
3332;0
3333;0
3334;0
3335;0
3336;0
3337;0
3338;0
3339;0
3340;0
3341;0
3342;0
3343;0
3344;0
3345;0
3346;0
3347;0
3348;0
3349;0
3350;0
3351;0
3352;0
3353;0
3354;0
3355;0
3356;0
3357;0
3358;0
3359;0
3360;0
3361;0
3362;0
3363;0
3364;0
3365;0
3366;0
3367;0
3368;0
3369;0
3370;0
3371;0
3372;0
3373;0
3374;0
3375;0
3376;0
3377;0
3378;0
3379;0
3380;0
3381;0
3382;0
3383;0
3384;0
3385;0
3386;0
3387;0
3388;0
3389;0
3390;0
3391;0
3392;0
3393;0
3394;0
3395;0
3396;0
3397;0
3398;0
3399;0
3400;0
3401;0
3402;0
3403;0
3404;0
3405;0
3406;0
3407;0
3408;0
3409;0
3410;0
3411;0
3412;0
3413;0
3414;0
3415;0
3416;0
3417;0
3418;0
3419;0
3420;0
3421;0
3422;0
3423;0
3424;0
3425;0
3426;0
3427;0
3428;0
3429;0
3430;0
3431;0
3432;0
3433;0
3434;0
3435;0
3436;0
3437;0
3438;0
3439;0
3440;0
3441;0
3442;0
3443;0
3444;0
3445;0
3446;0
3447;0
3448;0
3449;0
3450;0
3451;0
3452;0
3453;0
3454;0
3455;0
3456;0
3457;0
3458;0
3459;0
3460;0
3461;0
3462;0
3463;0
3464;0
3465;0
3466;0
3467;0
3468;0
3469;0
3470;0
3471;0
3472;0
3473;0
3474;0
3475;0
3476;0
3477;0
3478;0
3479;0
3480;0
3481;0
3482;0
3483;0
3484;0
3485;0
3486;0
3487;0
3488;0
3489;0
3490;0
3491;0
3492;0
3493;0
3494;0
3495;0
3496;0
3497;0
3498;0
3499;0
3500;0
3501;0
3502;0
3503;0
3504;0
3505;0
3506;0
3507;0
3508;0
3509;0
3510;0
3511;0
3512;0
3513;0
3514;0
3515;0
3516;0
3517;0
3518;0
3519;0
3520;0
3521;0
3522;0
3523;0
3524;0
3525;0
3526;0
3527;0
3528;0
3529;0
3530;0
3531;0
3532;0
3533;0
3534;0
3535;0
3536;0
3537;0
3538;0
3539;0
3540;0
3541;0
3542;0
3543;0
3544;0
3545;0
3546;0
3547;0
3548;0
3549;0
3550;0
3551;0
3552;0
3553;0
3554;0
3555;0
3556;0
3557;0
3558;0
3559;0
3560;0
3561;0
3562;0
3563;0
3564;0
3565;0
3566;0
3567;0
3568;0
3569;0
3570;0
3571;0
3572;0
3573;0
3574;0
3575;0
3576;0
3577;0
3578;0
3579;0
3580;0
3581;0
3582;0
3583;0
3584;0
3585;0
3586;0
3587;0
3588;0
3589;0
3590;0
3591;0
3592;0
3593;0
3594;0
3595;0
3596;0
3597;0
3598;0
3599;0
3600;0
3601;0
3602;0
3603;0
3604;0
3605;0
3606;0
3607;0
3608;0
3609;0
3610;0
3611;0
3612;0
3613;0
3614;0
3615;0
3616;0
3617;0
3618;0
3619;0
3620;0
3621;0
3622;0
3623;0
3624;0
3625;0
3626;0
3627;0
3628;0
3629;0
3630;0
3631;0
3632;0
3633;0
3634;0
3635;0
3636;0
3637;0
3638;0
3639;0
3640;0
3641;0
3642;0
3643;0
3644;0
3645;0
3646;0
3647;0
3648;0
3649;0
3650;0
3651;0
3652;0
3653;0
3654;0
3655;0
3656;0
3657;0
3658;0
3659;0
3660;0
3661;0
3662;0
3663;0
3664;0
3665;0
3666;0
3667;0
3668;0
3669;0
3670;0
3671;0
3672;0
3673;0
3674;0
3675;0
3676;0
3677;0
3678;0
3679;0
3680;0
3681;0
3682;0
3683;0
3684;0
3685;0
3686;0
3687;0
3688;0
3689;0
3690;0
3691;0
3692;0
3693;0
3694;0
3695;0
3696;0
3697;0
3698;0
3699;0
3700;0
3701;0
3702;0
3703;0
3704;0
3705;0
3706;0
3707;0
3708;0
3709;0
3710;0
3711;0
3712;0
3713;0
3714;0
3715;0
3716;0
3717;0
3718;0
3719;0
3720;0
3721;0
3722;0
3723;0
3724;0
3725;0
3726;0
3727;0
3728;0
3729;0
3730;0
3731;0
3732;0
3733;0
3734;0
3735;0
3736;0
3737;0
3738;0
3739;0
3740;0
3741;0
3742;0
3743;0
3744;0
3745;0
3746;0
3747;0
3748;0
3749;0
3750;0
3751;0
3752;0
3753;0
3754;0
3755;0
3756;0
3757;0
3758;0
3759;0
3760;0
3761;0
3762;0
3763;0
3764;0
3765;0
3766;0
3767;0
3768;0
3769;0
3770;0
3771;0
3772;0
3773;0
3774;0
3775;0
3776;0
3777;0
3778;0
3779;0
3780;0
3781;0
3782;0
3783;0
3784;0
3785;0
3786;0
3787;0
3788;0
3789;0
3790;0
3791;0
3792;0
3793;0
3794;0
3795;0
3796;0
3797;0
3798;0
3799;0
3800;0
3801;0
3802;0
3803;0
3804;0
3805;0
3806;0
3807;0
3808;0
3809;0
3810;0
3811;0
3812;0
3813;0
3814;0
3815;0
3816;0
3817;0
3818;0
3819;0
3820;0
3821;0
3822;0
3823;0
3824;0
3825;0
3826;0
3827;0
3828;0
3829;0
3830;0
3831;0
3832;0
3833;0
3834;0
3835;0
3836;0
3837;0
3838;0
3839;0
3840;0
3841;0
3842;0
3843;0
3844;0
3845;0
3846;0
3847;0
3848;0
3849;0
3850;0
3851;0
3852;0
3853;0
3854;0
3855;0
3856;0
3857;0
3858;0
3859;0
3860;0
3861;0
3862;0
3863;0
3864;0
3865;0
3866;0
3867;0
3868;0
3869;0
3870;0
3871;0
3872;0
3873;0
3874;0
3875;0
3876;0
3877;0
3878;0
3879;0
3880;0
3881;0
3882;0
3883;0
3884;0
3885;0
3886;0
3887;0
3888;0
3889;0
3890;0
3891;0
3892;0
3893;0
3894;0
3895;0
3896;0
3897;0
3898;0
3899;0
3900;0
3901;0
3902;0
3903;0
3904;0
3905;0
3906;0
3907;0
3908;0
3909;0
3910;0
3911;0
3912;0
3913;0
3914;0
3915;0
3916;0
3917;0
3918;0
3919;0
3920;0
3921;0
3922;0
3923;0
3924;0
3925;0
3926;0
3927;0
3928;0
3929;0
3930;0
3931;0
3932;0
3933;0
3934;0
3935;0
3936;0
3937;0
3938;0
3939;0
3940;0
3941;0
3942;0
3943;0
3944;0
3945;0
3946;0
3947;0
3948;0
3949;0
3950;0
3951;0
3952;0
3953;0
3954;0
3955;0
3956;0
3957;0
3958;0
3959;0
3960;0
3961;0
3962;0
3963;0
3964;0
3965;0
3966;0
3967;0
3968;0
3969;0
3970;0
3971;0
3972;0
3973;0
3974;0
3975;0
3976;0
3977;0
3978;0
3979;0
3980;0
3981;0
3982;0
3983;0
3984;0
3985;0
3986;0
3987;0
3988;0
3989;0
3990;0
3991;0
3992;0
3993;0
3994;0
3995;0
3996;0
3997;0
3998;0
3999;0
4000;0
4001;0
4002;0
4003;0
4004;0
4005;0
4006;0
4007;0
4008;0
4009;0
4010;0
4011;0
4012;0
4013;0
4014;0
4015;0
4016;0
4017;0
4018;0
4019;0
4020;0
4021;0
4022;0
4023;0
4024;0
4025;0
4026;0
4027;0
4028;0
4029;0
4030;0
4031;0
4032;0
4033;0
4034;0
4035;0
4036;0
4037;0
4038;0
4039;0
4040;0
4041;0
4042;0
4043;0
4044;0
4045;0
4046;0
4047;0
4048;0
4049;0
4050;0
4051;0
4052;0
4053;0
4054;0
4055;0
4056;0
4057;0
4058;0
4059;0
4060;0
4061;0
4062;0
4063;0
4064;0
4065;0
4066;0
4067;0
4068;0
4069;0
4070;0
4071;0
4072;0
4073;0
4074;0
4075;0
4076;0
4077;0
4078;0
4079;0
4080;0
4081;0
4082;0
4083;0
4084;0
4085;0
4086;0
4087;0
4088;0
4089;0
4090;0
4091;0
4092;0
4093;0
4094;0
4095;0
4096;0
