L 64,p 0.586600,Z 100000
/* Tamanio de cluster; Ocurrencias de cada tamaño de cluster */
1;7651611
2;1667445
3;1001065
4;652927
5;458249
6;337488
7;261012
8;208543
9;171742
10;142662
11;121397
12;104527
13;91523
14;80545
15;71055
16;64003
17;57568
18;51977
19;47882
20;43368
21;40025
22;36922
23;34365
24;31876
25;29576
26;27850
27;26162
28;23801
29;22650
30;21468
31;20414
32;19291
33;18256
34;17357
35;16639
36;15663
37;14985
38;14496
39;13743
40;13160
41;12736
42;12114
43;11699
44;11189
45;10934
46;10192
47;9847
48;9665
49;9194
50;8993
51;8513
52;8395
53;7975
54;7728
55;7642
56;7366
57;7034
58;7037
59;6678
60;6399
61;6401
62;6242
63;5963
64;6078
65;5666
66;5527
67;5371
68;5263
69;5098
70;4935
71;4797
72;4850
73;4620
74;4495
75;4344
76;4433
77;4238
78;4125
79;3992
80;3977
81;3779
82;3810
83;3713
84;3691
85;3596
86;3499
87;3472
88;3446
89;3356
90;3192
91;3235
92;3102
93;3108
94;3012
95;3000
96;2885
97;2881
98;2905
99;2780
100;2654
101;2717
102;2663
103;2636
104;2571
105;2516
106;2401
107;2517
108;2349
109;2379
110;2376
111;2321
112;2221
113;2201
114;2263
115;2169
116;2147
117;2067
118;2043
119;2038
120;1974
121;1967
122;1911
123;1940
124;1900
125;1830
126;1859
127;1841
128;1741
129;1707
130;1775
131;1749
132;1721
133;1635
134;1628
135;1741
136;1574
137;1588
138;1566
139;1506
140;1566
141;1542
142;1516
143;1569
144;1526
145;1488
146;1432
147;1448
148;1392
149;1468
150;1415
151;1309
152;1328
153;1294
154;1260
155;1334
156;1331
157;1278
158;1316
159;1216
160;1210
161;1244
162;1229
163;1191
164;1135
165;1183
166;1177
167;1122
168;1088
169;1088
170;1103
171;1108
172;1153
173;1074
174;1078
175;1049
176;1047
177;1031
178;1088
179;1001
180;1025
181;989
182;969
183;938
184;1016
185;952
186;1003
187;940
188;923
189;912
190;936
191;950
192;903
193;917
194;931
195;853
196;922
197;902
198;849
199;888
200;878
201;843
202;810
203;853
204;833
205;767
206;846
207;812
208;777
209;753
210;833
211;778
212;735
213;814
214;728
215;729
216;737
217;776
218;694
219;736
220;718
221;726
222;676
223;718
224;625
225;726
226;679
227;684
228;711
229;666
230;661
231;705
232;662
233;697
234;712
235;696
236;609
237;638
238;619
239;679
240;655
241;594
242;648
243;654
244;656
245;638
246;557
247;583
248;583
249;627
250;604
251;588
252;604
253;594
254;589
255;580
256;580
257;562
258;591
259;518
260;559
261;549
262;580
263;584
264;527
265;575
266;535
267;530
268;565
269;504
270;529
271;545
272;486
273;476
274;501
275;509
276;490
277;487
278;507
279;478
280;493
281;462
282;511
283;481
284;487
285;478
286;459
287;513
288;443
289;475
290;461
291;461
292;456
293;428
294;467
295;420
296;432
297;462
298;437
299;420
300;452
301;406
302;442
303;443
304;422
305;442
306;372
307;417
308;413
309;420
310;453
311;417
312;390
313;387
314;384
315;429
316;365
317;409
318;397
319;413
320;420
321;365
322;418
323;399
324;369
325;356
326;389
327;398
328;364
329;358
330;395
331;359
332;348
333;389
334;369
335;412
336;340
337;349
338;373
339;351
340;364
341;357
342;357
343;343
344;331
345;372
346;341
347;356
348;315
349;347
350;333
351;324
352;348
353;306
354;350
355;319
356;337
357;363
358;331
359;304
360;342
361;299
362;318
363;359
364;291
365;311
366;295
367;328
368;329
369;305
370;320
371;326
372;324
373;293
374;290
375;300
376;313
377;337
378;328
379;272
380;336
381;305
382;277
383;297
384;275
385;267
386;301
387;300
388;305
389;283
390;257
391;294
392;278
393;301
394;273
395;268
396;317
397;280
398;254
399;280
400;255
401;263
402;276
403;245
404;258
405;267
406;265
407;284
408;267
409;281
410;272
411;291
412;242
413;258
414;260
415;305
416;257
417;259
418;257
419;231
420;256
421;261
422;205
423;244
424;268
425;247
426;267
427;251
428;189
429;256
430;221
431;240
432;245
433;231
434;254
435;249
436;243
437;223
438;259
439;221
440;238
441;220
442;240
443;217
444;246
445;243
446;248
447;236
448;221
449;229
450;229
451;219
452;209
453;236
454;227
455;228
456;196
457;251
458;235
459;199
460;216
461;219
462;230
463;216
464;213
465;224
466;215
467;203
468;212
469;212
470;215
471;211
472;194
473;219
474;208
475;180
476;181
477;221
478;193
479;198
480;237
481;210
482;214
483;210
484;189
485;194
486;182
487;205
488;195
489;202
490;203
491;216
492;190
493;229
494;184
495;209
496;180
497;192
498;201
499;201
500;177
501;200
502;191
503;207
504;179
505;188
506;194
507;174
508;194
509;205
510;178
511;172
512;167
513;187
514;189
515;194
516;173
517;192
518;174
519;178
520;179
521;177
522;195
523;175
524;173
525;168
526;188
527;154
528;182
529;177
530;179
531;153
532;202
533;167
534;181
535;157
536;178
537;188
538;184
539;180
540;163
541;147
542;147
543;173
544;203
545;171
546;175
547;151
548;172
549;169
550;137
551;180
552;153
553;153
554;164
555;164
556;176
557;151
558;171
559;162
560;134
561;170
562;184
563;139
564;151
565;164
566;170
567;158
568;183
569;158
570;174
571;154
572;150
573;148
574;124
575;156
576;136
577;154
578;144
579;150
580;158
581;131
582;174
583;135
584;162
585;165
586;142
587;141
588;136
589;122
590;155
591;131
592;143
593;140
594;133
595;141
596;132
597;154
598;130
599;138
600;135
601;147
602;156
603;133
604;144
605;127
606;139
607;138
608;147
609;133
610;126
611;123
612;159
613;126
614;122
615;145
616;122
617;120
618;126
619;126
620;148
621;136
622;146
623;138
624;135
625;130
626;116
627;126
628;123
629;123
630;131
631;111
632;120
633;116
634;121
635;140
636;124
637;124
638;143
639;113
640;151
641;106
642;137
643;135
644;126
645;113
646;125
647;112
648;121
649;118
650;109
651;95
652;134
653;133
654;134
655;113
656;135
657;162
658;102
659;122
660;112
661;119
662;134
663;120
664;112
665;118
666;116
667;134
668;132
669;120
670;139
671;118
672;111
673;109
674;101
675;115
676;100
677;106
678;127
679;102
680;126
681;127
682;127
683;117
684;120
685;129
686;129
687;112
688;106
689;111
690;99
691;99
692;119
693;119
694;102
695;104
696;113
697;119
698;112
699;112
700;114
701;129
702;104
703;102
704;105
705;120
706;107
707;103
708;115
709;114
710;113
711;96
712;95
713;107
714;103
715;98
716;111
717;110
718;96
719;115
720;104
721;91
722;120
723;108
724;108
725;114
726;103
727;94
728;94
729;116
730;115
731;100
732;111
733;94
734;105
735;109
736;115
737;88
738;105
739;90
740;99
741;98
742;92
743;99
744;92
745;95
746;85
747;105
748;103
749;106
750;103
751;90
752;94
753;111
754;109
755;85
756;89
757;81
758;75
759;116
760;86
761;101
762;99
763;91
764;94
765;84
766;100
767;102
768;90
769;87
770;96
771;101
772;91
773;105
774;116
775;67
776;84
777;105
778;96
779;93
780;85
781;87
782;93
783;106
784;84
785;88
786;98
787;86
788;75
789;103
790;88
791;96
792;73
793;91
794;97
795;79
796;87
797;77
798;82
799;91
800;99
801;76
802;76
803;88
804;110
805;82
806;101
807;80
808;90
809;83
810;81
811;74
812;77
813;93
814;95
815;85
816;83
817;77
818;85
819;80
820;67
821;77
822;83
823;90
824;79
825;75
826;87
827;97
828;86
829;97
830;86
831;63
832;91
833;84
834;86
835;91
836;84
837;94
838;86
839;77
840;74
841;73
842;95
843;91
844;78
845;77
846;62
847;80
848;76
849;74
850;89
851;77
852;78
853;77
854;66
855;81
856;65
857;67
858;85
859;80
860;69
861;51
862;63
863;85
864;58
865;74
866;75
867;74
868;69
869;72
870;70
871;74
872;85
873;76
874;69
875;73
876;79
877;66
878;61
879;68
880;77
881;70
882;67
883;56
884;77
885;60
886;80
887;70
888;64
889;73
890;60
891;70
892;71
893;69
894;71
895;69
896;71
897;59
898;73
899;68
900;57
901;74
902;69
903;58
904;77
905;65
906;81
907;81
908;57
909;57
910;53
911;68
912;69
913;74
914;67
915;69
916;64
917;53
918;54
919;77
920;69
921;63
922;60
923;61
924;72
925;67
926;62
927;73
928;63
929;63
930;57
931;53
932;55
933;67
934;68
935;63
936;60
937;64
938;60
939;71
940;67
941;69
942;73
943;78
944;61
945;62
946;77
947;71
948;57
949;62
950;53
951;65
952;62
953;66
954;65
955;60
956;70
957;71
958;58
959;63
960;64
961;67
962;64
963;63
964;68
965;68
966;63
967;59
968;67
969;57
970;50
971;60
972;63
973;62
974;67
975;67
976;63
977;51
978;63
979;44
980;44
981;62
982;63
983;64
984;59
985;59
986;41
987;57
988;65
989;47
990;56
991;61
992;56
993;57
994;56
995;50
996;60
997;49
998;55
999;60
1000;52
1001;53
1002;50
1003;58
1004;58
1005;50
1006;51
1007;55
1008;61
1009;56
1010;48
1011;57
1012;56
1013;65
1014;40
1015;58
1016;44
1017;48
1018;54
1019;56
1020;53
1021;62
1022;41
1023;49
1024;48
1025;50
1026;70
1027;58
1028;51
1029;48
1030;45
1031;64
1032;46
1033;39
1034;57
1035;52
1036;53
1037;56
1038;45
1039;50
1040;50
1041;49
1042;56
1043;52
1044;50
1045;48
1046;44
1047;43
1048;38
1049;53
1050;40
1051;59
1052;47
1053;50
1054;51
1055;42
1056;45
1057;41
1058;44
1059;60
1060;40
1061;37
1062;48
1063;49
1064;35
1065;52
1066;48
1067;31
1068;33
1069;58
1070;40
1071;30
1072;52
1073;54
1074;46
1075;43
1076;50
1077;43
1078;52
1079;46
1080;35
1081;48
1082;41
1083;38
1084;48
1085;37
1086;43
1087;42
1088;37
1089;37
1090;47
1091;47
1092;54
1093;34
1094;39
1095;42
1096;48
1097;42
1098;41
1099;45
1100;41
1101;44
1102;33
1103;49
1104;41
1105;43
1106;48
1107;37
1108;40
1109;42
1110;38
1111;42
1112;51
1113;35
1114;39
1115;31
1116;35
1117;28
1118;47
1119;36
1120;42
1121;34
1122;41
1123;37
1124;41
1125;33
1126;41
1127;38
1128;36
1129;34
1130;37
1131;43
1132;41
1133;38
1134;40
1135;44
1136;42
1137;33
1138;23
1139;42
1140;31
1141;32
1142;38
1143;26
1144;37
1145;35
1146;47
1147;31
1148;39
1149;33
1150;44
1151;47
1152;33
1153;41
1154;44
1155;37
1156;28
1157;30
1158;30
1159;31
1160;39
1161;33
1162;33
1163;41
1164;32
1165;40
1166;35
1167;36
1168;28
1169;51
1170;34
1171;42
1172;38
1173;33
1174;36
1175;36
1176;35
1177;33
1178;31
1179;34
1180;39
1181;38
1182;31
1183;32
1184;25
1185;34
1186;29
1187;28
1188;38
1189;34
1190;31
1191;20
1192;34
1193;35
1194;39
1195;25
1196;37
1197;40
1198;30
1199;20
1200;31
1201;34
1202;29
1203;33
1204;38
1205;27
1206;39
1207;30
1208;29
1209;30
1210;23
1211;30
1212;32
1213;38
1214;39
1215;31
1216;28
1217;33
1218;23
1219;27
1220;32
1221;26
1222;21
1223;25
1224;24
1225;33
1226;22
1227;22
1228;30
1229;33
1230;33
1231;34
1232;25
1233;33
1234;21
1235;20
1236;26
1237;25
1238;38
1239;26
1240;23
1241;25
1242;41
1243;30
1244;25
1245;28
1246;20
1247;24
1248;25
1249;29
1250;19
1251;31
1252;27
1253;24
1254;28
1255;28
1256;29
1257;29
1258;21
1259;22
1260;30
1261;28
1262;22
1263;30
1264;18
1265;29
1266;22
1267;28
1268;29
1269;16
1270;35
1271;26
1272;20
1273;31
1274;25
1275;20
1276;19
1277;21
1278;29
1279;25
1280;24
1281;28
1282;17
1283;32
1284;26
1285;24
1286;24
1287;21
1288;20
1289;26
1290;14
1291;20
1292;27
1293;23
1294;24
1295;27
1296;16
1297;26
1298;20
1299;30
1300;26
1301;26
1302;24
1303;27
1304;22
1305;28
1306;28
1307;24
1308;23
1309;23
1310;24
1311;23
1312;21
1313;28
1314;24
1315;23
1316;25
1317;16
1318;31
1319;21
1320;19
1321;18
1322;20
1323;19
1324;22
1325;13
1326;21
1327;17
1328;21
1329;23
1330;21
1331;22
1332;20
1333;20
1334;24
1335;20
1336;19
1337;15
1338;23
1339;18
1340;17
1341;24
1342;17
1343;14
1344;17
1345;18
1346;10
1347;24
1348;19
1349;24
1350;13
1351;10
1352;14
1353;20
1354;12
1355;18
1356;20
1357;16
1358;10
1359;17
1360;15
1361;19
1362;26
1363;22
1364;21
1365;16
1366;11
1367;17
1368;16
1369;16
1370;18
1371;13
1372;17
1373;24
1374;16
1375;19
1376;22
1377;15
1378;15
1379;16
1380;23
1381;15
1382;11
1383;12
1384;22
1385;18
1386;21
1387;9
1388;10
1389;19
1390;16
1391;15
1392;14
1393;21
1394;13
1395;15
1396;18
1397;14
1398;13
1399;16
1400;16
1401;14
1402;13
1403;14
1404;15
1405;13
1406;21
1407;13
1408;15
1409;12
1410;15
1411;20
1412;12
1413;13
1414;17
1415;8
1416;11
1417;13
1418;11
1419;10
1420;17
1421;11
1422;18
1423;9
1424;13
1425;17
1426;10
1427;16
1428;13
1429;18
1430;15
1431;10
1432;18
1433;14
1434;9
1435;15
1436;15
1437;17
1438;13
1439;12
1440;14
1441;6
1442;12
1443;16
1444;10
1445;8
1446;8
1447;15
1448;18
1449;12
1450;12
1451;18
1452;8
1453;9
1454;6
1455;11
1456;18
1457;6
1458;17
1459;13
1460;10
1461;11
1462;13
1463;13
1464;16
1465;11
1466;13
1467;15
1468;5
1469;9
1470;10
1471;8
1472;9
1473;12
1474;11
1475;15
1476;11
1477;14
1478;0
1479;4
1480;12
1481;18
1482;13
1483;11
1484;6
1485;10
1486;11
1487;9
1488;15
1489;12
1490;6
1491;4
1492;5
1493;5
1494;11
1495;5
1496;7
1497;6
1498;6
1499;6
1500;9
1501;10
1502;7
1503;10
1504;9
1505;10
1506;7
1507;8
1508;9
1509;7
1510;8
1511;5
1512;6
1513;9
1514;10
1515;6
1516;7
1517;7
1518;8
1519;8
1520;3
1521;7
1522;10
1523;9
1524;12
1525;10
1526;8
1527;10
1528;4
1529;8
1530;9
1531;6
1532;3
1533;5
1534;9
1535;8
1536;7
1537;2
1538;10
1539;6
1540;9
1541;4
1542;6
1543;5
1544;5
1545;5
1546;4
1547;5
1548;8
1549;6
1550;4
1551;6
1552;6
1553;7
1554;8
1555;5
1556;5
1557;5
1558;5
1559;4
1560;5
1561;6
1562;6
1563;4
1564;7
1565;5
1566;9
1567;2
1568;6
1569;2
1570;5
1571;7
1572;1
1573;3
1574;5
1575;4
1576;6
1577;3
1578;6
1579;8
1580;5
1581;4
1582;3
1583;7
1584;5
1585;3
1586;4
1587;4
1588;6
1589;7
1590;3
1591;4
1592;6
1593;6
1594;3
1595;8
1596;6
1597;4
1598;3
1599;3
1600;4
1601;3
1602;9
1603;7
1604;2
1605;5
1606;3
1607;5
1608;5
1609;7
1610;5
1611;3
1612;2
1613;2
1614;1
1615;7
1616;5
1617;2
1618;0
1619;3
1620;8
1621;4
1622;3
1623;4
1624;4
1625;2
1626;3
1627;1
1628;7
1629;3
1630;1
1631;3
1632;2
1633;4
1634;5
1635;0
1636;3
1637;4
1638;6
1639;1
1640;2
1641;2
1642;3
1643;5
1644;1
1645;3
1646;1
1647;5
1648;3
1649;0
1650;4
1651;6
1652;5
1653;4
1654;5
1655;0
1656;3
1657;8
1658;1
1659;3
1660;2
1661;2
1662;1
1663;4
1664;0
1665;3
1666;2
1667;6
1668;0
1669;0
1670;3
1671;5
1672;3
1673;2
1674;2
1675;1
1676;0
1677;2
1678;4
1679;2
1680;2
1681;3
1682;2
1683;3
1684;3
1685;1
1686;2
1687;2
1688;5
1689;1
1690;1
1691;2
1692;2
1693;5
1694;1
1695;3
1696;1
1697;1
1698;1
1699;5
1700;1
1701;2
1702;4
1703;1
1704;2
1705;0
1706;2
1707;2
1708;0
1709;2
1710;1
1711;2
1712;0
1713;0
1714;2
1715;1
1716;1
1717;0
1718;2
1719;1
1720;1
1721;1
1722;1
1723;1
1724;3
1725;5
1726;3
1727;1
1728;0
1729;1
1730;2
1731;0
1732;1
1733;4
1734;1
1735;0
1736;1
1737;0
1738;0
1739;1
1740;3
1741;0
1742;3
1743;0
1744;1
1745;0
1746;1
1747;1
1748;0
1749;0
1750;0
1751;3
1752;0
1753;1
1754;1
1755;0
1756;1
1757;0
1758;2
1759;2
1760;1
1761;3
1762;0
1763;1
1764;1
1765;0
1766;0
1767;1
1768;2
1769;0
1770;0
1771;0
1772;0
1773;0
1774;1
1775;1
1776;0
1777;2
1778;2
1779;1
1780;0
1781;0
1782;0
1783;0
1784;1
1785;1
1786;0
1787;1
1788;0
1789;0
1790;1
1791;2
1792;2
1793;1
1794;2
1795;1
1796;1
1797;1
1798;2
1799;1
1800;0
1801;0
1802;0
1803;0
1804;1
1805;1
1806;1
1807;0
1808;0
1809;1
1810;0
1811;0
1812;1
1813;0
1814;1
1815;1
1816;0
1817;0
1818;0
1819;0
1820;0
1821;1
1822;0
1823;0
1824;1
1825;0
1826;1
1827;0
1828;0
1829;0
1830;0
1831;0
1832;0
1833;1
1834;0
1835;0
1836;0
1837;0
1838;1
1839;0
1840;0
1841;0
1842;0
1843;0
1844;0
1845;2
1846;1
1847;0
1848;0
1849;0
1850;1
1851;0
1852;0
1853;1
1854;0
1855;0
1856;0
1857;0
1858;1
1859;0
1860;0
1861;0
1862;0
1863;0
1864;0
1865;0
1866;1
1867;0
1868;0
1869;0
1870;0
1871;0
1872;0
1873;0
1874;0
1875;0
1876;0
1877;0
1878;0
1879;0
1880;0
1881;0
1882;0
1883;0
1884;0
1885;0
1886;0
1887;0
1888;0
1889;0
1890;0
1891;0
1892;0
1893;0
1894;0
1895;0
1896;1
1897;0
1898;0
1899;1
1900;0
1901;0
1902;0
1903;0
1904;0
1905;0
1906;0
1907;0
1908;0
1909;0
1910;0
1911;0
1912;0
1913;1
1914;0
1915;0
1916;0
1917;0
1918;0
1919;0
1920;0
1921;0
1922;0
1923;0
1924;1
1925;1
1926;1
1927;0
1928;0
1929;0
1930;0
1931;0
1932;0
1933;0
1934;0
1935;0
1936;0
1937;0
1938;0
1939;0
1940;0
1941;0
1942;0
1943;0
1944;0
1945;0
1946;0
1947;0
1948;1
1949;0
1950;0
1951;0
1952;0
1953;0
1954;0
1955;0
1956;0
1957;0
1958;0
1959;0
1960;0
1961;0
1962;0
1963;0
1964;0
1965;0
1966;0
1967;0
1968;0
1969;0
1970;0
1971;0
1972;0
1973;0
1974;0
1975;1
1976;0
1977;0
1978;0
1979;0
1980;0
1981;0
1982;0
1983;0
1984;0
1985;0
1986;0
1987;0
1988;0
1989;0
1990;0
1991;0
1992;0
1993;0
1994;0
1995;0
1996;0
1997;0
1998;0
1999;0
2000;0
2001;0
2002;0
2003;0
2004;0
2005;0
2006;0
2007;0
2008;0
2009;0
2010;0
2011;0
2012;0
2013;0
2014;0
2015;0
2016;0
2017;0
2018;0
2019;0
2020;0
2021;0
2022;0
2023;0
2024;0
2025;0
2026;0
2027;0
2028;0
2029;0
2030;0
2031;0
2032;0
2033;0
2034;0
2035;0
2036;0
2037;0
2038;0
2039;0
2040;0
2041;0
2042;0
2043;0
2044;0
2045;0
2046;0
2047;0
2048;0
2049;0
2050;0
2051;0
2052;0
2053;0
2054;0
2055;0
2056;0
2057;0
2058;0
2059;0
2060;0
2061;0
2062;0
2063;0
2064;0
2065;0
2066;0
2067;0
2068;0
2069;0
2070;0
2071;0
2072;0
2073;0
2074;0
2075;0
2076;0
2077;0
2078;0
2079;0
2080;0
2081;0
2082;0
2083;0
2084;0
2085;0
2086;0
2087;0
2088;0
2089;0
2090;0
2091;0
2092;0
2093;0
2094;0
2095;0
2096;0
2097;0
2098;0
2099;0
2100;0
2101;0
2102;0
2103;0
2104;0
2105;0
2106;0
2107;0
2108;0
2109;0
2110;0
2111;0
2112;0
2113;0
2114;0
2115;0
2116;0
2117;0
2118;0
2119;0
2120;0
2121;0
2122;0
2123;0
2124;0
2125;0
2126;0
2127;0
2128;0
2129;0
2130;0
2131;0
2132;0
2133;0
2134;0
2135;0
2136;0
2137;0
2138;0
2139;0
2140;0
2141;0
2142;0
2143;0
2144;0
2145;0
2146;0
2147;0
2148;0
2149;0
2150;0
2151;0
2152;0
2153;0
2154;0
2155;0
2156;0
2157;0
2158;0
2159;0
2160;0
2161;0
2162;0
2163;0
2164;0
2165;0
2166;0
2167;0
2168;0
2169;0
2170;0
2171;0
2172;0
2173;0
2174;0
2175;0
2176;0
2177;0
2178;0
2179;0
2180;0
2181;0
2182;0
2183;0
2184;0
2185;0
2186;0
2187;0
2188;0
2189;0
2190;0
2191;0
2192;0
2193;0
2194;0
2195;0
2196;0
2197;0
2198;0
2199;0
2200;0
2201;0
2202;0
2203;0
2204;0
2205;0
2206;0
2207;0
2208;0
2209;0
2210;0
2211;0
2212;0
2213;0
2214;0
2215;0
2216;0
2217;0
2218;0
2219;0
2220;0
2221;0
2222;0
2223;0
2224;0
2225;0
2226;0
2227;0
2228;0
2229;0
2230;0
2231;0
2232;0
2233;0
2234;0
2235;0
2236;0
2237;0
2238;0
2239;0
2240;0
2241;0
2242;0
2243;0
2244;0
2245;0
2246;0
2247;0
2248;0
2249;0
2250;0
2251;0
2252;0
2253;0
2254;0
2255;0
2256;0
2257;0
2258;0
2259;0
2260;0
2261;0
2262;0
2263;0
2264;0
2265;0
2266;0
2267;0
2268;0
2269;0
2270;0
2271;0
2272;0
2273;0
2274;0
2275;0
2276;0
2277;0
2278;0
2279;0
2280;0
2281;0
2282;0
2283;0
2284;0
2285;0
2286;0
2287;0
2288;0
2289;0
2290;0
2291;0
2292;0
2293;0
2294;0
2295;0
2296;0
2297;0
2298;0
2299;0
2300;0
2301;0
2302;0
2303;0
2304;0
2305;0
2306;0
2307;0
2308;0
2309;0
2310;0
2311;0
2312;0
2313;0
2314;0
2315;0
2316;0
2317;0
2318;0
2319;0
2320;0
2321;0
2322;0
2323;0
2324;0
2325;0
2326;0
2327;0
2328;0
2329;0
2330;0
2331;0
2332;0
2333;0
2334;0
2335;0
2336;0
2337;0
2338;0
2339;0
2340;0
2341;0
2342;0
2343;0
2344;0
2345;0
2346;0
2347;0
2348;0
2349;0
2350;0
2351;0
2352;0
2353;0
2354;0
2355;0
2356;0
2357;0
2358;0
2359;0
2360;0
2361;0
2362;0
2363;0
2364;0
2365;0
2366;0
2367;0
2368;0
2369;0
2370;0
2371;0
2372;0
2373;0
2374;0
2375;0
2376;0
2377;0
2378;0
2379;0
2380;0
2381;0
2382;0
2383;0
2384;0
2385;0
2386;0
2387;0
2388;0
2389;0
2390;0
2391;0
2392;0
2393;0
2394;0
2395;0
2396;0
2397;0
2398;0
2399;0
2400;0
2401;0
2402;0
2403;0
2404;0
2405;0
2406;0
2407;0
2408;0
2409;0
2410;0
2411;0
2412;0
2413;0
2414;0
2415;0
2416;0
2417;0
2418;0
2419;0
2420;0
2421;0
2422;0
2423;0
2424;0
2425;0
2426;0
2427;0
2428;0
2429;0
2430;0
2431;0
2432;0
2433;0
2434;0
2435;0
2436;0
2437;0
2438;0
2439;0
2440;0
2441;0
2442;0
2443;0
2444;0
2445;0
2446;0
2447;0
2448;0
2449;0
2450;0
2451;0
2452;0
2453;0
2454;0
2455;0
2456;0
2457;0
2458;0
2459;0
2460;0
2461;0
2462;0
2463;0
2464;0
2465;0
2466;0
2467;0
2468;0
2469;0
2470;0
2471;0
2472;0
2473;0
2474;0
2475;0
2476;0
2477;0
2478;0
2479;0
2480;0
2481;0
2482;0
2483;0
2484;0
2485;0
2486;0
2487;0
2488;0
2489;0
2490;0
2491;0
2492;0
2493;0
2494;0
2495;0
2496;0
2497;0
2498;0
2499;0
2500;0
2501;0
2502;0
2503;0
2504;0
2505;0
2506;0
2507;0
2508;0
2509;0
2510;0
2511;0
2512;0
2513;0
2514;0
2515;0
2516;0
2517;0
2518;0
2519;0
2520;0
2521;0
2522;0
2523;0
2524;0
2525;0
2526;0
2527;0
2528;0
2529;0
2530;0
2531;0
2532;0
2533;0
2534;0
2535;0
2536;0
2537;0
2538;0
2539;0
2540;0
2541;0
2542;0
2543;0
2544;0
2545;0
2546;0
2547;0
2548;0
2549;0
2550;0
2551;0
2552;0
2553;0
2554;0
2555;0
2556;0
2557;0
2558;0
2559;0
2560;0
2561;0
2562;0
2563;0
2564;0
2565;0
2566;0
2567;0
2568;0
2569;0
2570;0
2571;0
2572;0
2573;0
2574;0
2575;0
2576;0
2577;0
2578;0
2579;0
2580;0
2581;0
2582;0
2583;0
2584;0
2585;0
2586;0
2587;0
2588;0
2589;0
2590;0
2591;0
2592;0
2593;0
2594;0
2595;0
2596;0
2597;0
2598;0
2599;0
2600;0
2601;0
2602;0
2603;0
2604;0
2605;0
2606;0
2607;0
2608;0
2609;0
2610;0
2611;0
2612;0
2613;0
2614;0
2615;0
2616;0
2617;0
2618;0
2619;0
2620;0
2621;0
2622;0
2623;0
2624;0
2625;0
2626;0
2627;0
2628;0
2629;0
2630;0
2631;0
2632;0
2633;0
2634;0
2635;0
2636;0
2637;0
2638;0
2639;0
2640;0
2641;0
2642;0
2643;0
2644;0
2645;0
2646;0
2647;0
2648;0
2649;0
2650;0
2651;0
2652;0
2653;0
2654;0
2655;0
2656;0
2657;0
2658;0
2659;0
2660;0
2661;0
2662;0
2663;0
2664;0
2665;0
2666;0
2667;0
2668;0
2669;0
2670;0
2671;0
2672;0
2673;0
2674;0
2675;0
2676;0
2677;0
2678;0
2679;0
2680;0
2681;0
2682;0
2683;0
2684;0
2685;0
2686;0
2687;0
2688;0
2689;0
2690;0
2691;0
2692;0
2693;0
2694;0
2695;0
2696;0
2697;0
2698;0
2699;0
2700;0
2701;0
2702;0
2703;0
2704;0
2705;0
2706;0
2707;0
2708;0
2709;0
2710;0
2711;0
2712;0
2713;0
2714;0
2715;0
2716;0
2717;0
2718;0
2719;0
2720;0
2721;0
2722;0
2723;0
2724;0
2725;0
2726;0
2727;0
2728;0
2729;0
2730;0
2731;0
2732;0
2733;0
2734;0
2735;0
2736;0
2737;0
2738;0
2739;0
2740;0
2741;0
2742;0
2743;0
2744;0
2745;0
2746;0
2747;0
2748;0
2749;0
2750;0
2751;0
2752;0
2753;0
2754;0
2755;0
2756;0
2757;0
2758;0
2759;0
2760;0
2761;0
2762;0
2763;0
2764;0
2765;0
2766;0
2767;0
2768;0
2769;0
2770;0
2771;0
2772;0
2773;0
2774;0
2775;0
2776;0
2777;0
2778;0
2779;0
2780;0
2781;0
2782;0
2783;0
2784;0
2785;0
2786;0
2787;0
2788;0
2789;0
2790;0
2791;0
2792;0
2793;0
2794;0
2795;0
2796;0
2797;0
2798;0
2799;0
2800;0
2801;0
2802;0
2803;0
2804;0
2805;0
2806;0
2807;0
2808;0
2809;0
2810;0
2811;0
2812;0
2813;0
2814;0
2815;0
2816;0
2817;0
2818;0
2819;0
2820;0
2821;0
2822;0
2823;0
2824;0
2825;0
2826;0
2827;0
2828;0
2829;0
2830;0
2831;0
2832;0
2833;0
2834;0
2835;0
2836;0
2837;0
2838;0
2839;0
2840;0
2841;0
2842;0
2843;0
2844;0
2845;0
2846;0
2847;0
2848;0
2849;0
2850;0
2851;0
2852;0
2853;0
2854;0
2855;0
2856;0
2857;0
2858;0
2859;0
2860;0
2861;0
2862;0
2863;0
2864;0
2865;0
2866;0
2867;0
2868;0
2869;0
2870;0
2871;0
2872;0
2873;0
2874;0
2875;0
2876;0
2877;0
2878;0
2879;0
2880;0
2881;0
2882;0
2883;0
2884;0
2885;0
2886;0
2887;0
2888;0
2889;0
2890;0
2891;0
2892;0
2893;0
2894;0
2895;0
2896;0
2897;0
2898;0
2899;0
2900;0
2901;0
2902;0
2903;0
2904;0
2905;0
2906;0
2907;0
2908;0
2909;0
2910;0
2911;0
2912;0
2913;0
2914;0
2915;0
2916;0
2917;0
2918;0
2919;0
2920;0
2921;0
2922;0
2923;0
2924;0
2925;0
2926;0
2927;0
2928;0
2929;0
2930;0
2931;0
2932;0
2933;0
2934;0
2935;0
2936;0
2937;0
2938;0
2939;0
2940;0
2941;0
2942;0
2943;0
2944;0
2945;0
2946;0
2947;0
2948;0
2949;0
2950;0
2951;0
2952;0
2953;0
2954;0
2955;0
2956;0
2957;0
2958;0
2959;0
2960;0
2961;0
2962;0
2963;0
2964;0
2965;0
2966;0
2967;0
2968;0
2969;0
2970;0
2971;0
2972;0
2973;0
2974;0
2975;0
2976;0
2977;0
2978;0
2979;0
2980;0
2981;0
2982;0
2983;0
2984;0
2985;0
2986;0
2987;0
2988;0
2989;0
2990;0
2991;0
2992;0
2993;0
2994;0
2995;0
2996;0
2997;0
2998;0
2999;0
3000;0
3001;0
3002;0
3003;0
3004;0
3005;0
3006;0
3007;0
3008;0
3009;0
3010;0
3011;0
3012;0
3013;0
3014;0
3015;0
3016;0
3017;0
3018;0
3019;0
3020;0
3021;0
3022;0
3023;0
3024;0
3025;0
3026;0
3027;0
3028;0
3029;0
3030;0
3031;0
3032;0
3033;0
3034;0
3035;0
3036;0
3037;0
3038;0
3039;0
3040;0
3041;0
3042;0
3043;0
3044;0
3045;0
3046;0
3047;0
3048;0
3049;0
3050;0
3051;0
3052;0
3053;0
3054;0
3055;0
3056;0
3057;0
3058;0
3059;0
3060;0
3061;0
3062;0
3063;0
3064;0
3065;0
3066;0
3067;0
3068;0
3069;0
3070;0
3071;0
3072;0
3073;0
3074;0
3075;0
3076;0
3077;0
3078;0
3079;0
3080;0
3081;0
3082;0
3083;0
3084;0
3085;0
3086;0
3087;0
3088;0
3089;0
3090;0
3091;0
3092;0
3093;0
3094;0
3095;0
3096;0
3097;0
3098;0
3099;0
3100;0
3101;0
3102;0
3103;0
3104;0
3105;0
3106;0
3107;0
3108;0
3109;0
3110;0
3111;0
3112;0
3113;0
3114;0
3115;0
3116;0
3117;0
3118;0
3119;0
3120;0
3121;0
3122;0
3123;0
3124;0
3125;0
3126;0
3127;0
3128;0
3129;0
3130;0
3131;0
3132;0
3133;0
3134;0
3135;0
3136;0
3137;0
3138;0
3139;0
3140;0
3141;0
3142;0
3143;0
3144;0
3145;0
3146;0
3147;0
3148;0
3149;0
3150;0
3151;0
3152;0
3153;0
3154;0
3155;0
3156;0
3157;0
3158;0
3159;0
3160;0
3161;0
3162;0
3163;0
3164;0
3165;0
3166;0
3167;0
3168;0
3169;0
3170;0
3171;0
3172;0
3173;0
3174;0
3175;0
3176;0
3177;0
3178;0
3179;0
3180;0
3181;0
3182;0
3183;0
3184;0
3185;0
3186;0
3187;0
3188;0
3189;0
3190;0
3191;0
3192;0
3193;0
3194;0
3195;0
3196;0
3197;0
3198;0
3199;0
3200;0
3201;0
3202;0
3203;0
3204;0
3205;0
3206;0
3207;0
3208;0
3209;0
3210;0
3211;0
3212;0
3213;0
3214;0
3215;0
3216;0
3217;0
3218;0
3219;0
3220;0
3221;0
3222;0
3223;0
3224;0
3225;0
3226;0
3227;0
3228;0
3229;0
3230;0
3231;0
3232;0
3233;0
3234;0
3235;0
3236;0
3237;0
3238;0
3239;0
3240;0
3241;0
3242;0
3243;0
3244;0
3245;0
3246;0
3247;0
3248;0
3249;0
3250;0
3251;0
3252;0
3253;0
3254;0
3255;0
3256;0
3257;0
3258;0
3259;0
3260;0
3261;0
3262;0
3263;0
3264;0
3265;0
3266;0
3267;0
3268;0
3269;0
3270;0
3271;0
3272;0
3273;0
3274;0
3275;0
3276;0
3277;0
3278;0
3279;0
3280;0
3281;0
3282;0
3283;0
3284;0
3285;0
3286;0
3287;0
3288;0
3289;0
3290;0
3291;0
3292;0
3293;0
3294;0
3295;0
3296;0
3297;0
3298;0
3299;0
3300;0
3301;0
3302;0
3303;0
3304;0
3305;0
3306;0
3307;0
3308;0
3309;0
3310;0
3311;0
3312;0
3313;0
3314;0
3315;0
3316;0
3317;0
3318;0
3319;0
3320;0
3321;0
3322;0
3323;0
3324;0
3325;0
3326;0
3327;0
3328;0
3329;0
3330;0
3331;0
3332;0
3333;0
3334;0
3335;0
3336;0
3337;0
3338;0
3339;0
3340;0
3341;0
3342;0
3343;0
3344;0
3345;0
3346;0
3347;0
3348;0
3349;0
3350;0
3351;0
3352;0
3353;0
3354;0
3355;0
3356;0
3357;0
3358;0
3359;0
3360;0
3361;0
3362;0
3363;0
3364;0
3365;0
3366;0
3367;0
3368;0
3369;0
3370;0
3371;0
3372;0
3373;0
3374;0
3375;0
3376;0
3377;0
3378;0
3379;0
3380;0
3381;0
3382;0
3383;0
3384;0
3385;0
3386;0
3387;0
3388;0
3389;0
3390;0
3391;0
3392;0
3393;0
3394;0
3395;0
3396;0
3397;0
3398;0
3399;0
3400;0
3401;0
3402;0
3403;0
3404;0
3405;0
3406;0
3407;0
3408;0
3409;0
3410;0
3411;0
3412;0
3413;0
3414;0
3415;0
3416;0
3417;0
3418;0
3419;0
3420;0
3421;0
3422;0
3423;0
3424;0
3425;0
3426;0
3427;0
3428;0
3429;0
3430;0
3431;0
3432;0
3433;0
3434;0
3435;0
3436;0
3437;0
3438;0
3439;0
3440;0
3441;0
3442;0
3443;0
3444;0
3445;0
3446;0
3447;0
3448;0
3449;0
3450;0
3451;0
3452;0
3453;0
3454;0
3455;0
3456;0
3457;0
3458;0
3459;0
3460;0
3461;0
3462;0
3463;0
3464;0
3465;0
3466;0
3467;0
3468;0
3469;0
3470;0
3471;0
3472;0
3473;0
3474;0
3475;0
3476;0
3477;0
3478;0
3479;0
3480;0
3481;0
3482;0
3483;0
3484;0
3485;0
3486;0
3487;0
3488;0
3489;0
3490;0
3491;0
3492;0
3493;0
3494;0
3495;0
3496;0
3497;0
3498;0
3499;0
3500;0
3501;0
3502;0
3503;0
3504;0
3505;0
3506;0
3507;0
3508;0
3509;0
3510;0
3511;0
3512;0
3513;0
3514;0
3515;0
3516;0
3517;0
3518;0
3519;0
3520;0
3521;0
3522;0
3523;0
3524;0
3525;0
3526;0
3527;0
3528;0
3529;0
3530;0
3531;0
3532;0
3533;0
3534;0
3535;0
3536;0
3537;0
3538;0
3539;0
3540;0
3541;0
3542;0
3543;0
3544;0
3545;0
3546;0
3547;0
3548;0
3549;0
3550;0
3551;0
3552;0
3553;0
3554;0
3555;0
3556;0
3557;0
3558;0
3559;0
3560;0
3561;0
3562;0
3563;0
3564;0
3565;0
3566;0
3567;0
3568;0
3569;0
3570;0
3571;0
3572;0
3573;0
3574;0
3575;0
3576;0
3577;0
3578;0
3579;0
3580;0
3581;0
3582;0
3583;0
3584;0
3585;0
3586;0
3587;0
3588;0
3589;0
3590;0
3591;0
3592;0
3593;0
3594;0
3595;0
3596;0
3597;0
3598;0
3599;0
3600;0
3601;0
3602;0
3603;0
3604;0
3605;0
3606;0
3607;0
3608;0
3609;0
3610;0
3611;0
3612;0
3613;0
3614;0
3615;0
3616;0
3617;0
3618;0
3619;0
3620;0
3621;0
3622;0
3623;0
3624;0
3625;0
3626;0
3627;0
3628;0
3629;0
3630;0
3631;0
3632;0
3633;0
3634;0
3635;0
3636;0
3637;0
3638;0
3639;0
3640;0
3641;0
3642;0
3643;0
3644;0
3645;0
3646;0
3647;0
3648;0
3649;0
3650;0
3651;0
3652;0
3653;0
3654;0
3655;0
3656;0
3657;0
3658;0
3659;0
3660;0
3661;0
3662;0
3663;0
3664;0
3665;0
3666;0
3667;0
3668;0
3669;0
3670;0
3671;0
3672;0
3673;0
3674;0
3675;0
3676;0
3677;0
3678;0
3679;0
3680;0
3681;0
3682;0
3683;0
3684;0
3685;0
3686;0
3687;0
3688;0
3689;0
3690;0
3691;0
3692;0
3693;0
3694;0
3695;0
3696;0
3697;0
3698;0
3699;0
3700;0
3701;0
3702;0
3703;0
3704;0
3705;0
3706;0
3707;0
3708;0
3709;0
3710;0
3711;0
3712;0
3713;0
3714;0
3715;0
3716;0
3717;0
3718;0
3719;0
3720;0
3721;0
3722;0
3723;0
3724;0
3725;0
3726;0
3727;0
3728;0
3729;0
3730;0
3731;0
3732;0
3733;0
3734;0
3735;0
3736;0
3737;0
3738;0
3739;0
3740;0
3741;0
3742;0
3743;0
3744;0
3745;0
3746;0
3747;0
3748;0
3749;0
3750;0
3751;0
3752;0
3753;0
3754;0
3755;0
3756;0
3757;0
3758;0
3759;0
3760;0
3761;0
3762;0
3763;0
3764;0
3765;0
3766;0
3767;0
3768;0
3769;0
3770;0
3771;0
3772;0
3773;0
3774;0
3775;0
3776;0
3777;0
3778;0
3779;0
3780;0
3781;0
3782;0
3783;0
3784;0
3785;0
3786;0
3787;0
3788;0
3789;0
3790;0
3791;0
3792;0
3793;0
3794;0
3795;0
3796;0
3797;0
3798;0
3799;0
3800;0
3801;0
3802;0
3803;0
3804;0
3805;0
3806;0
3807;0
3808;0
3809;0
3810;0
3811;0
3812;0
3813;0
3814;0
3815;0
3816;0
3817;0
3818;0
3819;0
3820;0
3821;0
3822;0
3823;0
3824;0
3825;0
3826;0
3827;0
3828;0
3829;0
3830;0
3831;0
3832;0
3833;0
3834;0
3835;0
3836;0
3837;0
3838;0
3839;0
3840;0
3841;0
3842;0
3843;0
3844;0
3845;0
3846;0
3847;0
3848;0
3849;0
3850;0
3851;0
3852;0
3853;0
3854;0
3855;0
3856;0
3857;0
3858;0
3859;0
3860;0
3861;0
3862;0
3863;0
3864;0
3865;0
3866;0
3867;0
3868;0
3869;0
3870;0
3871;0
3872;0
3873;0
3874;0
3875;0
3876;0
3877;0
3878;0
3879;0
3880;0
3881;0
3882;0
3883;0
3884;0
3885;0
3886;0
3887;0
3888;0
3889;0
3890;0
3891;0
3892;0
3893;0
3894;0
3895;0
3896;0
3897;0
3898;0
3899;0
3900;0
3901;0
3902;0
3903;0
3904;0
3905;0
3906;0
3907;0
3908;0
3909;0
3910;0
3911;0
3912;0
3913;0
3914;0
3915;0
3916;0
3917;0
3918;0
3919;0
3920;0
3921;0
3922;0
3923;0
3924;0
3925;0
3926;0
3927;0
3928;0
3929;0
3930;0
3931;0
3932;0
3933;0
3934;0
3935;0
3936;0
3937;0
3938;0
3939;0
3940;0
3941;0
3942;0
3943;0
3944;0
3945;0
3946;0
3947;0
3948;0
3949;0
3950;0
3951;0
3952;0
3953;0
3954;0
3955;0
3956;0
3957;0
3958;0
3959;0
3960;0
3961;0
3962;0
3963;0
3964;0
3965;0
3966;0
3967;0
3968;0
3969;0
3970;0
3971;0
3972;0
3973;0
3974;0
3975;0
3976;0
3977;0
3978;0
3979;0
3980;0
3981;0
3982;0
3983;0
3984;0
3985;0
3986;0
3987;0
3988;0
3989;0
3990;0
3991;0
3992;0
3993;0
3994;0
3995;0
3996;0
3997;0
3998;0
3999;0
4000;0
4001;0
4002;0
4003;0
4004;0
4005;0
4006;0
4007;0
4008;0
4009;0
4010;0
4011;0
4012;0
4013;0
4014;0
4015;0
4016;0
4017;0
4018;0
4019;0
4020;0
4021;0
4022;0
4023;0
4024;0
4025;0
4026;0
4027;0
4028;0
4029;0
4030;0
4031;0
4032;0
4033;0
4034;0
4035;0
4036;0
4037;0
4038;0
4039;0
4040;0
4041;0
4042;0
4043;0
4044;0
4045;0
4046;0
4047;0
4048;0
4049;0
4050;0
4051;0
4052;0
4053;0
4054;0
4055;0
4056;0
4057;0
4058;0
4059;0
4060;0
4061;0
4062;0
4063;0
4064;0
4065;0
4066;0
4067;0
4068;0
4069;0
4070;0
4071;0
4072;0
4073;0
4074;0
4075;0
4076;0
4077;0
4078;0
4079;0
4080;0
4081;0
4082;0
4083;0
4084;0
4085;0
4086;0
4087;0
4088;0
4089;0
4090;0
4091;0
4092;0
4093;0
4094;0
4095;0
4096;0
