L 64,p 0.585300,Z 100000
/* Tamanio de cluster; Ocurrencias de cada tamaño de cluster */
1;7731766
2;1691067
3;1016421
4;662212
5;464718
6;344254
7;266059
8;213948
9;174828
10;146406
11;124274
12;107023
13;93304
14;82975
15;72710
16;65218
17;58881
18;53556
19;48816
20;44469
21;41130
22;37881
23;34989
24;32467
25;30417
26;28437
27;26761
28;25016
29;23373
30;22028
31;21029
32;19824
33;18846
34;17854
35;16845
36;16179
37;15370
38;14701
39;14066
40;13593
41;13070
42;12487
43;11889
44;11192
45;10986
46;10714
47;10327
48;9721
49;9592
50;9194
51;8935
52;8599
53;8135
54;8201
55;7669
56;7442
57;7342
58;7143
59;6922
60;6834
61;6598
62;6376
63;6202
64;6032
65;5840
66;5745
67;5490
68;5474
69;5325
70;5125
71;4979
72;5051
73;4796
74;4725
75;4563
76;4511
77;4407
78;4221
79;4193
80;4201
81;3990
82;3993
83;3827
84;3759
85;3684
86;3547
87;3704
88;3496
89;3458
90;3433
91;3400
92;3214
93;3208
94;3197
95;3077
96;2998
97;2962
98;2955
99;2837
100;2815
101;2748
102;2803
103;2687
104;2597
105;2616
106;2548
107;2523
108;2530
109;2380
110;2455
111;2334
112;2268
113;2379
114;2223
115;2265
116;2155
117;2141
118;2126
119;2134
120;2069
121;2038
122;1974
123;1930
124;1997
125;1961
126;1930
127;1894
128;1891
129;1863
130;1874
131;1866
132;1704
133;1743
134;1722
135;1692
136;1663
137;1628
138;1594
139;1571
140;1633
141;1569
142;1578
143;1617
144;1450
145;1535
146;1454
147;1470
148;1453
149;1435
150;1500
151;1388
152;1392
153;1408
154;1334
155;1379
156;1288
157;1312
158;1350
159;1278
160;1270
161;1260
162;1282
163;1248
164;1258
165;1160
166;1258
167;1162
168;1240
169;1145
170;1186
171;1126
172;1137
173;1085
174;1122
175;1161
176;1120
177;1084
178;1106
179;1107
180;1129
181;1016
182;1035
183;1066
184;962
185;1015
186;1006
187;997
188;986
189;902
190;933
191;950
192;939
193;930
194;906
195;935
196;933
197;848
198;863
199;927
200;883
201;859
202;860
203;833
204;853
205;777
206;835
207;855
208;807
209;795
210;847
211;843
212;769
213;810
214;773
215;793
216;832
217;741
218;788
219;713
220;767
221;795
222;782
223;705
224;749
225;694
226;743
227;763
228;716
229;653
230;694
231;691
232;686
233;679
234;680
235;724
236;703
237;655
238;656
239;708
240;676
241;689
242;635
243;642
244;642
245;624
246;628
247;631
248;593
249;622
250;620
251;613
252;619
253;582
254;597
255;619
256;591
257;582
258;539
259;561
260;618
261;577
262;544
263;571
264;525
265;537
266;577
267;530
268;583
269;548
270;538
271;518
272;529
273;544
274;539
275;512
276;522
277;503
278;521
279;449
280;497
281;518
282;520
283;509
284;545
285;478
286;533
287;460
288;535
289;465
290;486
291;452
292;486
293;480
294;480
295;517
296;465
297;459
298;442
299;457
300;453
301;407
302;461
303;423
304;478
305;416
306;477
307;426
308;430
309;450
310;422
311;430
312;416
313;424
314;441
315;394
316;391
317;450
318;393
319;401
320;395
321;415
322;409
323;386
324;406
325;377
326;419
327;399
328;393
329;408
330;416
331;376
332;417
333;374
334;387
335;359
336;383
337;369
338;369
339;395
340;327
341;337
342;381
343;395
344;361
345;372
346;354
347;396
348;320
349;364
350;367
351;383
352;340
353;323
354;333
355;333
356;328
357;346
358;347
359;297
360;331
361;317
362;327
363;330
364;288
365;345
366;297
367;309
368;319
369;332
370;314
371;333
372;318
373;293
374;321
375;313
376;291
377;297
378;319
379;299
380;267
381;314
382;307
383;281
384;299
385;303
386;337
387;285
388;308
389;314
390;272
391;310
392;316
393;330
394;265
395;307
396;300
397;271
398;271
399;284
400;299
401;280
402;284
403;310
404;303
405;292
406;281
407;260
408;308
409;254
410;255
411;269
412;292
413;225
414;265
415;235
416;278
417;264
418;255
419;291
420;286
421;262
422;273
423;247
424;248
425;275
426;262
427;241
428;271
429;242
430;238
431;267
432;270
433;240
434;239
435;250
436;255
437;258
438;247
439;220
440;253
441;263
442;248
443;270
444;234
445;261
446;226
447;237
448;251
449;225
450;209
451;223
452;242
453;220
454;236
455;224
456;238
457;226
458;226
459;215
460;211
461;207
462;225
463;230
464;192
465;215
466;232
467;199
468;210
469;237
470;239
471;223
472;231
473;201
474;226
475;236
476;220
477;212
478;195
479;210
480;228
481;232
482;202
483;191
484;225
485;210
486;188
487;200
488;223
489;203
490;200
491;200
492;237
493;181
494;207
495;165
496;214
497;179
498;174
499;193
500;198
501;180
502;202
503;184
504;208
505;211
506;200
507;195
508;198
509;171
510;165
511;217
512;210
513;179
514;154
515;161
516;197
517;207
518;197
519;161
520;185
521;198
522;179
523;152
524;193
525;165
526;191
527;181
528;171
529;178
530;160
531;173
532;183
533;171
534;170
535;174
536;182
537;159
538;180
539;160
540;202
541;167
542;177
543;201
544;186
545;161
546;176
547;167
548;184
549;171
550;168
551;170
552;179
553;161
554;165
555;169
556;137
557;180
558;168
559;155
560;166
561;167
562;157
563;146
564;147
565;154
566;172
567;153
568;166
569;170
570;151
571;168
572;154
573;145
574;194
575;166
576;145
577;159
578;179
579;143
580;132
581;139
582;133
583;176
584;147
585;153
586;157
587;149
588;136
589;152
590;157
591;143
592;121
593;142
594;129
595;132
596;144
597;142
598;142
599;126
600;154
601;139
602;150
603;135
604;142
605;142
606;129
607;151
608;143
609;132
610;153
611;127
612;136
613;138
614;138
615;158
616;137
617;150
618;132
619;122
620;159
621;122
622;135
623;132
624;125
625;141
626;133
627;135
628;129
629;107
630;130
631;112
632;132
633;137
634;139
635;123
636;127
637;133
638;138
639;115
640;124
641;153
642;138
643;128
644;128
645;129
646;131
647;127
648;146
649;120
650;118
651;129
652;128
653;121
654;119
655;139
656;132
657;140
658;128
659;131
660;130
661;112
662;125
663;134
664;119
665;128
666;100
667;132
668;107
669;134
670;97
671;115
672;129
673;115
674;136
675;103
676;123
677;128
678;111
679;126
680;115
681;114
682;100
683;121
684;121
685;130
686;120
687;111
688;119
689;96
690;107
691;103
692;112
693;105
694;103
695;114
696;100
697;114
698;114
699;115
700;106
701;132
702;106
703;105
704;113
705;98
706;116
707;110
708;100
709;117
710;129
711;113
712;107
713;119
714;87
715;124
716;105
717;102
718;87
719;112
720;94
721;118
722;102
723;133
724;99
725;115
726;104
727;113
728;109
729;115
730;103
731;127
732;98
733;108
734;101
735;107
736;100
737;107
738;94
739;94
740;94
741;98
742;100
743;107
744;94
745;83
746;98
747;105
748;86
749;97
750;129
751;93
752;102
753;90
754;125
755;102
756;101
757;114
758;82
759;130
760;105
761;95
762;117
763;116
764;100
765;84
766;124
767;97
768;88
769;96
770;105
771;91
772;85
773;87
774;100
775;83
776;95
777;117
778;85
779;83
780;67
781;94
782;94
783;98
784;83
785;101
786;70
787;101
788;75
789;91
790;91
791;89
792;73
793;78
794;88
795;80
796;80
797;85
798;111
799;88
800;84
801;77
802;92
803;77
804;82
805;69
806;84
807;92
808;89
809;91
810;91
811;88
812;88
813;89
814;76
815;82
816;78
817;83
818;73
819;95
820;73
821;85
822;91
823;104
824;64
825;90
826;93
827;93
828;86
829;78
830;92
831;68
832;85
833;82
834;66
835;72
836;98
837;86
838;80
839;74
840;97
841;70
842;58
843;76
844;82
845;73
846;77
847;75
848;74
849;82
850;75
851;84
852;87
853;69
854;73
855;80
856;86
857;72
858;78
859;64
860;74
861;84
862;69
863;95
864;86
865;79
866;62
867;80
868;82
869;75
870;68
871;86
872;86
873;76
874;73
875;78
876;67
877;65
878;66
879;72
880;56
881;67
882;76
883;60
884;72
885;75
886;70
887;80
888;70
889;79
890;71
891;65
892;72
893;69
894;83
895;78
896;60
897;72
898;59
899;84
900;61
901;53
902;58
903;85
904;73
905;66
906;69
907;74
908;71
909;71
910;62
911;82
912;72
913;75
914;80
915;68
916;74
917;79
918;71
919;66
920;59
921;65
922;55
923;74
924;78
925;70
926;53
927;71
928;66
929;63
930;58
931;57
932;65
933;70
934;63
935;75
936;70
937;63
938;72
939;57
940;65
941;52
942;70
943;52
944;60
945;60
946;64
947;53
948;64
949;67
950;48
951;65
952;78
953;57
954;58
955;60
956;54
957;58
958;50
959;60
960;57
961;76
962;53
963;58
964;51
965;48
966;56
967;53
968;68
969;60
970;56
971;67
972;69
973;52
974;48
975;56
976;60
977;70
978;68
979;61
980;62
981;50
982;56
983;49
984;61
985;52
986;64
987;61
988;48
989;47
990;58
991;46
992;58
993;58
994;62
995;50
996;48
997;58
998;50
999;59
1000;66
1001;64
1002;58
1003;54
1004;40
1005;51
1006;45
1007;49
1008;39
1009;35
1010;54
1011;49
1012;50
1013;54
1014;50
1015;59
1016;45
1017;60
1018;48
1019;44
1020;46
1021;56
1022;42
1023;51
1024;49
1025;56
1026;53
1027;41
1028;58
1029;47
1030;64
1031;45
1032;35
1033;53
1034;51
1035;51
1036;51
1037;42
1038;39
1039;45
1040;51
1041;59
1042;56
1043;54
1044;45
1045;44
1046;59
1047;45
1048;39
1049;55
1050;55
1051;48
1052;55
1053;50
1054;53
1055;55
1056;50
1057;50
1058;35
1059;47
1060;34
1061;48
1062;50
1063;56
1064;44
1065;42
1066;40
1067;48
1068;42
1069;37
1070;41
1071;45
1072;50
1073;53
1074;37
1075;38
1076;50
1077;48
1078;42
1079;34
1080;50
1081;60
1082;43
1083;52
1084;46
1085;38
1086;56
1087;42
1088;43
1089;49
1090;30
1091;46
1092;47
1093;42
1094;40
1095;44
1096;49
1097;45
1098;49
1099;42
1100;39
1101;47
1102;42
1103;43
1104;51
1105;37
1106;36
1107;46
1108;36
1109;39
1110;45
1111;41
1112;36
1113;48
1114;52
1115;50
1116;38
1117;34
1118;69
1119;50
1120;38
1121;34
1122;36
1123;37
1124;41
1125;46
1126;38
1127;37
1128;34
1129;35
1130;26
1131;55
1132;38
1133;37
1134;38
1135;33
1136;34
1137;42
1138;30
1139;29
1140;48
1141;36
1142;45
1143;35
1144;38
1145;35
1146;27
1147;28
1148;29
1149;26
1150;34
1151;42
1152;43
1153;41
1154;39
1155;35
1156;32
1157;35
1158;28
1159;35
1160;28
1161;41
1162;37
1163;40
1164;35
1165;28
1166;29
1167;36
1168;33
1169;34
1170;29
1171;29
1172;31
1173;28
1174;34
1175;17
1176;39
1177;32
1178;40
1179;35
1180;28
1181;27
1182;28
1183;30
1184;34
1185;26
1186;27
1187;33
1188;40
1189;29
1190;25
1191;39
1192;25
1193;32
1194;29
1195;29
1196;29
1197;28
1198;30
1199;26
1200;25
1201;27
1202;40
1203;28
1204;31
1205;24
1206;27
1207;32
1208;31
1209;33
1210;43
1211;33
1212;30
1213;31
1214;25
1215;30
1216;28
1217;26
1218;28
1219;34
1220;29
1221;29
1222;37
1223;23
1224;38
1225;28
1226;35
1227;35
1228;16
1229;25
1230;21
1231;14
1232;30
1233;26
1234;14
1235;35
1236;34
1237;21
1238;26
1239;21
1240;33
1241;23
1242;23
1243;38
1244;27
1245;30
1246;34
1247;23
1248;33
1249;26
1250;34
1251;25
1252;21
1253;23
1254;23
1255;20
1256;27
1257;21
1258;25
1259;24
1260;22
1261;11
1262;26
1263;29
1264;21
1265;25
1266;28
1267;24
1268;26
1269;19
1270;25
1271;14
1272;20
1273;23
1274;19
1275;29
1276;27
1277;13
1278;25
1279;15
1280;18
1281;32
1282;18
1283;21
1284;27
1285;25
1286;20
1287;20
1288;20
1289;25
1290;16
1291;21
1292;15
1293;24
1294;27
1295;28
1296;18
1297;23
1298;23
1299;25
1300;22
1301;33
1302;21
1303;21
1304;21
1305;14
1306;22
1307;16
1308;20
1309;23
1310;16
1311;13
1312;21
1313;15
1314;24
1315;18
1316;28
1317;25
1318;18
1319;21
1320;17
1321;17
1322;11
1323;22
1324;19
1325;21
1326;19
1327;22
1328;22
1329;19
1330;14
1331;18
1332;15
1333;20
1334;11
1335;15
1336;16
1337;21
1338;19
1339;14
1340;17
1341;19
1342;15
1343;16
1344;21
1345;22
1346;16
1347;24
1348;22
1349;16
1350;15
1351;25
1352;15
1353;15
1354;14
1355;22
1356;14
1357;16
1358;16
1359;16
1360;17
1361;18
1362;14
1363;18
1364;21
1365;19
1366;17
1367;19
1368;17
1369;18
1370;12
1371;18
1372;15
1373;14
1374;15
1375;11
1376;18
1377;22
1378;16
1379;18
1380;22
1381;18
1382;16
1383;19
1384;18
1385;15
1386;14
1387;18
1388;18
1389;13
1390;12
1391;21
1392;15
1393;13
1394;13
1395;10
1396;12
1397;19
1398;13
1399;16
1400;18
1401;10
1402;13
1403;17
1404;11
1405;9
1406;7
1407;14
1408;15
1409;25
1410;16
1411;12
1412;11
1413;12
1414;9
1415;13
1416;10
1417;13
1418;11
1419;8
1420;8
1421;15
1422;17
1423;9
1424;10
1425;12
1426;11
1427;10
1428;9
1429;17
1430;20
1431;11
1432;12
1433;11
1434;14
1435;10
1436;9
1437;9
1438;7
1439;13
1440;10
1441;16
1442;14
1443;14
1444;10
1445;10
1446;9
1447;7
1448;9
1449;7
1450;10
1451;16
1452;13
1453;8
1454;10
1455;15
1456;11
1457;5
1458;10
1459;12
1460;10
1461;9
1462;12
1463;9
1464;10
1465;4
1466;8
1467;3
1468;10
1469;9
1470;14
1471;8
1472;8
1473;13
1474;8
1475;11
1476;8
1477;12
1478;6
1479;11
1480;12
1481;11
1482;8
1483;5
1484;11
1485;9
1486;9
1487;8
1488;11
1489;10
1490;7
1491;9
1492;6
1493;14
1494;6
1495;9
1496;7
1497;6
1498;9
1499;13
1500;8
1501;7
1502;12
1503;7
1504;5
1505;5
1506;5
1507;10
1508;3
1509;8
1510;8
1511;7
1512;8
1513;13
1514;5
1515;5
1516;8
1517;13
1518;6
1519;7
1520;8
1521;7
1522;11
1523;7
1524;4
1525;9
1526;5
1527;7
1528;7
1529;10
1530;7
1531;7
1532;3
1533;7
1534;5
1535;7
1536;7
1537;8
1538;5
1539;6
1540;5
1541;3
1542;2
1543;6
1544;12
1545;5
1546;1
1547;3
1548;5
1549;8
1550;8
1551;7
1552;4
1553;5
1554;5
1555;7
1556;2
1557;5
1558;6
1559;6
1560;5
1561;7
1562;3
1563;7
1564;8
1565;4
1566;7
1567;3
1568;8
1569;8
1570;4
1571;3
1572;7
1573;8
1574;6
1575;4
1576;8
1577;7
1578;3
1579;4
1580;4
1581;5
1582;3
1583;7
1584;6
1585;5
1586;6
1587;3
1588;2
1589;3
1590;3
1591;2
1592;6
1593;4
1594;3
1595;4
1596;5
1597;4
1598;0
1599;3
1600;5
1601;1
1602;3
1603;6
1604;2
1605;5
1606;1
1607;3
1608;6
1609;5
1610;5
1611;1
1612;3
1613;3
1614;2
1615;2
1616;4
1617;6
1618;3
1619;3
1620;2
1621;4
1622;2
1623;2
1624;4
1625;2
1626;3
1627;4
1628;4
1629;4
1630;3
1631;5
1632;2
1633;5
1634;7
1635;3
1636;0
1637;6
1638;2
1639;4
1640;0
1641;7
1642;2
1643;3
1644;3
1645;3
1646;4
1647;1
1648;6
1649;1
1650;1
1651;3
1652;2
1653;1
1654;1
1655;0
1656;5
1657;1
1658;2
1659;3
1660;2
1661;3
1662;4
1663;1
1664;0
1665;2
1666;1
1667;0
1668;3
1669;3
1670;4
1671;2
1672;3
1673;2
1674;0
1675;3
1676;1
1677;2
1678;4
1679;3
1680;4
1681;1
1682;2
1683;0
1684;0
1685;1
1686;3
1687;2
1688;1
1689;0
1690;0
1691;1
1692;2
1693;3
1694;0
1695;0
1696;3
1697;0
1698;1
1699;2
1700;3
1701;1
1702;2
1703;0
1704;3
1705;2
1706;0
1707;2
1708;4
1709;5
1710;0
1711;2
1712;2
1713;1
1714;1
1715;2
1716;2
1717;2
1718;0
1719;2
1720;1
1721;0
1722;0
1723;0
1724;2
1725;1
1726;0
1727;1
1728;2
1729;0
1730;0
1731;0
1732;0
1733;0
1734;2
1735;0
1736;3
1737;2
1738;1
1739;0
1740;0
1741;3
1742;0
1743;0
1744;3
1745;1
1746;1
1747;0
1748;1
1749;1
1750;2
1751;2
1752;0
1753;0
1754;1
1755;1
1756;0
1757;2
1758;0
1759;0
1760;0
1761;0
1762;0
1763;0
1764;1
1765;0
1766;0
1767;0
1768;0
1769;0
1770;1
1771;0
1772;0
1773;0
1774;1
1775;1
1776;1
1777;0
1778;1
1779;3
1780;1
1781;0
1782;1
1783;0
1784;0
1785;1
1786;0
1787;1
1788;1
1789;1
1790;0
1791;0
1792;0
1793;2
1794;0
1795;2
1796;1
1797;1
1798;1
1799;2
1800;0
1801;3
1802;0
1803;0
1804;1
1805;0
1806;0
1807;0
1808;0
1809;2
1810;0
1811;0
1812;1
1813;1
1814;0
1815;0
1816;1
1817;1
1818;0
1819;0
1820;0
1821;0
1822;1
1823;0
1824;0
1825;0
1826;1
1827;0
1828;0
1829;0
1830;0
1831;0
1832;0
1833;1
1834;0
1835;1
1836;1
1837;0
1838;0
1839;0
1840;1
1841;0
1842;1
1843;0
1844;0
1845;1
1846;2
1847;0
1848;0
1849;0
1850;0
1851;0
1852;0
1853;1
1854;0
1855;0
1856;0
1857;0
1858;0
1859;0
1860;0
1861;0
1862;1
1863;1
1864;0
1865;0
1866;0
1867;0
1868;0
1869;0
1870;0
1871;0
1872;0
1873;0
1874;0
1875;0
1876;0
1877;0
1878;0
1879;0
1880;0
1881;0
1882;0
1883;0
1884;0
1885;0
1886;0
1887;0
1888;1
1889;0
1890;0
1891;0
1892;0
1893;0
1894;0
1895;0
1896;0
1897;0
1898;0
1899;0
1900;0
1901;1
1902;0
1903;0
1904;0
1905;0
1906;0
1907;0
1908;0
1909;0
1910;0
1911;0
1912;0
1913;0
1914;0
1915;0
1916;0
1917;0
1918;0
1919;0
1920;0
1921;0
1922;1
1923;0
1924;0
1925;0
1926;0
1927;0
1928;0
1929;0
1930;0
1931;0
1932;0
1933;0
1934;0
1935;0
1936;0
1937;1
1938;0
1939;0
1940;0
1941;0
1942;0
1943;0
1944;0
1945;0
1946;0
1947;0
1948;0
1949;0
1950;0
1951;0
1952;0
1953;0
1954;0
1955;0
1956;0
1957;0
1958;0
1959;0
1960;0
1961;0
1962;0
1963;0
1964;0
1965;0
1966;0
1967;0
1968;0
1969;0
1970;0
1971;0
1972;0
1973;0
1974;0
1975;0
1976;0
1977;0
1978;1
1979;0
1980;0
1981;0
1982;0
1983;0
1984;0
1985;0
1986;0
1987;0
1988;0
1989;1
1990;0
1991;0
1992;0
1993;0
1994;0
1995;0
1996;0
1997;0
1998;0
1999;0
2000;0
2001;0
2002;0
2003;0
2004;1
2005;0
2006;0
2007;0
2008;0
2009;0
2010;0
2011;0
2012;0
2013;0
2014;0
2015;0
2016;0
2017;0
2018;0
2019;0
2020;0
2021;0
2022;0
2023;0
2024;0
2025;0
2026;0
2027;0
2028;0
2029;0
2030;0
2031;0
2032;0
2033;0
2034;0
2035;0
2036;0
2037;0
2038;0
2039;0
2040;0
2041;0
2042;0
2043;0
2044;0
2045;0
2046;0
2047;0
2048;0
2049;0
2050;0
2051;0
2052;0
2053;0
2054;0
2055;0
2056;0
2057;0
2058;0
2059;0
2060;0
2061;0
2062;0
2063;0
2064;0
2065;0
2066;0
2067;0
2068;0
2069;0
2070;0
2071;0
2072;0
2073;0
2074;0
2075;0
2076;0
2077;0
2078;0
2079;0
2080;0
2081;0
2082;0
2083;0
2084;0
2085;0
2086;0
2087;0
2088;0
2089;0
2090;0
2091;0
2092;0
2093;0
2094;0
2095;0
2096;0
2097;0
2098;0
2099;0
2100;0
2101;0
2102;0
2103;0
2104;0
2105;0
2106;0
2107;0
2108;0
2109;0
2110;0
2111;0
2112;0
2113;0
2114;0
2115;0
2116;0
2117;0
2118;0
2119;0
2120;0
2121;0
2122;0
2123;0
2124;0
2125;0
2126;0
2127;0
2128;0
2129;0
2130;0
2131;0
2132;0
2133;0
2134;0
2135;0
2136;0
2137;0
2138;0
2139;0
2140;0
2141;0
2142;0
2143;0
2144;0
2145;0
2146;0
2147;0
2148;0
2149;0
2150;0
2151;0
2152;0
2153;0
2154;0
2155;0
2156;0
2157;0
2158;0
2159;0
2160;0
2161;0
2162;0
2163;0
2164;0
2165;0
2166;0
2167;0
2168;0
2169;0
2170;0
2171;0
2172;0
2173;0
2174;0
2175;0
2176;0
2177;0
2178;0
2179;0
2180;0
2181;0
2182;0
2183;0
2184;0
2185;0
2186;0
2187;0
2188;0
2189;0
2190;0
2191;0
2192;0
2193;0
2194;0
2195;0
2196;0
2197;0
2198;0
2199;0
2200;0
2201;0
2202;0
2203;0
2204;0
2205;0
2206;0
2207;0
2208;0
2209;0
2210;0
2211;0
2212;0
2213;0
2214;0
2215;0
2216;0
2217;0
2218;0
2219;0
2220;0
2221;0
2222;0
2223;0
2224;0
2225;0
2226;0
2227;0
2228;0
2229;0
2230;0
2231;0
2232;0
2233;0
2234;0
2235;0
2236;0
2237;0
2238;0
2239;0
2240;0
2241;0
2242;0
2243;0
2244;0
2245;0
2246;0
2247;0
2248;0
2249;0
2250;0
2251;0
2252;0
2253;0
2254;0
2255;0
2256;0
2257;0
2258;0
2259;0
2260;0
2261;0
2262;0
2263;0
2264;0
2265;0
2266;0
2267;0
2268;0
2269;0
2270;0
2271;0
2272;0
2273;0
2274;0
2275;0
2276;0
2277;0
2278;0
2279;0
2280;0
2281;0
2282;0
2283;0
2284;0
2285;0
2286;0
2287;0
2288;0
2289;0
2290;0
2291;0
2292;0
2293;0
2294;0
2295;0
2296;0
2297;0
2298;0
2299;0
2300;0
2301;0
2302;0
2303;0
2304;0
2305;0
2306;0
2307;0
2308;0
2309;0
2310;0
2311;0
2312;0
2313;0
2314;0
2315;0
2316;0
2317;0
2318;0
2319;0
2320;0
2321;0
2322;0
2323;0
2324;0
2325;0
2326;0
2327;0
2328;0
2329;0
2330;0
2331;0
2332;0
2333;0
2334;0
2335;0
2336;0
2337;0
2338;0
2339;0
2340;0
2341;0
2342;0
2343;0
2344;0
2345;0
2346;0
2347;0
2348;0
2349;0
2350;0
2351;0
2352;0
2353;0
2354;0
2355;0
2356;0
2357;0
2358;0
2359;0
2360;0
2361;0
2362;0
2363;0
2364;0
2365;0
2366;0
2367;0
2368;0
2369;0
2370;0
2371;0
2372;0
2373;0
2374;0
2375;0
2376;0
2377;0
2378;0
2379;0
2380;0
2381;0
2382;0
2383;0
2384;0
2385;0
2386;0
2387;0
2388;0
2389;0
2390;0
2391;0
2392;0
2393;0
2394;0
2395;0
2396;0
2397;0
2398;0
2399;0
2400;0
2401;0
2402;0
2403;0
2404;0
2405;0
2406;0
2407;0
2408;0
2409;0
2410;0
2411;0
2412;0
2413;0
2414;0
2415;0
2416;0
2417;0
2418;0
2419;0
2420;0
2421;0
2422;0
2423;0
2424;0
2425;0
2426;0
2427;0
2428;0
2429;0
2430;0
2431;0
2432;0
2433;0
2434;0
2435;0
2436;0
2437;0
2438;0
2439;0
2440;0
2441;0
2442;0
2443;0
2444;0
2445;0
2446;0
2447;0
2448;0
2449;0
2450;0
2451;0
2452;0
2453;0
2454;0
2455;0
2456;0
2457;0
2458;0
2459;0
2460;0
2461;0
2462;0
2463;0
2464;0
2465;0
2466;0
2467;0
2468;0
2469;0
2470;0
2471;0
2472;0
2473;0
2474;0
2475;0
2476;0
2477;0
2478;0
2479;0
2480;0
2481;0
2482;0
2483;0
2484;0
2485;0
2486;0
2487;0
2488;0
2489;0
2490;0
2491;0
2492;0
2493;0
2494;0
2495;0
2496;0
2497;0
2498;0
2499;0
2500;0
2501;0
2502;0
2503;0
2504;0
2505;0
2506;0
2507;0
2508;0
2509;0
2510;0
2511;0
2512;0
2513;0
2514;0
2515;0
2516;0
2517;0
2518;0
2519;0
2520;0
2521;0
2522;0
2523;0
2524;0
2525;0
2526;0
2527;0
2528;0
2529;0
2530;0
2531;0
2532;0
2533;0
2534;0
2535;0
2536;0
2537;0
2538;0
2539;0
2540;0
2541;0
2542;0
2543;0
2544;0
2545;0
2546;0
2547;0
2548;0
2549;0
2550;0
2551;0
2552;0
2553;0
2554;0
2555;0
2556;0
2557;0
2558;0
2559;0
2560;0
2561;0
2562;0
2563;0
2564;0
2565;0
2566;0
2567;0
2568;0
2569;0
2570;0
2571;0
2572;0
2573;0
2574;0
2575;0
2576;0
2577;0
2578;0
2579;0
2580;0
2581;0
2582;0
2583;0
2584;0
2585;0
2586;0
2587;0
2588;0
2589;0
2590;0
2591;0
2592;0
2593;0
2594;0
2595;0
2596;0
2597;0
2598;0
2599;0
2600;0
2601;0
2602;0
2603;0
2604;0
2605;0
2606;0
2607;0
2608;0
2609;0
2610;0
2611;0
2612;0
2613;0
2614;0
2615;0
2616;0
2617;0
2618;0
2619;0
2620;0
2621;0
2622;0
2623;0
2624;0
2625;0
2626;0
2627;0
2628;0
2629;0
2630;0
2631;0
2632;0
2633;0
2634;0
2635;0
2636;0
2637;0
2638;0
2639;0
2640;0
2641;0
2642;0
2643;0
2644;0
2645;0
2646;0
2647;0
2648;0
2649;0
2650;0
2651;0
2652;0
2653;0
2654;0
2655;0
2656;0
2657;0
2658;0
2659;0
2660;0
2661;0
2662;0
2663;0
2664;0
2665;0
2666;0
2667;0
2668;0
2669;0
2670;0
2671;0
2672;0
2673;0
2674;0
2675;0
2676;0
2677;0
2678;0
2679;0
2680;0
2681;0
2682;0
2683;0
2684;0
2685;0
2686;0
2687;0
2688;0
2689;0
2690;0
2691;0
2692;0
2693;0
2694;0
2695;0
2696;0
2697;0
2698;0
2699;0
2700;0
2701;0
2702;0
2703;0
2704;0
2705;0
2706;0
2707;0
2708;0
2709;0
2710;0
2711;0
2712;0
2713;0
2714;0
2715;0
2716;0
2717;0
2718;0
2719;0
2720;0
2721;0
2722;0
2723;0
2724;0
2725;0
2726;0
2727;0
2728;0
2729;0
2730;0
2731;0
2732;0
2733;0
2734;0
2735;0
2736;0
2737;0
2738;0
2739;0
2740;0
2741;0
2742;0
2743;0
2744;0
2745;0
2746;0
2747;0
2748;0
2749;0
2750;0
2751;0
2752;0
2753;0
2754;0
2755;0
2756;0
2757;0
2758;0
2759;0
2760;0
2761;0
2762;0
2763;0
2764;0
2765;0
2766;0
2767;0
2768;0
2769;0
2770;0
2771;0
2772;0
2773;0
2774;0
2775;0
2776;0
2777;0
2778;0
2779;0
2780;0
2781;0
2782;0
2783;0
2784;0
2785;0
2786;0
2787;0
2788;0
2789;0
2790;0
2791;0
2792;0
2793;0
2794;0
2795;0
2796;0
2797;0
2798;0
2799;0
2800;0
2801;0
2802;0
2803;0
2804;0
2805;0
2806;0
2807;0
2808;0
2809;0
2810;0
2811;0
2812;0
2813;0
2814;0
2815;0
2816;0
2817;0
2818;0
2819;0
2820;0
2821;0
2822;0
2823;0
2824;0
2825;0
2826;0
2827;0
2828;0
2829;0
2830;0
2831;0
2832;0
2833;0
2834;0
2835;0
2836;0
2837;0
2838;0
2839;0
2840;0
2841;0
2842;0
2843;0
2844;0
2845;0
2846;0
2847;0
2848;0
2849;0
2850;0
2851;0
2852;0
2853;0
2854;0
2855;0
2856;0
2857;0
2858;0
2859;0
2860;0
2861;0
2862;0
2863;0
2864;0
2865;0
2866;0
2867;0
2868;0
2869;0
2870;0
2871;0
2872;0
2873;0
2874;0
2875;0
2876;0
2877;0
2878;0
2879;0
2880;0
2881;0
2882;0
2883;0
2884;0
2885;0
2886;0
2887;0
2888;0
2889;0
2890;0
2891;0
2892;0
2893;0
2894;0
2895;0
2896;0
2897;0
2898;0
2899;0
2900;0
2901;0
2902;0
2903;0
2904;0
2905;0
2906;0
2907;0
2908;0
2909;0
2910;0
2911;0
2912;0
2913;0
2914;0
2915;0
2916;0
2917;0
2918;0
2919;0
2920;0
2921;0
2922;0
2923;0
2924;0
2925;0
2926;0
2927;0
2928;0
2929;0
2930;0
2931;0
2932;0
2933;0
2934;0
2935;0
2936;0
2937;0
2938;0
2939;0
2940;0
2941;0
2942;0
2943;0
2944;0
2945;0
2946;0
2947;0
2948;0
2949;0
2950;0
2951;0
2952;0
2953;0
2954;0
2955;0
2956;0
2957;0
2958;0
2959;0
2960;0
2961;0
2962;0
2963;0
2964;0
2965;0
2966;0
2967;0
2968;0
2969;0
2970;0
2971;0
2972;0
2973;0
2974;0
2975;0
2976;0
2977;0
2978;0
2979;0
2980;0
2981;0
2982;0
2983;0
2984;0
2985;0
2986;0
2987;0
2988;0
2989;0
2990;0
2991;0
2992;0
2993;0
2994;0
2995;0
2996;0
2997;0
2998;0
2999;0
3000;0
3001;0
3002;0
3003;0
3004;0
3005;0
3006;0
3007;0
3008;0
3009;0
3010;0
3011;0
3012;0
3013;0
3014;0
3015;0
3016;0
3017;0
3018;0
3019;0
3020;0
3021;0
3022;0
3023;0
3024;0
3025;0
3026;0
3027;0
3028;0
3029;0
3030;0
3031;0
3032;0
3033;0
3034;0
3035;0
3036;0
3037;0
3038;0
3039;0
3040;0
3041;0
3042;0
3043;0
3044;0
3045;0
3046;0
3047;0
3048;0
3049;0
3050;0
3051;0
3052;0
3053;0
3054;0
3055;0
3056;0
3057;0
3058;0
3059;0
3060;0
3061;0
3062;0
3063;0
3064;0
3065;0
3066;0
3067;0
3068;0
3069;0
3070;0
3071;0
3072;0
3073;0
3074;0
3075;0
3076;0
3077;0
3078;0
3079;0
3080;0
3081;0
3082;0
3083;0
3084;0
3085;0
3086;0
3087;0
3088;0
3089;0
3090;0
3091;0
3092;0
3093;0
3094;0
3095;0
3096;0
3097;0
3098;0
3099;0
3100;0
3101;0
3102;0
3103;0
3104;0
3105;0
3106;0
3107;0
3108;0
3109;0
3110;0
3111;0
3112;0
3113;0
3114;0
3115;0
3116;0
3117;0
3118;0
3119;0
3120;0
3121;0
3122;0
3123;0
3124;0
3125;0
3126;0
3127;0
3128;0
3129;0
3130;0
3131;0
3132;0
3133;0
3134;0
3135;0
3136;0
3137;0
3138;0
3139;0
3140;0
3141;0
3142;0
3143;0
3144;0
3145;0
3146;0
3147;0
3148;0
3149;0
3150;0
3151;0
3152;0
3153;0
3154;0
3155;0
3156;0
3157;0
3158;0
3159;0
3160;0
3161;0
3162;0
3163;0
3164;0
3165;0
3166;0
3167;0
3168;0
3169;0
3170;0
3171;0
3172;0
3173;0
3174;0
3175;0
3176;0
3177;0
3178;0
3179;0
3180;0
3181;0
3182;0
3183;0
3184;0
3185;0
3186;0
3187;0
3188;0
3189;0
3190;0
3191;0
3192;0
3193;0
3194;0
3195;0
3196;0
3197;0
3198;0
3199;0
3200;0
3201;0
3202;0
3203;0
3204;0
3205;0
3206;0
3207;0
3208;0
3209;0
3210;0
3211;0
3212;0
3213;0
3214;0
3215;0
3216;0
3217;0
3218;0
3219;0
3220;0
3221;0
3222;0
3223;0
3224;0
3225;0
3226;0
3227;0
3228;0
3229;0
3230;0
3231;0
3232;0
3233;0
3234;0
3235;0
3236;0
3237;0
3238;0
3239;0
3240;0
3241;0
3242;0
3243;0
3244;0
3245;0
3246;0
3247;0
3248;0
3249;0
3250;0
3251;0
3252;0
3253;0
3254;0
3255;0
3256;0
3257;0
3258;0
3259;0
3260;0
3261;0
3262;0
3263;0
3264;0
3265;0
3266;0
3267;0
3268;0
3269;0
3270;0
3271;0
3272;0
3273;0
3274;0
3275;0
3276;0
3277;0
3278;0
3279;0
3280;0
3281;0
3282;0
3283;0
3284;0
3285;0
3286;0
3287;0
3288;0
3289;0
3290;0
3291;0
3292;0
3293;0
3294;0
3295;0
3296;0
3297;0
3298;0
3299;0
3300;0
3301;0
3302;0
3303;0
3304;0
3305;0
3306;0
3307;0
3308;0
3309;0
3310;0
3311;0
3312;0
3313;0
3314;0
3315;0
3316;0
3317;0
3318;0
3319;0
3320;0
3321;0
3322;0
3323;0
3324;0
3325;0
3326;0
3327;0
3328;0
3329;0
3330;0
3331;0
3332;0
3333;0
3334;0
3335;0
3336;0
3337;0
3338;0
3339;0
3340;0
3341;0
3342;0
3343;0
3344;0
3345;0
3346;0
3347;0
3348;0
3349;0
3350;0
3351;0
3352;0
3353;0
3354;0
3355;0
3356;0
3357;0
3358;0
3359;0
3360;0
3361;0
3362;0
3363;0
3364;0
3365;0
3366;0
3367;0
3368;0
3369;0
3370;0
3371;0
3372;0
3373;0
3374;0
3375;0
3376;0
3377;0
3378;0
3379;0
3380;0
3381;0
3382;0
3383;0
3384;0
3385;0
3386;0
3387;0
3388;0
3389;0
3390;0
3391;0
3392;0
3393;0
3394;0
3395;0
3396;0
3397;0
3398;0
3399;0
3400;0
3401;0
3402;0
3403;0
3404;0
3405;0
3406;0
3407;0
3408;0
3409;0
3410;0
3411;0
3412;0
3413;0
3414;0
3415;0
3416;0
3417;0
3418;0
3419;0
3420;0
3421;0
3422;0
3423;0
3424;0
3425;0
3426;0
3427;0
3428;0
3429;0
3430;0
3431;0
3432;0
3433;0
3434;0
3435;0
3436;0
3437;0
3438;0
3439;0
3440;0
3441;0
3442;0
3443;0
3444;0
3445;0
3446;0
3447;0
3448;0
3449;0
3450;0
3451;0
3452;0
3453;0
3454;0
3455;0
3456;0
3457;0
3458;0
3459;0
3460;0
3461;0
3462;0
3463;0
3464;0
3465;0
3466;0
3467;0
3468;0
3469;0
3470;0
3471;0
3472;0
3473;0
3474;0
3475;0
3476;0
3477;0
3478;0
3479;0
3480;0
3481;0
3482;0
3483;0
3484;0
3485;0
3486;0
3487;0
3488;0
3489;0
3490;0
3491;0
3492;0
3493;0
3494;0
3495;0
3496;0
3497;0
3498;0
3499;0
3500;0
3501;0
3502;0
3503;0
3504;0
3505;0
3506;0
3507;0
3508;0
3509;0
3510;0
3511;0
3512;0
3513;0
3514;0
3515;0
3516;0
3517;0
3518;0
3519;0
3520;0
3521;0
3522;0
3523;0
3524;0
3525;0
3526;0
3527;0
3528;0
3529;0
3530;0
3531;0
3532;0
3533;0
3534;0
3535;0
3536;0
3537;0
3538;0
3539;0
3540;0
3541;0
3542;0
3543;0
3544;0
3545;0
3546;0
3547;0
3548;0
3549;0
3550;0
3551;0
3552;0
3553;0
3554;0
3555;0
3556;0
3557;0
3558;0
3559;0
3560;0
3561;0
3562;0
3563;0
3564;0
3565;0
3566;0
3567;0
3568;0
3569;0
3570;0
3571;0
3572;0
3573;0
3574;0
3575;0
3576;0
3577;0
3578;0
3579;0
3580;0
3581;0
3582;0
3583;0
3584;0
3585;0
3586;0
3587;0
3588;0
3589;0
3590;0
3591;0
3592;0
3593;0
3594;0
3595;0
3596;0
3597;0
3598;0
3599;0
3600;0
3601;0
3602;0
3603;0
3604;0
3605;0
3606;0
3607;0
3608;0
3609;0
3610;0
3611;0
3612;0
3613;0
3614;0
3615;0
3616;0
3617;0
3618;0
3619;0
3620;0
3621;0
3622;0
3623;0
3624;0
3625;0
3626;0
3627;0
3628;0
3629;0
3630;0
3631;0
3632;0
3633;0
3634;0
3635;0
3636;0
3637;0
3638;0
3639;0
3640;0
3641;0
3642;0
3643;0
3644;0
3645;0
3646;0
3647;0
3648;0
3649;0
3650;0
3651;0
3652;0
3653;0
3654;0
3655;0
3656;0
3657;0
3658;0
3659;0
3660;0
3661;0
3662;0
3663;0
3664;0
3665;0
3666;0
3667;0
3668;0
3669;0
3670;0
3671;0
3672;0
3673;0
3674;0
3675;0
3676;0
3677;0
3678;0
3679;0
3680;0
3681;0
3682;0
3683;0
3684;0
3685;0
3686;0
3687;0
3688;0
3689;0
3690;0
3691;0
3692;0
3693;0
3694;0
3695;0
3696;0
3697;0
3698;0
3699;0
3700;0
3701;0
3702;0
3703;0
3704;0
3705;0
3706;0
3707;0
3708;0
3709;0
3710;0
3711;0
3712;0
3713;0
3714;0
3715;0
3716;0
3717;0
3718;0
3719;0
3720;0
3721;0
3722;0
3723;0
3724;0
3725;0
3726;0
3727;0
3728;0
3729;0
3730;0
3731;0
3732;0
3733;0
3734;0
3735;0
3736;0
3737;0
3738;0
3739;0
3740;0
3741;0
3742;0
3743;0
3744;0
3745;0
3746;0
3747;0
3748;0
3749;0
3750;0
3751;0
3752;0
3753;0
3754;0
3755;0
3756;0
3757;0
3758;0
3759;0
3760;0
3761;0
3762;0
3763;0
3764;0
3765;0
3766;0
3767;0
3768;0
3769;0
3770;0
3771;0
3772;0
3773;0
3774;0
3775;0
3776;0
3777;0
3778;0
3779;0
3780;0
3781;0
3782;0
3783;0
3784;0
3785;0
3786;0
3787;0
3788;0
3789;0
3790;0
3791;0
3792;0
3793;0
3794;0
3795;0
3796;0
3797;0
3798;0
3799;0
3800;0
3801;0
3802;0
3803;0
3804;0
3805;0
3806;0
3807;0
3808;0
3809;0
3810;0
3811;0
3812;0
3813;0
3814;0
3815;0
3816;0
3817;0
3818;0
3819;0
3820;0
3821;0
3822;0
3823;0
3824;0
3825;0
3826;0
3827;0
3828;0
3829;0
3830;0
3831;0
3832;0
3833;0
3834;0
3835;0
3836;0
3837;0
3838;0
3839;0
3840;0
3841;0
3842;0
3843;0
3844;0
3845;0
3846;0
3847;0
3848;0
3849;0
3850;0
3851;0
3852;0
3853;0
3854;0
3855;0
3856;0
3857;0
3858;0
3859;0
3860;0
3861;0
3862;0
3863;0
3864;0
3865;0
3866;0
3867;0
3868;0
3869;0
3870;0
3871;0
3872;0
3873;0
3874;0
3875;0
3876;0
3877;0
3878;0
3879;0
3880;0
3881;0
3882;0
3883;0
3884;0
3885;0
3886;0
3887;0
3888;0
3889;0
3890;0
3891;0
3892;0
3893;0
3894;0
3895;0
3896;0
3897;0
3898;0
3899;0
3900;0
3901;0
3902;0
3903;0
3904;0
3905;0
3906;0
3907;0
3908;0
3909;0
3910;0
3911;0
3912;0
3913;0
3914;0
3915;0
3916;0
3917;0
3918;0
3919;0
3920;0
3921;0
3922;0
3923;0
3924;0
3925;0
3926;0
3927;0
3928;0
3929;0
3930;0
3931;0
3932;0
3933;0
3934;0
3935;0
3936;0
3937;0
3938;0
3939;0
3940;0
3941;0
3942;0
3943;0
3944;0
3945;0
3946;0
3947;0
3948;0
3949;0
3950;0
3951;0
3952;0
3953;0
3954;0
3955;0
3956;0
3957;0
3958;0
3959;0
3960;0
3961;0
3962;0
3963;0
3964;0
3965;0
3966;0
3967;0
3968;0
3969;0
3970;0
3971;0
3972;0
3973;0
3974;0
3975;0
3976;0
3977;0
3978;0
3979;0
3980;0
3981;0
3982;0
3983;0
3984;0
3985;0
3986;0
3987;0
3988;0
3989;0
3990;0
3991;0
3992;0
3993;0
3994;0
3995;0
3996;0
3997;0
3998;0
3999;0
4000;0
4001;0
4002;0
4003;0
4004;0
4005;0
4006;0
4007;0
4008;0
4009;0
4010;0
4011;0
4012;0
4013;0
4014;0
4015;0
4016;0
4017;0
4018;0
4019;0
4020;0
4021;0
4022;0
4023;0
4024;0
4025;0
4026;0
4027;0
4028;0
4029;0
4030;0
4031;0
4032;0
4033;0
4034;0
4035;0
4036;0
4037;0
4038;0
4039;0
4040;0
4041;0
4042;0
4043;0
4044;0
4045;0
4046;0
4047;0
4048;0
4049;0
4050;0
4051;0
4052;0
4053;0
4054;0
4055;0
4056;0
4057;0
4058;0
4059;0
4060;0
4061;0
4062;0
4063;0
4064;0
4065;0
4066;0
4067;0
4068;0
4069;0
4070;0
4071;0
4072;0
4073;0
4074;0
4075;0
4076;0
4077;0
4078;0
4079;0
4080;0
4081;0
4082;0
4083;0
4084;0
4085;0
4086;0
4087;0
4088;0
4089;0
4090;0
4091;0
4092;0
4093;0
4094;0
4095;0
4096;0
