L 64,p 0.584500,Z 100000
/* Tamanio de cluster; Ocurrencias de cada tamaño de cluster */
1;7777909
2;1702177
3;1025870
4;669417
5;470009
6;347122
7;269683
8;215043
9;177084
10;148472
11;125876
12;108781
13;94768
14;83121
15;74442
16;66563
17;60249
18;54238
19;49702
20;45380
21;41772
22;38400
23;35513
24;33188
25;30770
26;28599
27;27278
28;25498
29;23736
30;22600
31;21441
32;20274
33;19296
34;18060
35;17267
36;16485
37;15602
38;14827
39;14485
40;13729
41;13092
42;12614
43;12125
44;11794
45;11430
46;10889
47;10077
48;10006
49;9546
50;9245
51;8994
52;8684
53;8482
54;7962
55;7825
56;7699
57;7423
58;7283
59;7074
60;6782
61;6629
62;6389
63;6096
64;6119
65;5936
66;5864
67;5626
68;5569
69;5379
70;5306
71;5006
72;5071
73;4925
74;4714
75;4685
76;4626
77;4443
78;4436
79;4205
80;4144
81;4042
82;4056
83;3879
84;3832
85;3735
86;3748
87;3593
88;3452
89;3537
90;3432
91;3380
92;3305
93;3258
94;3187
95;3089
96;3025
97;3021
98;2902
99;2985
100;2814
101;2793
102;2724
103;2681
104;2636
105;2661
106;2633
107;2550
108;2558
109;2491
110;2464
111;2363
112;2369
113;2366
114;2276
115;2244
116;2220
117;2216
118;2135
119;2178
120;2150
121;2045
122;2103
123;2009
124;2116
125;2005
126;1913
127;1893
128;1904
129;1825
130;1856
131;1850
132;1769
133;1850
134;1764
135;1757
136;1694
137;1722
138;1706
139;1704
140;1673
141;1687
142;1602
143;1562
144;1541
145;1514
146;1515
147;1520
148;1412
149;1537
150;1421
151;1479
152;1439
153;1302
154;1416
155;1338
156;1332
157;1353
158;1346
159;1340
160;1289
161;1292
162;1289
163;1253
164;1237
165;1257
166;1178
167;1158
168;1221
169;1176
170;1174
171;1180
172;1151
173;1120
174;1119
175;1133
176;1129
177;1082
178;1073
179;1130
180;1062
181;1010
182;1057
183;1098
184;1033
185;1058
186;983
187;1019
188;1004
189;978
190;1002
191;952
192;977
193;984
194;979
195;930
196;882
197;939
198;892
199;921
200;897
201;889
202;859
203;917
204;851
205;863
206;894
207;838
208;788
209;923
210;810
211;809
212;803
213;822
214;840
215;837
216;826
217;817
218;789
219;741
220;752
221;766
222;738
223;791
224;756
225;732
226;788
227;704
228;713
229;639
230;727
231;763
232;665
233;650
234;694
235;655
236;679
237;655
238;618
239;657
240;669
241;663
242;652
243;672
244;642
245;648
246;696
247;658
248;631
249;652
250;643
251;626
252;638
253;599
254;610
255;637
256;608
257;607
258;604
259;586
260;618
261;581
262;561
263;537
264;563
265;572
266;547
267;504
268;588
269;565
270;547
271;548
272;548
273;515
274;540
275;526
276;549
277;511
278;538
279;507
280;498
281;517
282;490
283;502
284;539
285;562
286;480
287;490
288;510
289;480
290;497
291;496
292;514
293;461
294;466
295;504
296;502
297;454
298;478
299;472
300;447
301;497
302;462
303;464
304;455
305;474
306;449
307;469
308;461
309;423
310;429
311;429
312;432
313;430
314;420
315;429
316;411
317;444
318;430
319;417
320;455
321;414
322;413
323;404
324;366
325;395
326;369
327;416
328;374
329;413
330;406
331;362
332;355
333;402
334;395
335;383
336;385
337;384
338;400
339;396
340;386
341;353
342;373
343;370
344;350
345;386
346;363
347;378
348;366
349;370
350;372
351;357
352;351
353;349
354;360
355;332
356;325
357;344
358;380
359;311
360;366
361;375
362;355
363;345
364;346
365;312
366;322
367;368
368;322
369;318
370;372
371;324
372;301
373;338
374;315
375;314
376;327
377;336
378;314
379;332
380;301
381;312
382;319
383;282
384;313
385;339
386;333
387;308
388;321
389;321
390;316
391;281
392;328
393;286
394;289
395;291
396;321
397;266
398;296
399;304
400;303
401;286
402;295
403;317
404;281
405;301
406;267
407;275
408;274
409;285
410;266
411;311
412;259
413;260
414;262
415;264
416;283
417;253
418;254
419;275
420;244
421;268
422;263
423;253
424;283
425;270
426;243
427;268
428;261
429;251
430;257
431;244
432;244
433;243
434;245
435;259
436;236
437;284
438;245
439;253
440;265
441;236
442;234
443;223
444;220
445;252
446;242
447;235
448;225
449;231
450;235
451;212
452;221
453;229
454;232
455;217
456;211
457;243
458;215
459;250
460;228
461;226
462;232
463;209
464;229
465;214
466;227
467;208
468;213
469;195
470;208
471;200
472;232
473;202
474;188
475;196
476;230
477;233
478;207
479;231
480;231
481;202
482;206
483;236
484;186
485;205
486;202
487;191
488;201
489;204
490;168
491;194
492;191
493;217
494;193
495;193
496;209
497;200
498;234
499;191
500;196
501;197
502;194
503;202
504;153
505;203
506;206
507;211
508;222
509;178
510;196
511;208
512;206
513;176
514;184
515;188
516;195
517;176
518;201
519;188
520;158
521;193
522;166
523;195
524;175
525;198
526;186
527;173
528;169
529;173
530;172
531;204
532;184
533;172
534;201
535;177
536;157
537;176
538;176
539;160
540;182
541;154
542;181
543;186
544;169
545;173
546;191
547;178
548;161
549;167
550;171
551;152
552;161
553;161
554;149
555;152
556;171
557;167
558;186
559;163
560;180
561;162
562;163
563;160
564;165
565;134
566;187
567;163
568;141
569;150
570;166
571;181
572;135
573;150
574;168
575;170
576;160
577;163
578;137
579;144
580;140
581;157
582;159
583;159
584;162
585;136
586;141
587;174
588;146
589;152
590;125
591;145
592;136
593;151
594;169
595;160
596;148
597;135
598;125
599;168
600;140
601;160
602;128
603;104
604;149
605;146
606;139
607;141
608;124
609;138
610;161
611;150
612;123
613;148
614;143
615;149
616;137
617;125
618;148
619;124
620;163
621;162
622;164
623;152
624;146
625;129
626;130
627;146
628;132
629;151
630;125
631;136
632;122
633;136
634;133
635;138
636;140
637;117
638;140
639;142
640;135
641;129
642;133
643;114
644;132
645;137
646;113
647;132
648;116
649;135
650;133
651;127
652;123
653;132
654;123
655;119
656;125
657;144
658;111
659;151
660;114
661;130
662;132
663;126
664;131
665;106
666;128
667;124
668;119
669;123
670;90
671;132
672;137
673;103
674;117
675;133
676;104
677;136
678;119
679;141
680;124
681;131
682;132
683;116
684;117
685;98
686;117
687;129
688;91
689;129
690;119
691;107
692;119
693;120
694;129
695;103
696;116
697;110
698;128
699;123
700;98
701;105
702;123
703;100
704;115
705;98
706;112
707;102
708;101
709;112
710;125
711;108
712;114
713;97
714;114
715;117
716;109
717;107
718;114
719;116
720;89
721;102
722;118
723;111
724;110
725;91
726;120
727;111
728;106
729;94
730;121
731;92
732;106
733;97
734;107
735;104
736;106
737;104
738;122
739;88
740;89
741;100
742;82
743;103
744;106
745;97
746;94
747;91
748;127
749;98
750;110
751;114
752;93
753;100
754;97
755;104
756;90
757;77
758;94
759;90
760;97
761;101
762;93
763;111
764;98
765;102
766;108
767;85
768;113
769;102
770;88
771;101
772;82
773;96
774;86
775;87
776;93
777;109
778;90
779;102
780;88
781;88
782;95
783;82
784;84
785;92
786;92
787;78
788;104
789;106
790;81
791;99
792;90
793;107
794;79
795;83
796;87
797;85
798;85
799;81
800;90
801;92
802;92
803;104
804;82
805;79
806;90
807;82
808;93
809;83
810;101
811;79
812;95
813;85
814;64
815;91
816;82
817;83
818;93
819;91
820;85
821;87
822;82
823;82
824;93
825;94
826;98
827;83
828;73
829;66
830;74
831;84
832;74
833;71
834;72
835;68
836;92
837;91
838;71
839;83
840;89
841;74
842;85
843;95
844;94
845;93
846;76
847;79
848;86
849;78
850;62
851;77
852;76
853;56
854;88
855;83
856;74
857;85
858;86
859;67
860;89
861;85
862;79
863;89
864;69
865;89
866;67
867;71
868;72
869;80
870;67
871;53
872;68
873;74
874;74
875;66
876;63
877;74
878;69
879;83
880;77
881;82
882;69
883;77
884;74
885;62
886;64
887;69
888;70
889;82
890;78
891;47
892;63
893;78
894;72
895;64
896;69
897;65
898;79
899;69
900;70
901;77
902;59
903;65
904;63
905;66
906;67
907;74
908;62
909;85
910;55
911;51
912;57
913;68
914;56
915;80
916;58
917;63
918;58
919;56
920;59
921;64
922;67
923;62
924;55
925;59
926;84
927;55
928;54
929;47
930;65
931;67
932;73
933;56
934;70
935;60
936;61
937;61
938;58
939;67
940;61
941;58
942;59
943;48
944;69
945;63
946;50
947;64
948;55
949;60
950;53
951;48
952;69
953;62
954;61
955;61
956;52
957;52
958;55
959;65
960;60
961;65
962;54
963;70
964;50
965;60
966;55
967;54
968;55
969;52
970;67
971;65
972;64
973;70
974;51
975;49
976;39
977;43
978;54
979;47
980;60
981;59
982;65
983;55
984;51
985;55
986;46
987;53
988;59
989;50
990;62
991;61
992;63
993;62
994;59
995;49
996;55
997;55
998;52
999;58
1000;57
1001;64
1002;56
1003;55
1004;47
1005;46
1006;54
1007;52
1008;61
1009;67
1010;54
1011;48
1012;31
1013;54
1014;49
1015;40
1016;39
1017;41
1018;55
1019;52
1020;46
1021;59
1022;55
1023;51
1024;47
1025;58
1026;47
1027;42
1028;36
1029;47
1030;68
1031;46
1032;48
1033;45
1034;46
1035;61
1036;48
1037;65
1038;52
1039;35
1040;43
1041;47
1042;49
1043;52
1044;42
1045;55
1046;59
1047;51
1048;43
1049;51
1050;59
1051;59
1052;51
1053;39
1054;59
1055;42
1056;46
1057;44
1058;44
1059;55
1060;51
1061;47
1062;43
1063;34
1064;49
1065;48
1066;42
1067;38
1068;43
1069;34
1070;43
1071;48
1072;44
1073;45
1074;49
1075;51
1076;52
1077;46
1078;44
1079;46
1080;37
1081;44
1082;46
1083;35
1084;43
1085;34
1086;44
1087;43
1088;44
1089;36
1090;41
1091;39
1092;34
1093;34
1094;42
1095;36
1096;45
1097;47
1098;42
1099;39
1100;45
1101;42
1102;43
1103;39
1104;37
1105;34
1106;42
1107;35
1108;36
1109;37
1110;46
1111;34
1112;39
1113;42
1114;41
1115;39
1116;46
1117;39
1118;41
1119;19
1120;32
1121;26
1122;32
1123;37
1124;40
1125;39
1126;43
1127;46
1128;30
1129;44
1130;30
1131;34
1132;42
1133;32
1134;40
1135;39
1136;51
1137;26
1138;41
1139;37
1140;43
1141;33
1142;40
1143;38
1144;37
1145;40
1146;44
1147;26
1148;40
1149;40
1150;29
1151;27
1152;28
1153;36
1154;30
1155;41
1156;30
1157;37
1158;29
1159;45
1160;37
1161;29
1162;37
1163;28
1164;38
1165;29
1166;30
1167;42
1168;32
1169;43
1170;34
1171;42
1172;33
1173;25
1174;32
1175;22
1176;33
1177;34
1178;35
1179;33
1180;40
1181;38
1182;25
1183;33
1184;29
1185;38
1186;37
1187;29
1188;29
1189;33
1190;17
1191;39
1192;35
1193;33
1194;30
1195;36
1196;27
1197;29
1198;32
1199;30
1200;36
1201;31
1202;29
1203;29
1204;24
1205;20
1206;28
1207;39
1208;31
1209;32
1210;30
1211;36
1212;37
1213;27
1214;30
1215;26
1216;31
1217;31
1218;19
1219;32
1220;25
1221;31
1222;28
1223;34
1224;36
1225;21
1226;24
1227;28
1228;30
1229;29
1230;28
1231;19
1232;38
1233;25
1234;23
1235;24
1236;29
1237;26
1238;23
1239;36
1240;33
1241;31
1242;32
1243;27
1244;30
1245;36
1246;27
1247;32
1248;28
1249;18
1250;30
1251;32
1252;16
1253;26
1254;24
1255;19
1256;24
1257;28
1258;17
1259;23
1260;29
1261;20
1262;31
1263;24
1264;24
1265;20
1266;29
1267;23
1268;32
1269;20
1270;22
1271;29
1272;19
1273;23
1274;34
1275;18
1276;22
1277;24
1278;19
1279;17
1280;19
1281;21
1282;25
1283;17
1284;20
1285;30
1286;22
1287;27
1288;23
1289;18
1290;21
1291;12
1292;27
1293;19
1294;15
1295;16
1296;21
1297;21
1298;23
1299;25
1300;25
1301;19
1302;18
1303;23
1304;20
1305;25
1306;23
1307;19
1308;14
1309;20
1310;20
1311;25
1312;22
1313;19
1314;13
1315;23
1316;26
1317;21
1318;12
1319;16
1320;16
1321;20
1322;21
1323;22
1324;27
1325;23
1326;20
1327;17
1328;16
1329;13
1330;18
1331;14
1332;21
1333;24
1334;16
1335;13
1336;15
1337;14
1338;13
1339;21
1340;20
1341;21
1342;17
1343;23
1344;16
1345;17
1346;17
1347;21
1348;11
1349;21
1350;21
1351;14
1352;14
1353;13
1354;24
1355;17
1356;13
1357;8
1358;15
1359;16
1360;20
1361;10
1362;10
1363;14
1364;26
1365;12
1366;17
1367;20
1368;15
1369;22
1370;21
1371;14
1372;19
1373;13
1374;13
1375;19
1376;18
1377;12
1378;13
1379;20
1380;16
1381;13
1382;16
1383;15
1384;18
1385;19
1386;16
1387;20
1388;17
1389;13
1390;14
1391;9
1392;8
1393;20
1394;15
1395;14
1396;14
1397;9
1398;8
1399;11
1400;20
1401;8
1402;16
1403;19
1404;13
1405;9
1406;12
1407;16
1408;14
1409;14
1410;16
1411;14
1412;9
1413;12
1414;11
1415;12
1416;12
1417;10
1418;5
1419;9
1420;9
1421;16
1422;12
1423;13
1424;14
1425;13
1426;14
1427;10
1428;9
1429;12
1430;14
1431;13
1432;8
1433;11
1434;9
1435;10
1436;17
1437;14
1438;11
1439;9
1440;7
1441;14
1442;10
1443;9
1444;14
1445;17
1446;15
1447;11
1448;12
1449;9
1450;11
1451;7
1452;7
1453;7
1454;9
1455;13
1456;13
1457;8
1458;11
1459;12
1460;13
1461;11
1462;7
1463;12
1464;9
1465;8
1466;7
1467;12
1468;9
1469;7
1470;10
1471;4
1472;7
1473;14
1474;4
1475;11
1476;10
1477;9
1478;5
1479;12
1480;10
1481;1
1482;9
1483;13
1484;4
1485;10
1486;11
1487;16
1488;8
1489;9
1490;1
1491;6
1492;7
1493;4
1494;12
1495;8
1496;6
1497;9
1498;3
1499;6
1500;10
1501;2
1502;11
1503;7
1504;10
1505;6
1506;8
1507;2
1508;6
1509;8
1510;5
1511;11
1512;14
1513;12
1514;6
1515;4
1516;4
1517;6
1518;0
1519;2
1520;8
1521;2
1522;3
1523;7
1524;6
1525;3
1526;4
1527;8
1528;7
1529;3
1530;5
1531;3
1532;11
1533;7
1534;3
1535;8
1536;6
1537;4
1538;9
1539;1
1540;1
1541;4
1542;7
1543;3
1544;3
1545;8
1546;8
1547;4
1548;8
1549;10
1550;7
1551;7
1552;3
1553;4
1554;4
1555;6
1556;7
1557;3
1558;9
1559;7
1560;7
1561;5
1562;3
1563;5
1564;3
1565;5
1566;5
1567;3
1568;3
1569;7
1570;8
1571;4
1572;6
1573;3
1574;4
1575;3
1576;7
1577;4
1578;6
1579;3
1580;5
1581;2
1582;6
1583;7
1584;3
1585;2
1586;5
1587;3
1588;7
1589;4
1590;2
1591;2
1592;3
1593;5
1594;8
1595;3
1596;6
1597;2
1598;4
1599;2
1600;2
1601;1
1602;4
1603;4
1604;4
1605;2
1606;4
1607;4
1608;6
1609;3
1610;2
1611;1
1612;2
1613;1
1614;6
1615;3
1616;2
1617;5
1618;3
1619;1
1620;2
1621;6
1622;4
1623;3
1624;2
1625;6
1626;2
1627;5
1628;2
1629;4
1630;2
1631;3
1632;3
1633;0
1634;4
1635;3
1636;3
1637;3
1638;3
1639;2
1640;1
1641;3
1642;3
1643;2
1644;3
1645;1
1646;5
1647;5
1648;3
1649;2
1650;2
1651;2
1652;2
1653;1
1654;2
1655;2
1656;3
1657;3
1658;3
1659;2
1660;4
1661;1
1662;5
1663;2
1664;1
1665;3
1666;1
1667;0
1668;3
1669;2
1670;1
1671;2
1672;2
1673;0
1674;0
1675;1
1676;1
1677;4
1678;3
1679;2
1680;2
1681;1
1682;3
1683;1
1684;2
1685;0
1686;3
1687;0
1688;1
1689;1
1690;2
1691;1
1692;2
1693;0
1694;1
1695;0
1696;1
1697;2
1698;1
1699;1
1700;1
1701;1
1702;0
1703;2
1704;1
1705;0
1706;2
1707;0
1708;4
1709;0
1710;0
1711;2
1712;4
1713;1
1714;2
1715;2
1716;1
1717;2
1718;3
1719;1
1720;1
1721;0
1722;0
1723;2
1724;1
1725;0
1726;0
1727;1
1728;0
1729;1
1730;0
1731;1
1732;0
1733;2
1734;0
1735;1
1736;0
1737;1
1738;0
1739;1
1740;2
1741;1
1742;1
1743;1
1744;0
1745;0
1746;1
1747;2
1748;0
1749;0
1750;0
1751;1
1752;0
1753;0
1754;0
1755;0
1756;1
1757;0
1758;1
1759;1
1760;2
1761;1
1762;1
1763;0
1764;0
1765;0
1766;0
1767;0
1768;2
1769;2
1770;0
1771;0
1772;0
1773;0
1774;0
1775;1
1776;1
1777;0
1778;0
1779;1
1780;0
1781;1
1782;0
1783;0
1784;0
1785;0
1786;1
1787;0
1788;1
1789;0
1790;0
1791;0
1792;0
1793;1
1794;1
1795;1
1796;1
1797;1
1798;0
1799;0
1800;1
1801;1
1802;0
1803;1
1804;1
1805;1
1806;0
1807;0
1808;0
1809;1
1810;1
1811;1
1812;0
1813;0
1814;0
1815;0
1816;0
1817;0
1818;0
1819;0
1820;1
1821;1
1822;0
1823;1
1824;1
1825;0
1826;0
1827;0
1828;0
1829;0
1830;0
1831;1
1832;0
1833;0
1834;0
1835;0
1836;0
1837;1
1838;0
1839;0
1840;0
1841;0
1842;0
1843;0
1844;0
1845;1
1846;0
1847;0
1848;0
1849;0
1850;0
1851;0
1852;0
1853;0
1854;0
1855;0
1856;1
1857;0
1858;0
1859;0
1860;0
1861;0
1862;0
1863;0
1864;0
1865;0
1866;0
1867;1
1868;0
1869;0
1870;0
1871;0
1872;0
1873;0
1874;0
1875;0
1876;0
1877;0
1878;0
1879;0
1880;0
1881;0
1882;0
1883;0
1884;0
1885;0
1886;0
1887;1
1888;0
1889;0
1890;0
1891;1
1892;0
1893;0
1894;1
1895;0
1896;0
1897;1
1898;0
1899;0
1900;0
1901;0
1902;0
1903;0
1904;0
1905;0
1906;0
1907;0
1908;0
1909;0
1910;0
1911;0
1912;0
1913;0
1914;0
1915;1
1916;0
1917;0
1918;0
1919;0
1920;0
1921;0
1922;0
1923;0
1924;0
1925;0
1926;0
1927;0
1928;0
1929;0
1930;0
1931;0
1932;0
1933;0
1934;0
1935;0
1936;0
1937;0
1938;0
1939;0
1940;0
1941;0
1942;0
1943;0
1944;0
1945;0
1946;0
1947;0
1948;0
1949;0
1950;0
1951;0
1952;0
1953;0
1954;0
1955;0
1956;0
1957;0
1958;0
1959;0
1960;0
1961;0
1962;0
1963;0
1964;0
1965;0
1966;0
1967;0
1968;0
1969;1
1970;0
1971;0
1972;0
1973;0
1974;0
1975;0
1976;0
1977;0
1978;0
1979;0
1980;0
1981;0
1982;0
1983;0
1984;0
1985;1
1986;0
1987;0
1988;0
1989;0
1990;0
1991;0
1992;0
1993;0
1994;0
1995;0
1996;0
1997;0
1998;0
1999;0
2000;0
2001;0
2002;0
2003;0
2004;0
2005;0
2006;0
2007;0
2008;0
2009;0
2010;0
2011;0
2012;0
2013;0
2014;0
2015;0
2016;0
2017;0
2018;0
2019;0
2020;0
2021;0
2022;0
2023;0
2024;0
2025;0
2026;0
2027;0
2028;0
2029;0
2030;0
2031;0
2032;0
2033;0
2034;0
2035;0
2036;0
2037;0
2038;0
2039;0
2040;0
2041;0
2042;0
2043;0
2044;0
2045;0
2046;0
2047;0
2048;0
2049;0
2050;0
2051;0
2052;0
2053;0
2054;0
2055;0
2056;0
2057;0
2058;0
2059;0
2060;0
2061;0
2062;0
2063;0
2064;0
2065;0
2066;0
2067;0
2068;0
2069;0
2070;0
2071;0
2072;0
2073;0
2074;0
2075;0
2076;0
2077;0
2078;0
2079;0
2080;0
2081;0
2082;0
2083;0
2084;0
2085;0
2086;0
2087;0
2088;0
2089;0
2090;0
2091;0
2092;0
2093;0
2094;0
2095;0
2096;0
2097;0
2098;0
2099;0
2100;0
2101;0
2102;0
2103;0
2104;0
2105;0
2106;0
2107;0
2108;0
2109;0
2110;0
2111;0
2112;0
2113;0
2114;0
2115;0
2116;0
2117;0
2118;0
2119;0
2120;0
2121;0
2122;0
2123;0
2124;0
2125;0
2126;0
2127;0
2128;0
2129;0
2130;0
2131;0
2132;0
2133;0
2134;0
2135;0
2136;0
2137;0
2138;0
2139;0
2140;0
2141;0
2142;0
2143;0
2144;0
2145;0
2146;0
2147;0
2148;0
2149;0
2150;0
2151;0
2152;0
2153;0
2154;0
2155;0
2156;0
2157;0
2158;0
2159;0
2160;0
2161;0
2162;0
2163;0
2164;0
2165;0
2166;0
2167;0
2168;0
2169;0
2170;0
2171;0
2172;0
2173;0
2174;0
2175;0
2176;0
2177;0
2178;0
2179;0
2180;0
2181;0
2182;0
2183;0
2184;0
2185;0
2186;0
2187;0
2188;0
2189;0
2190;0
2191;0
2192;0
2193;0
2194;0
2195;0
2196;0
2197;0
2198;0
2199;0
2200;0
2201;0
2202;0
2203;0
2204;0
2205;0
2206;0
2207;0
2208;0
2209;0
2210;0
2211;0
2212;0
2213;0
2214;0
2215;0
2216;0
2217;0
2218;0
2219;0
2220;0
2221;0
2222;0
2223;0
2224;0
2225;0
2226;0
2227;0
2228;0
2229;0
2230;0
2231;0
2232;0
2233;0
2234;0
2235;0
2236;0
2237;0
2238;0
2239;0
2240;0
2241;0
2242;0
2243;0
2244;0
2245;0
2246;0
2247;0
2248;0
2249;0
2250;0
2251;0
2252;0
2253;0
2254;0
2255;0
2256;0
2257;0
2258;0
2259;0
2260;0
2261;0
2262;0
2263;0
2264;0
2265;0
2266;0
2267;0
2268;0
2269;0
2270;0
2271;0
2272;0
2273;0
2274;0
2275;0
2276;0
2277;0
2278;0
2279;0
2280;0
2281;0
2282;0
2283;0
2284;0
2285;0
2286;0
2287;0
2288;0
2289;0
2290;0
2291;0
2292;0
2293;0
2294;0
2295;0
2296;0
2297;0
2298;0
2299;0
2300;0
2301;0
2302;0
2303;0
2304;0
2305;0
2306;0
2307;0
2308;0
2309;0
2310;0
2311;0
2312;0
2313;0
2314;0
2315;0
2316;0
2317;0
2318;0
2319;0
2320;0
2321;0
2322;0
2323;0
2324;0
2325;0
2326;0
2327;0
2328;0
2329;0
2330;0
2331;0
2332;0
2333;0
2334;0
2335;0
2336;0
2337;0
2338;0
2339;0
2340;0
2341;0
2342;0
2343;0
2344;0
2345;0
2346;0
2347;0
2348;0
2349;0
2350;0
2351;0
2352;0
2353;0
2354;0
2355;0
2356;0
2357;0
2358;0
2359;0
2360;0
2361;0
2362;0
2363;0
2364;0
2365;0
2366;0
2367;0
2368;0
2369;0
2370;0
2371;0
2372;0
2373;0
2374;0
2375;0
2376;0
2377;0
2378;0
2379;0
2380;0
2381;0
2382;0
2383;0
2384;0
2385;0
2386;0
2387;0
2388;0
2389;0
2390;0
2391;0
2392;0
2393;0
2394;0
2395;0
2396;0
2397;0
2398;0
2399;0
2400;0
2401;0
2402;0
2403;0
2404;0
2405;0
2406;0
2407;0
2408;0
2409;0
2410;0
2411;0
2412;0
2413;0
2414;0
2415;0
2416;0
2417;0
2418;0
2419;0
2420;0
2421;0
2422;0
2423;0
2424;0
2425;0
2426;0
2427;0
2428;0
2429;0
2430;0
2431;0
2432;0
2433;0
2434;0
2435;0
2436;0
2437;0
2438;0
2439;0
2440;0
2441;0
2442;0
2443;0
2444;0
2445;0
2446;0
2447;0
2448;0
2449;0
2450;0
2451;0
2452;0
2453;0
2454;0
2455;0
2456;0
2457;0
2458;0
2459;0
2460;0
2461;0
2462;0
2463;0
2464;0
2465;0
2466;0
2467;0
2468;0
2469;0
2470;0
2471;0
2472;0
2473;0
2474;0
2475;0
2476;0
2477;0
2478;0
2479;0
2480;0
2481;0
2482;0
2483;0
2484;0
2485;0
2486;0
2487;0
2488;0
2489;0
2490;0
2491;0
2492;0
2493;0
2494;0
2495;0
2496;0
2497;0
2498;0
2499;0
2500;0
2501;0
2502;0
2503;0
2504;0
2505;0
2506;0
2507;0
2508;0
2509;0
2510;0
2511;0
2512;0
2513;0
2514;0
2515;0
2516;0
2517;0
2518;0
2519;0
2520;0
2521;0
2522;0
2523;0
2524;0
2525;0
2526;0
2527;0
2528;0
2529;0
2530;0
2531;0
2532;0
2533;0
2534;0
2535;0
2536;0
2537;0
2538;0
2539;0
2540;0
2541;0
2542;0
2543;0
2544;0
2545;0
2546;0
2547;0
2548;0
2549;0
2550;0
2551;0
2552;0
2553;0
2554;0
2555;0
2556;0
2557;0
2558;0
2559;0
2560;0
2561;0
2562;0
2563;0
2564;0
2565;0
2566;0
2567;0
2568;0
2569;0
2570;0
2571;0
2572;0
2573;0
2574;0
2575;0
2576;0
2577;0
2578;0
2579;0
2580;0
2581;0
2582;0
2583;0
2584;0
2585;0
2586;0
2587;0
2588;0
2589;0
2590;0
2591;0
2592;0
2593;0
2594;0
2595;0
2596;0
2597;0
2598;0
2599;0
2600;0
2601;0
2602;0
2603;0
2604;0
2605;0
2606;0
2607;0
2608;0
2609;0
2610;0
2611;0
2612;0
2613;0
2614;0
2615;0
2616;0
2617;0
2618;0
2619;0
2620;0
2621;0
2622;0
2623;0
2624;0
2625;0
2626;0
2627;0
2628;0
2629;0
2630;0
2631;0
2632;0
2633;0
2634;0
2635;0
2636;0
2637;0
2638;0
2639;0
2640;0
2641;0
2642;0
2643;0
2644;0
2645;0
2646;0
2647;0
2648;0
2649;0
2650;0
2651;0
2652;0
2653;0
2654;0
2655;0
2656;0
2657;0
2658;0
2659;0
2660;0
2661;0
2662;0
2663;0
2664;0
2665;0
2666;0
2667;0
2668;0
2669;0
2670;0
2671;0
2672;0
2673;0
2674;0
2675;0
2676;0
2677;0
2678;0
2679;0
2680;0
2681;0
2682;0
2683;0
2684;0
2685;0
2686;0
2687;0
2688;0
2689;0
2690;0
2691;0
2692;0
2693;0
2694;0
2695;0
2696;0
2697;0
2698;0
2699;0
2700;0
2701;0
2702;0
2703;0
2704;0
2705;0
2706;0
2707;0
2708;0
2709;0
2710;0
2711;0
2712;0
2713;0
2714;0
2715;0
2716;0
2717;0
2718;0
2719;0
2720;0
2721;0
2722;0
2723;0
2724;0
2725;0
2726;0
2727;0
2728;0
2729;0
2730;0
2731;0
2732;0
2733;0
2734;0
2735;0
2736;0
2737;0
2738;0
2739;0
2740;0
2741;0
2742;0
2743;0
2744;0
2745;0
2746;0
2747;0
2748;0
2749;0
2750;0
2751;0
2752;0
2753;0
2754;0
2755;0
2756;0
2757;0
2758;0
2759;0
2760;0
2761;0
2762;0
2763;0
2764;0
2765;0
2766;0
2767;0
2768;0
2769;0
2770;0
2771;0
2772;0
2773;0
2774;0
2775;0
2776;0
2777;0
2778;0
2779;0
2780;0
2781;0
2782;0
2783;0
2784;0
2785;0
2786;0
2787;0
2788;0
2789;0
2790;0
2791;0
2792;0
2793;0
2794;0
2795;0
2796;0
2797;0
2798;0
2799;0
2800;0
2801;0
2802;0
2803;0
2804;0
2805;0
2806;0
2807;0
2808;0
2809;0
2810;0
2811;0
2812;0
2813;0
2814;0
2815;0
2816;0
2817;0
2818;0
2819;0
2820;0
2821;0
2822;0
2823;0
2824;0
2825;0
2826;0
2827;0
2828;0
2829;0
2830;0
2831;0
2832;0
2833;0
2834;0
2835;0
2836;0
2837;0
2838;0
2839;0
2840;0
2841;0
2842;0
2843;0
2844;0
2845;0
2846;0
2847;0
2848;0
2849;0
2850;0
2851;0
2852;0
2853;0
2854;0
2855;0
2856;0
2857;0
2858;0
2859;0
2860;0
2861;0
2862;0
2863;0
2864;0
2865;0
2866;0
2867;0
2868;0
2869;0
2870;0
2871;0
2872;0
2873;0
2874;0
2875;0
2876;0
2877;0
2878;0
2879;0
2880;0
2881;0
2882;0
2883;0
2884;0
2885;0
2886;0
2887;0
2888;0
2889;0
2890;0
2891;0
2892;0
2893;0
2894;0
2895;0
2896;0
2897;0
2898;0
2899;0
2900;0
2901;0
2902;0
2903;0
2904;0
2905;0
2906;0
2907;0
2908;0
2909;0
2910;0
2911;0
2912;0
2913;0
2914;0
2915;0
2916;0
2917;0
2918;0
2919;0
2920;0
2921;0
2922;0
2923;0
2924;0
2925;0
2926;0
2927;0
2928;0
2929;0
2930;0
2931;0
2932;0
2933;0
2934;0
2935;0
2936;0
2937;0
2938;0
2939;0
2940;0
2941;0
2942;0
2943;0
2944;0
2945;0
2946;0
2947;0
2948;0
2949;0
2950;0
2951;0
2952;0
2953;0
2954;0
2955;0
2956;0
2957;0
2958;0
2959;0
2960;0
2961;0
2962;0
2963;0
2964;0
2965;0
2966;0
2967;0
2968;0
2969;0
2970;0
2971;0
2972;0
2973;0
2974;0
2975;0
2976;0
2977;0
2978;0
2979;0
2980;0
2981;0
2982;0
2983;0
2984;0
2985;0
2986;0
2987;0
2988;0
2989;0
2990;0
2991;0
2992;0
2993;0
2994;0
2995;0
2996;0
2997;0
2998;0
2999;0
3000;0
3001;0
3002;0
3003;0
3004;0
3005;0
3006;0
3007;0
3008;0
3009;0
3010;0
3011;0
3012;0
3013;0
3014;0
3015;0
3016;0
3017;0
3018;0
3019;0
3020;0
3021;0
3022;0
3023;0
3024;0
3025;0
3026;0
3027;0
3028;0
3029;0
3030;0
3031;0
3032;0
3033;0
3034;0
3035;0
3036;0
3037;0
3038;0
3039;0
3040;0
3041;0
3042;0
3043;0
3044;0
3045;0
3046;0
3047;0
3048;0
3049;0
3050;0
3051;0
3052;0
3053;0
3054;0
3055;0
3056;0
3057;0
3058;0
3059;0
3060;0
3061;0
3062;0
3063;0
3064;0
3065;0
3066;0
3067;0
3068;0
3069;0
3070;0
3071;0
3072;0
3073;0
3074;0
3075;0
3076;0
3077;0
3078;0
3079;0
3080;0
3081;0
3082;0
3083;0
3084;0
3085;0
3086;0
3087;0
3088;0
3089;0
3090;0
3091;0
3092;0
3093;0
3094;0
3095;0
3096;0
3097;0
3098;0
3099;0
3100;0
3101;0
3102;0
3103;0
3104;0
3105;0
3106;0
3107;0
3108;0
3109;0
3110;0
3111;0
3112;0
3113;0
3114;0
3115;0
3116;0
3117;0
3118;0
3119;0
3120;0
3121;0
3122;0
3123;0
3124;0
3125;0
3126;0
3127;0
3128;0
3129;0
3130;0
3131;0
3132;0
3133;0
3134;0
3135;0
3136;0
3137;0
3138;0
3139;0
3140;0
3141;0
3142;0
3143;0
3144;0
3145;0
3146;0
3147;0
3148;0
3149;0
3150;0
3151;0
3152;0
3153;0
3154;0
3155;0
3156;0
3157;0
3158;0
3159;0
3160;0
3161;0
3162;0
3163;0
3164;0
3165;0
3166;0
3167;0
3168;0
3169;0
3170;0
3171;0
3172;0
3173;0
3174;0
3175;0
3176;0
3177;0
3178;0
3179;0
3180;0
3181;0
3182;0
3183;0
3184;0
3185;0
3186;0
3187;0
3188;0
3189;0
3190;0
3191;0
3192;0
3193;0
3194;0
3195;0
3196;0
3197;0
3198;0
3199;0
3200;0
3201;0
3202;0
3203;0
3204;0
3205;0
3206;0
3207;0
3208;0
3209;0
3210;0
3211;0
3212;0
3213;0
3214;0
3215;0
3216;0
3217;0
3218;0
3219;0
3220;0
3221;0
3222;0
3223;0
3224;0
3225;0
3226;0
3227;0
3228;0
3229;0
3230;0
3231;0
3232;0
3233;0
3234;0
3235;0
3236;0
3237;0
3238;0
3239;0
3240;0
3241;0
3242;0
3243;0
3244;0
3245;0
3246;0
3247;0
3248;0
3249;0
3250;0
3251;0
3252;0
3253;0
3254;0
3255;0
3256;0
3257;0
3258;0
3259;0
3260;0
3261;0
3262;0
3263;0
3264;0
3265;0
3266;0
3267;0
3268;0
3269;0
3270;0
3271;0
3272;0
3273;0
3274;0
3275;0
3276;0
3277;0
3278;0
3279;0
3280;0
3281;0
3282;0
3283;0
3284;0
3285;0
3286;0
3287;0
3288;0
3289;0
3290;0
3291;0
3292;0
3293;0
3294;0
3295;0
3296;0
3297;0
3298;0
3299;0
3300;0
3301;0
3302;0
3303;0
3304;0
3305;0
3306;0
3307;0
3308;0
3309;0
3310;0
3311;0
3312;0
3313;0
3314;0
3315;0
3316;0
3317;0
3318;0
3319;0
3320;0
3321;0
3322;0
3323;0
3324;0
3325;0
3326;0
3327;0
3328;0
3329;0
3330;0
3331;0
3332;0
3333;0
3334;0
3335;0
3336;0
3337;0
3338;0
3339;0
3340;0
3341;0
3342;0
3343;0
3344;0
3345;0
3346;0
3347;0
3348;0
3349;0
3350;0
3351;0
3352;0
3353;0
3354;0
3355;0
3356;0
3357;0
3358;0
3359;0
3360;0
3361;0
3362;0
3363;0
3364;0
3365;0
3366;0
3367;0
3368;0
3369;0
3370;0
3371;0
3372;0
3373;0
3374;0
3375;0
3376;0
3377;0
3378;0
3379;0
3380;0
3381;0
3382;0
3383;0
3384;0
3385;0
3386;0
3387;0
3388;0
3389;0
3390;0
3391;0
3392;0
3393;0
3394;0
3395;0
3396;0
3397;0
3398;0
3399;0
3400;0
3401;0
3402;0
3403;0
3404;0
3405;0
3406;0
3407;0
3408;0
3409;0
3410;0
3411;0
3412;0
3413;0
3414;0
3415;0
3416;0
3417;0
3418;0
3419;0
3420;0
3421;0
3422;0
3423;0
3424;0
3425;0
3426;0
3427;0
3428;0
3429;0
3430;0
3431;0
3432;0
3433;0
3434;0
3435;0
3436;0
3437;0
3438;0
3439;0
3440;0
3441;0
3442;0
3443;0
3444;0
3445;0
3446;0
3447;0
3448;0
3449;0
3450;0
3451;0
3452;0
3453;0
3454;0
3455;0
3456;0
3457;0
3458;0
3459;0
3460;0
3461;0
3462;0
3463;0
3464;0
3465;0
3466;0
3467;0
3468;0
3469;0
3470;0
3471;0
3472;0
3473;0
3474;0
3475;0
3476;0
3477;0
3478;0
3479;0
3480;0
3481;0
3482;0
3483;0
3484;0
3485;0
3486;0
3487;0
3488;0
3489;0
3490;0
3491;0
3492;0
3493;0
3494;0
3495;0
3496;0
3497;0
3498;0
3499;0
3500;0
3501;0
3502;0
3503;0
3504;0
3505;0
3506;0
3507;0
3508;0
3509;0
3510;0
3511;0
3512;0
3513;0
3514;0
3515;0
3516;0
3517;0
3518;0
3519;0
3520;0
3521;0
3522;0
3523;0
3524;0
3525;0
3526;0
3527;0
3528;0
3529;0
3530;0
3531;0
3532;0
3533;0
3534;0
3535;0
3536;0
3537;0
3538;0
3539;0
3540;0
3541;0
3542;0
3543;0
3544;0
3545;0
3546;0
3547;0
3548;0
3549;0
3550;0
3551;0
3552;0
3553;0
3554;0
3555;0
3556;0
3557;0
3558;0
3559;0
3560;0
3561;0
3562;0
3563;0
3564;0
3565;0
3566;0
3567;0
3568;0
3569;0
3570;0
3571;0
3572;0
3573;0
3574;0
3575;0
3576;0
3577;0
3578;0
3579;0
3580;0
3581;0
3582;0
3583;0
3584;0
3585;0
3586;0
3587;0
3588;0
3589;0
3590;0
3591;0
3592;0
3593;0
3594;0
3595;0
3596;0
3597;0
3598;0
3599;0
3600;0
3601;0
3602;0
3603;0
3604;0
3605;0
3606;0
3607;0
3608;0
3609;0
3610;0
3611;0
3612;0
3613;0
3614;0
3615;0
3616;0
3617;0
3618;0
3619;0
3620;0
3621;0
3622;0
3623;0
3624;0
3625;0
3626;0
3627;0
3628;0
3629;0
3630;0
3631;0
3632;0
3633;0
3634;0
3635;0
3636;0
3637;0
3638;0
3639;0
3640;0
3641;0
3642;0
3643;0
3644;0
3645;0
3646;0
3647;0
3648;0
3649;0
3650;0
3651;0
3652;0
3653;0
3654;0
3655;0
3656;0
3657;0
3658;0
3659;0
3660;0
3661;0
3662;0
3663;0
3664;0
3665;0
3666;0
3667;0
3668;0
3669;0
3670;0
3671;0
3672;0
3673;0
3674;0
3675;0
3676;0
3677;0
3678;0
3679;0
3680;0
3681;0
3682;0
3683;0
3684;0
3685;0
3686;0
3687;0
3688;0
3689;0
3690;0
3691;0
3692;0
3693;0
3694;0
3695;0
3696;0
3697;0
3698;0
3699;0
3700;0
3701;0
3702;0
3703;0
3704;0
3705;0
3706;0
3707;0
3708;0
3709;0
3710;0
3711;0
3712;0
3713;0
3714;0
3715;0
3716;0
3717;0
3718;0
3719;0
3720;0
3721;0
3722;0
3723;0
3724;0
3725;0
3726;0
3727;0
3728;0
3729;0
3730;0
3731;0
3732;0
3733;0
3734;0
3735;0
3736;0
3737;0
3738;0
3739;0
3740;0
3741;0
3742;0
3743;0
3744;0
3745;0
3746;0
3747;0
3748;0
3749;0
3750;0
3751;0
3752;0
3753;0
3754;0
3755;0
3756;0
3757;0
3758;0
3759;0
3760;0
3761;0
3762;0
3763;0
3764;0
3765;0
3766;0
3767;0
3768;0
3769;0
3770;0
3771;0
3772;0
3773;0
3774;0
3775;0
3776;0
3777;0
3778;0
3779;0
3780;0
3781;0
3782;0
3783;0
3784;0
3785;0
3786;0
3787;0
3788;0
3789;0
3790;0
3791;0
3792;0
3793;0
3794;0
3795;0
3796;0
3797;0
3798;0
3799;0
3800;0
3801;0
3802;0
3803;0
3804;0
3805;0
3806;0
3807;0
3808;0
3809;0
3810;0
3811;0
3812;0
3813;0
3814;0
3815;0
3816;0
3817;0
3818;0
3819;0
3820;0
3821;0
3822;0
3823;0
3824;0
3825;0
3826;0
3827;0
3828;0
3829;0
3830;0
3831;0
3832;0
3833;0
3834;0
3835;0
3836;0
3837;0
3838;0
3839;0
3840;0
3841;0
3842;0
3843;0
3844;0
3845;0
3846;0
3847;0
3848;0
3849;0
3850;0
3851;0
3852;0
3853;0
3854;0
3855;0
3856;0
3857;0
3858;0
3859;0
3860;0
3861;0
3862;0
3863;0
3864;0
3865;0
3866;0
3867;0
3868;0
3869;0
3870;0
3871;0
3872;0
3873;0
3874;0
3875;0
3876;0
3877;0
3878;0
3879;0
3880;0
3881;0
3882;0
3883;0
3884;0
3885;0
3886;0
3887;0
3888;0
3889;0
3890;0
3891;0
3892;0
3893;0
3894;0
3895;0
3896;0
3897;0
3898;0
3899;0
3900;0
3901;0
3902;0
3903;0
3904;0
3905;0
3906;0
3907;0
3908;0
3909;0
3910;0
3911;0
3912;0
3913;0
3914;0
3915;0
3916;0
3917;0
3918;0
3919;0
3920;0
3921;0
3922;0
3923;0
3924;0
3925;0
3926;0
3927;0
3928;0
3929;0
3930;0
3931;0
3932;0
3933;0
3934;0
3935;0
3936;0
3937;0
3938;0
3939;0
3940;0
3941;0
3942;0
3943;0
3944;0
3945;0
3946;0
3947;0
3948;0
3949;0
3950;0
3951;0
3952;0
3953;0
3954;0
3955;0
3956;0
3957;0
3958;0
3959;0
3960;0
3961;0
3962;0
3963;0
3964;0
3965;0
3966;0
3967;0
3968;0
3969;0
3970;0
3971;0
3972;0
3973;0
3974;0
3975;0
3976;0
3977;0
3978;0
3979;0
3980;0
3981;0
3982;0
3983;0
3984;0
3985;0
3986;0
3987;0
3988;0
3989;0
3990;0
3991;0
3992;0
3993;0
3994;0
3995;0
3996;0
3997;0
3998;0
3999;0
4000;0
4001;0
4002;0
4003;0
4004;0
4005;0
4006;0
4007;0
4008;0
4009;0
4010;0
4011;0
4012;0
4013;0
4014;0
4015;0
4016;0
4017;0
4018;0
4019;0
4020;0
4021;0
4022;0
4023;0
4024;0
4025;0
4026;0
4027;0
4028;0
4029;0
4030;0
4031;0
4032;0
4033;0
4034;0
4035;0
4036;0
4037;0
4038;0
4039;0
4040;0
4041;0
4042;0
4043;0
4044;0
4045;0
4046;0
4047;0
4048;0
4049;0
4050;0
4051;0
4052;0
4053;0
4054;0
4055;0
4056;0
4057;0
4058;0
4059;0
4060;0
4061;0
4062;0
4063;0
4064;0
4065;0
4066;0
4067;0
4068;0
4069;0
4070;0
4071;0
4072;0
4073;0
4074;0
4075;0
4076;0
4077;0
4078;0
4079;0
4080;0
4081;0
4082;0
4083;0
4084;0
4085;0
4086;0
4087;0
4088;0
4089;0
4090;0
4091;0
4092;0
4093;0
4094;0
4095;0
4096;0
