L 64,p 0.586700,Z 100000
/* Tamanio de cluster; Ocurrencias de cada tamaño de cluster */
1;7642025
2;1663875
3;1000063
4;652304
5;455976
6;337392
7;260678
8;208360
9;170669
10;143532
11;121794
12;104315
13;91377
14;80432
15;71580
16;63926
17;57568
18;52199
19;47838
20;43442
21;39633
22;36602
23;34210
24;31458
25;29634
26;27661
27;26197
28;24373
29;22891
30;21557
31;20343
32;19293
33;18211
34;17375
35;16488
36;15788
37;15219
38;14351
39;13835
40;13104
41;12437
42;12040
43;11416
44;11129
45;10641
46;10456
47;9960
48;9475
49;9205
50;8866
51;8547
52;8334
53;8149
54;7853
55;7627
56;7448
57;7107
58;6816
59;6747
60;6641
61;6358
62;6112
63;6003
64;5830
65;5581
66;5478
67;5504
68;5327
69;5044
70;4932
71;4931
72;4893
73;4749
74;4516
75;4343
76;4332
77;4208
78;4129
79;3998
80;4015
81;3876
82;3841
83;3799
84;3677
85;3551
86;3526
87;3362
88;3380
89;3374
90;3281
91;3211
92;3174
93;3017
94;3025
95;2938
96;3030
97;2851
98;2829
99;2816
100;2748
101;2710
102;2579
103;2591
104;2568
105;2472
106;2601
107;2507
108;2352
109;2342
110;2399
111;2239
112;2297
113;2254
114;2162
115;2075
116;2118
117;2036
118;2103
119;2074
120;1992
121;1981
122;1946
123;1960
124;1826
125;1903
126;1898
127;1824
128;1706
129;1708
130;1731
131;1694
132;1642
133;1727
134;1679
135;1659
136;1616
137;1681
138;1606
139;1616
140;1587
141;1453
142;1484
143;1513
144;1501
145;1499
146;1440
147;1405
148;1443
149;1404
150;1401
151;1316
152;1314
153;1302
154;1342
155;1256
156;1295
157;1219
158;1320
159;1315
160;1248
161;1225
162;1179
163;1207
164;1155
165;1237
166;1170
167;1102
168;1123
169;1089
170;1091
171;1048
172;1103
173;1092
174;1049
175;1102
176;994
177;1084
178;1024
179;1018
180;1024
181;1015
182;997
183;1023
184;969
185;1015
186;982
187;966
188;951
189;914
190;955
191;980
192;926
193;924
194;859
195;911
196;895
197;897
198;829
199;921
200;852
201;849
202;844
203;866
204;832
205;807
206;833
207;836
208;776
209;780
210;799
211;743
212;766
213;813
214;808
215;749
216;730
217;735
218;740
219;719
220;752
221;700
222;727
223;712
224;745
225;724
226;715
227;723
228;704
229;682
230;646
231;642
232;682
233;682
234;636
235;633
236;642
237;655
238;610
239;645
240;646
241;632
242;605
243;602
244;610
245;605
246;596
247;592
248;611
249;573
250;588
251;550
252;616
253;559
254;578
255;568
256;513
257;542
258;619
259;559
260;596
261;578
262;524
263;513
264;558
265;509
266;506
267;536
268;528
269;540
270;554
271;525
272;496
273;532
274;458
275;528
276;519
277;483
278;534
279;498
280;500
281;490
282;493
283;502
284;488
285;530
286;481
287;480
288;456
289;478
290;486
291;458
292;451
293;462
294;450
295;435
296;416
297;449
298;445
299;422
300;402
301;447
302;418
303;438
304;428
305;430
306;395
307;432
308;406
309;391
310;414
311;416
312;387
313;390
314;389
315;409
316;398
317;392
318;381
319;409
320;355
321;409
322;416
323;417
324;397
325;427
326;411
327;399
328;355
329;385
330;379
331;393
332;383
333;383
334;367
335;368
336;342
337;384
338;367
339;360
340;334
341;353
342;384
343;345
344;363
345;341
346;354
347;349
348;347
349;339
350;330
351;346
352;282
353;320
354;354
355;350
356;310
357;376
358;348
359;344
360;338
361;308
362;314
363;322
364;311
365;293
366;311
367;308
368;314
369;303
370;344
371;285
372;294
373;286
374;338
375;325
376;265
377;291
378;289
379;304
380;279
381;294
382;309
383;293
384;326
385;303
386;294
387;299
388;309
389;275
390;271
391;286
392;259
393;279
394;278
395;313
396;288
397;279
398;320
399;275
400;236
401;288
402;262
403;286
404;271
405;276
406;289
407;272
408;261
409;274
410;264
411;276
412;261
413;271
414;264
415;255
416;278
417;266
418;237
419;271
420;258
421;256
422;266
423;268
424;260
425;264
426;267
427;228
428;260
429;233
430;260
431;254
432;252
433;223
434;243
435;256
436;263
437;233
438;225
439;249
440;251
441;234
442;234
443;229
444;254
445;226
446;237
447;224
448;215
449;225
450;234
451;217
452;234
453;212
454;227
455;207
456;218
457;226
458;225
459;202
460;223
461;210
462;219
463;221
464;198
465;195
466;218
467;176
468;240
469;219
470;201
471;201
472;216
473;222
474;222
475;227
476;190
477;203
478;205
479;207
480;214
481;213
482;203
483;204
484;206
485;172
486;211
487;192
488;194
489;182
490;203
491;173
492;188
493;202
494;188
495;193
496;221
497;198
498;180
499;178
500;209
501;203
502;198
503;198
504;195
505;179
506;181
507;195
508;186
509;208
510;185
511;193
512;175
513;209
514;190
515;162
516;165
517;199
518;222
519;186
520;181
521;194
522;159
523;172
524;168
525;217
526;201
527;164
528;184
529;179
530;168
531;176
532;192
533;175
534;165
535;150
536;210
537;172
538;164
539;160
540;161
541;159
542;171
543;178
544;155
545;198
546;172
547;154
548;163
549;156
550;155
551;168
552;160
553;167
554;151
555;177
556;150
557;145
558;135
559;169
560;147
561;154
562;172
563;177
564;153
565;135
566;136
567;153
568;135
569;156
570;153
571;144
572;183
573;150
574;143
575;148
576;140
577;176
578;159
579;125
580;161
581;133
582;165
583;145
584;162
585;147
586;164
587;148
588;127
589;151
590;129
591;146
592;174
593;128
594;150
595;132
596;142
597;139
598;142
599;145
600;119
601;127
602;133
603;131
604;173
605;127
606;146
607;133
608;140
609;141
610;126
611;153
612;124
613;123
614;153
615;124
616;159
617;133
618;137
619;135
620;136
621;139
622;122
623;139
624;135
625;126
626;111
627;135
628;148
629;131
630;111
631;129
632;130
633;113
634;127
635;121
636;142
637;129
638;103
639;108
640;124
641;125
642;115
643;107
644;114
645;127
646;113
647;109
648;132
649;121
650;114
651;110
652;130
653;122
654;107
655;128
656;114
657;119
658;119
659;129
660;122
661;127
662;120
663;113
664;106
665;121
666;109
667;112
668;124
669;127
670;114
671;126
672;119
673;118
674;124
675;126
676;120
677;110
678;107
679;128
680;134
681;106
682;132
683;117
684;93
685;122
686;91
687;128
688;112
689;92
690;106
691;112
692;107
693;111
694;98
695;104
696;106
697;106
698;107
699;99
700;133
701;100
702;104
703;95
704;102
705;96
706;105
707;98
708;110
709;108
710;101
711;112
712;86
713;117
714;94
715;111
716;113
717;96
718;110
719;92
720;103
721;103
722;92
723;115
724;96
725;94
726;100
727;108
728;93
729;82
730;95
731;96
732;107
733;88
734;101
735;84
736;96
737;84
738;90
739;90
740;107
741;97
742;103
743;108
744;96
745;89
746;95
747;80
748;91
749;93
750;93
751;108
752;88
753;93
754;104
755;105
756;104
757;90
758;83
759;83
760;107
761;106
762;90
763;89
764;88
765;98
766;87
767;91
768;98
769;83
770;91
771;96
772;96
773;89
774;87
775;83
776;89
777;88
778;90
779;91
780;81
781;90
782;88
783;81
784;114
785;72
786;83
787;89
788;95
789;80
790;85
791;92
792;78
793;78
794;65
795;107
796;82
797;93
798;95
799;75
800;93
801;85
802;75
803;77
804;68
805;71
806;99
807;79
808;91
809;67
810;80
811;88
812;80
813;78
814;89
815;89
816;80
817;78
818;75
819;92
820;82
821;90
822;81
823;75
824;94
825;87
826;89
827;90
828;87
829;80
830;60
831;93
832;87
833;79
834;71
835;74
836;84
837;88
838;66
839;88
840;80
841;91
842;80
843;71
844;86
845;71
846;67
847;84
848;80
849;68
850;61
851;80
852;61
853;82
854;88
855;79
856;69
857;72
858;73
859;64
860;73
861;76
862;69
863;76
864;59
865;65
866;68
867;65
868;68
869;71
870;77
871;68
872;69
873;90
874;67
875;74
876;80
877;68
878;74
879;65
880;72
881;67
882;65
883;79
884;86
885;68
886;70
887;71
888;78
889;74
890;71
891;67
892;74
893;59
894;70
895;60
896;76
897;48
898;70
899;64
900;77
901;73
902;65
903;73
904;80
905;67
906;103
907;82
908;73
909;59
910;75
911;67
912;56
913;73
914;64
915;83
916;55
917;89
918;60
919;61
920;60
921;64
922;71
923;58
924;60
925;59
926;72
927;68
928;74
929;82
930;50
931;66
932;75
933;57
934;57
935;55
936;64
937;69
938;51
939;68
940;77
941;75
942;63
943;70
944;62
945;58
946;67
947;64
948;60
949;59
950;79
951;65
952;69
953;56
954;58
955;65
956;56
957;66
958;46
959;67
960;56
961;50
962;51
963;54
964;48
965;61
966;57
967;66
968;60
969;51
970;78
971;68
972;74
973;57
974;56
975;49
976;48
977;60
978;47
979;63
980;51
981;53
982;48
983;63
984;70
985;57
986;71
987;54
988;51
989;74
990;42
991;56
992;55
993;61
994;50
995;55
996;54
997;50
998;46
999;46
1000;53
1001;56
1002;54
1003;61
1004;56
1005;55
1006;45
1007;49
1008;63
1009;61
1010;56
1011;50
1012;51
1013;57
1014;43
1015;47
1016;47
1017;48
1018;59
1019;46
1020;54
1021;50
1022;58
1023;48
1024;55
1025;38
1026;46
1027;44
1028;40
1029;47
1030;46
1031;48
1032;56
1033;38
1034;54
1035;53
1036;50
1037;67
1038;53
1039;47
1040;53
1041;55
1042;51
1043;56
1044;49
1045;50
1046;51
1047;50
1048;45
1049;59
1050;58
1051;48
1052;43
1053;41
1054;48
1055;48
1056;45
1057;48
1058;47
1059;55
1060;59
1061;47
1062;55
1063;59
1064;53
1065;44
1066;47
1067;39
1068;43
1069;47
1070;42
1071;42
1072;40
1073;42
1074;50
1075;51
1076;48
1077;53
1078;36
1079;34
1080;38
1081;58
1082;49
1083;36
1084;50
1085;53
1086;37
1087;49
1088;33
1089;42
1090;53
1091;37
1092;40
1093;41
1094;40
1095;42
1096;53
1097;40
1098;50
1099;40
1100;57
1101;40
1102;49
1103;38
1104;49
1105;52
1106;47
1107;32
1108;47
1109;33
1110;40
1111;39
1112;36
1113;37
1114;38
1115;36
1116;48
1117;45
1118;32
1119;42
1120;32
1121;40
1122;41
1123;35
1124;34
1125;46
1126;36
1127;37
1128;38
1129;40
1130;41
1131;43
1132;35
1133;35
1134;33
1135;39
1136;41
1137;36
1138;40
1139;40
1140;34
1141;29
1142;34
1143;33
1144;46
1145;40
1146;37
1147;39
1148;39
1149;43
1150;39
1151;42
1152;24
1153;38
1154;38
1155;28
1156;25
1157;30
1158;34
1159;33
1160;51
1161;52
1162;37
1163;32
1164;37
1165;38
1166;37
1167;43
1168;35
1169;36
1170;36
1171;47
1172;39
1173;31
1174;32
1175;26
1176;27
1177;23
1178;37
1179;34
1180;42
1181;35
1182;33
1183;44
1184;25
1185;35
1186;30
1187;27
1188;28
1189;31
1190;26
1191;34
1192;33
1193;36
1194;23
1195;37
1196;32
1197;34
1198;19
1199;34
1200;30
1201;36
1202;41
1203;37
1204;31
1205;23
1206;36
1207;31
1208;32
1209;33
1210;28
1211;33
1212;29
1213;36
1214;34
1215;33
1216;34
1217;25
1218;26
1219;38
1220;31
1221;22
1222;31
1223;27
1224;36
1225;29
1226;30
1227;32
1228;23
1229;27
1230;29
1231;23
1232;26
1233;32
1234;36
1235;35
1236;26
1237;33
1238;30
1239;29
1240;20
1241;31
1242;25
1243;28
1244;22
1245;18
1246;31
1247;29
1248;27
1249;30
1250;28
1251;31
1252;26
1253;19
1254;19
1255;33
1256;28
1257;21
1258;23
1259;36
1260;27
1261;17
1262;25
1263;28
1264;32
1265;15
1266;25
1267;20
1268;29
1269;23
1270;26
1271;35
1272;23
1273;20
1274;31
1275;17
1276;21
1277;22
1278;28
1279;22
1280;24
1281;27
1282;27
1283;17
1284;29
1285;27
1286;23
1287;25
1288;25
1289;31
1290;30
1291;21
1292;24
1293;31
1294;26
1295;27
1296;29
1297;30
1298;24
1299;30
1300;24
1301;22
1302;19
1303;18
1304;29
1305;24
1306;21
1307;25
1308;22
1309;13
1310;23
1311;15
1312;27
1313;25
1314;22
1315;27
1316;22
1317;25
1318;21
1319;29
1320;12
1321;20
1322;23
1323;17
1324;19
1325;13
1326;18
1327;17
1328;23
1329;23
1330;23
1331;17
1332;17
1333;24
1334;16
1335;11
1336;21
1337;20
1338;23
1339;33
1340;18
1341;23
1342;18
1343;24
1344;13
1345;20
1346;19
1347;21
1348;11
1349;22
1350;15
1351;22
1352;15
1353;11
1354;12
1355;10
1356;31
1357;13
1358;13
1359;17
1360;12
1361;22
1362;22
1363;10
1364;13
1365;22
1366;20
1367;19
1368;15
1369;17
1370;23
1371;19
1372;20
1373;19
1374;19
1375;11
1376;18
1377;22
1378;16
1379;18
1380;16
1381;20
1382;21
1383;17
1384;15
1385;21
1386;10
1387;17
1388;7
1389;10
1390;11
1391;17
1392;8
1393;19
1394;9
1395;15
1396;7
1397;18
1398;19
1399;21
1400;17
1401;14
1402;14
1403;11
1404;14
1405;10
1406;18
1407;13
1408;13
1409;11
1410;11
1411;19
1412;17
1413;20
1414;12
1415;14
1416;12
1417;18
1418;13
1419;9
1420;18
1421;15
1422;13
1423;8
1424;13
1425;12
1426;19
1427;24
1428;10
1429;17
1430;11
1431;7
1432;14
1433;14
1434;10
1435;19
1436;13
1437;10
1438;11
1439;13
1440;14
1441;19
1442;7
1443;6
1444;8
1445;14
1446;10
1447;12
1448;12
1449;4
1450;15
1451;10
1452;16
1453;15
1454;8
1455;13
1456;10
1457;9
1458;13
1459;15
1460;12
1461;4
1462;5
1463;13
1464;15
1465;14
1466;14
1467;8
1468;11
1469;6
1470;8
1471;8
1472;6
1473;6
1474;8
1475;9
1476;6
1477;13
1478;8
1479;5
1480;12
1481;9
1482;9
1483;11
1484;12
1485;12
1486;17
1487;8
1488;9
1489;5
1490;10
1491;12
1492;10
1493;14
1494;15
1495;6
1496;7
1497;7
1498;14
1499;7
1500;7
1501;11
1502;13
1503;11
1504;10
1505;9
1506;10
1507;9
1508;7
1509;8
1510;6
1511;11
1512;7
1513;14
1514;11
1515;10
1516;13
1517;5
1518;8
1519;9
1520;8
1521;10
1522;7
1523;11
1524;7
1525;6
1526;12
1527;8
1528;5
1529;5
1530;7
1531;5
1532;6
1533;3
1534;2
1535;12
1536;8
1537;5
1538;6
1539;10
1540;5
1541;2
1542;3
1543;5
1544;13
1545;2
1546;3
1547;7
1548;6
1549;5
1550;9
1551;9
1552;8
1553;6
1554;5
1555;6
1556;6
1557;6
1558;2
1559;9
1560;6
1561;3
1562;5
1563;3
1564;4
1565;4
1566;8
1567;2
1568;13
1569;8
1570;4
1571;3
1572;7
1573;9
1574;11
1575;4
1576;3
1577;6
1578;9
1579;4
1580;5
1581;7
1582;7
1583;5
1584;8
1585;7
1586;6
1587;5
1588;14
1589;5
1590;1
1591;8
1592;1
1593;5
1594;2
1595;6
1596;3
1597;3
1598;7
1599;0
1600;3
1601;0
1602;6
1603;4
1604;1
1605;3
1606;6
1607;3
1608;2
1609;4
1610;7
1611;2
1612;4
1613;2
1614;6
1615;2
1616;8
1617;2
1618;5
1619;2
1620;3
1621;1
1622;3
1623;4
1624;1
1625;4
1626;4
1627;4
1628;0
1629;6
1630;5
1631;1
1632;1
1633;1
1634;2
1635;5
1636;2
1637;2
1638;4
1639;3
1640;5
1641;3
1642;3
1643;0
1644;5
1645;2
1646;6
1647;3
1648;3
1649;3
1650;4
1651;3
1652;2
1653;6
1654;3
1655;2
1656;3
1657;1
1658;1
1659;4
1660;2
1661;2
1662;3
1663;3
1664;3
1665;0
1666;2
1667;3
1668;0
1669;2
1670;2
1671;4
1672;2
1673;4
1674;1
1675;0
1676;4
1677;2
1678;1
1679;0
1680;3
1681;2
1682;2
1683;1
1684;2
1685;4
1686;1
1687;0
1688;3
1689;0
1690;3
1691;2
1692;2
1693;2
1694;3
1695;3
1696;3
1697;6
1698;4
1699;0
1700;2
1701;3
1702;1
1703;3
1704;1
1705;1
1706;1
1707;1
1708;4
1709;2
1710;2
1711;0
1712;2
1713;1
1714;1
1715;1
1716;1
1717;3
1718;2
1719;1
1720;6
1721;3
1722;2
1723;2
1724;3
1725;0
1726;2
1727;1
1728;1
1729;6
1730;1
1731;2
1732;0
1733;0
1734;0
1735;3
1736;1
1737;0
1738;1
1739;1
1740;1
1741;0
1742;1
1743;2
1744;0
1745;0
1746;0
1747;1
1748;0
1749;1
1750;2
1751;0
1752;3
1753;1
1754;2
1755;3
1756;0
1757;2
1758;1
1759;1
1760;0
1761;0
1762;0
1763;1
1764;0
1765;4
1766;0
1767;1
1768;0
1769;0
1770;2
1771;0
1772;1
1773;0
1774;0
1775;0
1776;0
1777;1
1778;1
1779;0
1780;2
1781;1
1782;0
1783;0
1784;0
1785;1
1786;0
1787;0
1788;1
1789;1
1790;0
1791;0
1792;0
1793;0
1794;1
1795;0
1796;0
1797;2
1798;0
1799;0
1800;1
1801;2
1802;0
1803;1
1804;2
1805;0
1806;0
1807;1
1808;0
1809;0
1810;0
1811;1
1812;0
1813;0
1814;1
1815;0
1816;0
1817;0
1818;0
1819;0
1820;0
1821;0
1822;1
1823;1
1824;1
1825;0
1826;0
1827;0
1828;0
1829;1
1830;0
1831;0
1832;0
1833;0
1834;1
1835;1
1836;0
1837;1
1838;0
1839;0
1840;1
1841;0
1842;1
1843;0
1844;2
1845;0
1846;0
1847;1
1848;0
1849;0
1850;1
1851;0
1852;1
1853;1
1854;0
1855;1
1856;1
1857;0
1858;0
1859;0
1860;1
1861;0
1862;0
1863;0
1864;0
1865;1
1866;0
1867;1
1868;1
1869;0
1870;0
1871;0
1872;1
1873;0
1874;0
1875;2
1876;1
1877;0
1878;0
1879;0
1880;0
1881;0
1882;0
1883;0
1884;0
1885;0
1886;1
1887;0
1888;0
1889;0
1890;0
1891;0
1892;0
1893;0
1894;0
1895;0
1896;0
1897;0
1898;0
1899;0
1900;0
1901;0
1902;0
1903;0
1904;0
1905;0
1906;0
1907;0
1908;0
1909;0
1910;0
1911;0
1912;0
1913;0
1914;1
1915;0
1916;0
1917;0
1918;0
1919;1
1920;0
1921;0
1922;0
1923;1
1924;0
1925;0
1926;0
1927;0
1928;0
1929;0
1930;0
1931;0
1932;0
1933;0
1934;0
1935;0
1936;0
1937;0
1938;0
1939;0
1940;0
1941;0
1942;0
1943;0
1944;0
1945;0
1946;0
1947;0
1948;0
1949;0
1950;0
1951;0
1952;0
1953;0
1954;0
1955;1
1956;0
1957;0
1958;0
1959;0
1960;0
1961;0
1962;0
1963;0
1964;0
1965;0
1966;0
1967;0
1968;0
1969;0
1970;0
1971;0
1972;0
1973;0
1974;1
1975;0
1976;0
1977;0
1978;0
1979;0
1980;0
1981;0
1982;0
1983;0
1984;0
1985;0
1986;0
1987;0
1988;0
1989;0
1990;0
1991;0
1992;0
1993;0
1994;0
1995;0
1996;0
1997;0
1998;0
1999;0
2000;0
2001;1
2002;0
2003;0
2004;0
2005;0
2006;0
2007;0
2008;0
2009;0
2010;0
2011;0
2012;0
2013;0
2014;0
2015;0
2016;0
2017;0
2018;0
2019;0
2020;0
2021;0
2022;0
2023;0
2024;0
2025;0
2026;0
2027;0
2028;0
2029;0
2030;0
2031;0
2032;0
2033;0
2034;0
2035;0
2036;0
2037;0
2038;0
2039;0
2040;0
2041;0
2042;0
2043;0
2044;0
2045;0
2046;0
2047;0
2048;0
2049;0
2050;0
2051;0
2052;0
2053;0
2054;0
2055;0
2056;0
2057;0
2058;0
2059;0
2060;0
2061;0
2062;0
2063;0
2064;0
2065;0
2066;0
2067;0
2068;0
2069;0
2070;0
2071;0
2072;0
2073;0
2074;0
2075;0
2076;0
2077;0
2078;0
2079;0
2080;0
2081;0
2082;0
2083;0
2084;0
2085;0
2086;0
2087;0
2088;0
2089;0
2090;0
2091;0
2092;0
2093;0
2094;0
2095;0
2096;0
2097;0
2098;0
2099;0
2100;0
2101;0
2102;0
2103;0
2104;0
2105;0
2106;0
2107;0
2108;0
2109;0
2110;0
2111;0
2112;0
2113;0
2114;0
2115;0
2116;0
2117;0
2118;0
2119;0
2120;0
2121;0
2122;0
2123;0
2124;0
2125;0
2126;0
2127;0
2128;0
2129;0
2130;0
2131;0
2132;0
2133;0
2134;0
2135;0
2136;0
2137;0
2138;0
2139;0
2140;0
2141;0
2142;0
2143;0
2144;0
2145;0
2146;0
2147;0
2148;0
2149;0
2150;0
2151;0
2152;0
2153;0
2154;0
2155;0
2156;0
2157;0
2158;0
2159;0
2160;0
2161;0
2162;0
2163;0
2164;0
2165;0
2166;0
2167;0
2168;0
2169;0
2170;0
2171;0
2172;0
2173;0
2174;0
2175;0
2176;0
2177;0
2178;0
2179;0
2180;0
2181;0
2182;0
2183;0
2184;0
2185;0
2186;0
2187;0
2188;0
2189;0
2190;0
2191;0
2192;0
2193;0
2194;0
2195;0
2196;0
2197;0
2198;0
2199;0
2200;0
2201;0
2202;0
2203;0
2204;0
2205;0
2206;0
2207;0
2208;0
2209;0
2210;0
2211;0
2212;0
2213;0
2214;0
2215;0
2216;0
2217;0
2218;0
2219;0
2220;0
2221;0
2222;0
2223;0
2224;0
2225;0
2226;0
2227;0
2228;0
2229;0
2230;0
2231;0
2232;0
2233;0
2234;0
2235;0
2236;0
2237;0
2238;0
2239;0
2240;0
2241;0
2242;0
2243;0
2244;0
2245;0
2246;0
2247;0
2248;0
2249;0
2250;0
2251;0
2252;0
2253;0
2254;0
2255;0
2256;0
2257;0
2258;0
2259;0
2260;0
2261;0
2262;0
2263;0
2264;0
2265;0
2266;0
2267;0
2268;0
2269;0
2270;0
2271;0
2272;0
2273;0
2274;0
2275;0
2276;0
2277;0
2278;0
2279;0
2280;0
2281;0
2282;0
2283;0
2284;0
2285;0
2286;0
2287;0
2288;0
2289;0
2290;0
2291;0
2292;0
2293;0
2294;0
2295;0
2296;0
2297;0
2298;0
2299;0
2300;0
2301;0
2302;0
2303;0
2304;0
2305;0
2306;0
2307;0
2308;0
2309;0
2310;0
2311;0
2312;0
2313;0
2314;0
2315;0
2316;0
2317;0
2318;0
2319;0
2320;0
2321;0
2322;0
2323;0
2324;0
2325;0
2326;0
2327;0
2328;0
2329;0
2330;0
2331;0
2332;0
2333;0
2334;0
2335;0
2336;0
2337;0
2338;0
2339;0
2340;0
2341;0
2342;0
2343;0
2344;0
2345;0
2346;0
2347;0
2348;0
2349;0
2350;0
2351;0
2352;0
2353;0
2354;0
2355;0
2356;0
2357;0
2358;0
2359;0
2360;0
2361;0
2362;0
2363;0
2364;0
2365;0
2366;0
2367;0
2368;0
2369;0
2370;0
2371;0
2372;0
2373;0
2374;0
2375;0
2376;0
2377;0
2378;0
2379;0
2380;0
2381;0
2382;0
2383;0
2384;0
2385;0
2386;0
2387;0
2388;0
2389;0
2390;0
2391;0
2392;0
2393;0
2394;0
2395;0
2396;0
2397;0
2398;0
2399;0
2400;0
2401;0
2402;0
2403;0
2404;0
2405;0
2406;0
2407;0
2408;0
2409;0
2410;0
2411;0
2412;0
2413;0
2414;0
2415;0
2416;0
2417;0
2418;0
2419;0
2420;0
2421;0
2422;0
2423;0
2424;0
2425;0
2426;0
2427;0
2428;0
2429;0
2430;0
2431;0
2432;0
2433;0
2434;0
2435;0
2436;0
2437;0
2438;0
2439;0
2440;0
2441;0
2442;0
2443;0
2444;0
2445;0
2446;0
2447;0
2448;0
2449;0
2450;0
2451;0
2452;0
2453;0
2454;0
2455;0
2456;0
2457;0
2458;0
2459;0
2460;0
2461;0
2462;0
2463;0
2464;0
2465;0
2466;0
2467;0
2468;0
2469;0
2470;0
2471;0
2472;0
2473;0
2474;0
2475;0
2476;0
2477;0
2478;0
2479;0
2480;0
2481;0
2482;0
2483;0
2484;0
2485;0
2486;0
2487;0
2488;0
2489;0
2490;0
2491;0
2492;0
2493;0
2494;0
2495;0
2496;0
2497;0
2498;0
2499;0
2500;0
2501;0
2502;0
2503;0
2504;0
2505;0
2506;0
2507;0
2508;0
2509;0
2510;0
2511;0
2512;0
2513;0
2514;0
2515;0
2516;0
2517;0
2518;0
2519;0
2520;0
2521;0
2522;0
2523;0
2524;0
2525;0
2526;0
2527;0
2528;0
2529;0
2530;0
2531;0
2532;0
2533;0
2534;0
2535;0
2536;0
2537;0
2538;0
2539;0
2540;0
2541;0
2542;0
2543;0
2544;0
2545;0
2546;0
2547;0
2548;0
2549;0
2550;0
2551;0
2552;0
2553;0
2554;0
2555;0
2556;0
2557;0
2558;0
2559;0
2560;0
2561;0
2562;0
2563;0
2564;0
2565;0
2566;0
2567;0
2568;0
2569;0
2570;0
2571;0
2572;0
2573;0
2574;0
2575;0
2576;0
2577;0
2578;0
2579;0
2580;0
2581;0
2582;0
2583;0
2584;0
2585;0
2586;0
2587;0
2588;0
2589;0
2590;0
2591;0
2592;0
2593;0
2594;0
2595;0
2596;0
2597;0
2598;0
2599;0
2600;0
2601;0
2602;0
2603;0
2604;0
2605;0
2606;0
2607;0
2608;0
2609;0
2610;0
2611;0
2612;0
2613;0
2614;0
2615;0
2616;0
2617;0
2618;0
2619;0
2620;0
2621;0
2622;0
2623;0
2624;0
2625;0
2626;0
2627;0
2628;0
2629;0
2630;0
2631;0
2632;0
2633;0
2634;0
2635;0
2636;0
2637;0
2638;0
2639;0
2640;0
2641;0
2642;0
2643;0
2644;0
2645;0
2646;0
2647;0
2648;0
2649;0
2650;0
2651;0
2652;0
2653;0
2654;0
2655;0
2656;0
2657;0
2658;0
2659;0
2660;0
2661;0
2662;0
2663;0
2664;0
2665;0
2666;0
2667;0
2668;0
2669;0
2670;0
2671;0
2672;0
2673;0
2674;0
2675;0
2676;0
2677;0
2678;0
2679;0
2680;0
2681;0
2682;0
2683;0
2684;0
2685;0
2686;0
2687;0
2688;0
2689;0
2690;0
2691;0
2692;0
2693;0
2694;0
2695;0
2696;0
2697;0
2698;0
2699;0
2700;0
2701;0
2702;0
2703;0
2704;0
2705;0
2706;0
2707;0
2708;0
2709;0
2710;0
2711;0
2712;0
2713;0
2714;0
2715;0
2716;0
2717;0
2718;0
2719;0
2720;0
2721;0
2722;0
2723;0
2724;0
2725;0
2726;0
2727;0
2728;0
2729;0
2730;0
2731;0
2732;0
2733;0
2734;0
2735;0
2736;0
2737;0
2738;0
2739;0
2740;0
2741;0
2742;0
2743;0
2744;0
2745;0
2746;0
2747;0
2748;0
2749;0
2750;0
2751;0
2752;0
2753;0
2754;0
2755;0
2756;0
2757;0
2758;0
2759;0
2760;0
2761;0
2762;0
2763;0
2764;0
2765;0
2766;0
2767;0
2768;0
2769;0
2770;0
2771;0
2772;0
2773;0
2774;0
2775;0
2776;0
2777;0
2778;0
2779;0
2780;0
2781;0
2782;0
2783;0
2784;0
2785;0
2786;0
2787;0
2788;0
2789;0
2790;0
2791;0
2792;0
2793;0
2794;0
2795;0
2796;0
2797;0
2798;0
2799;0
2800;0
2801;0
2802;0
2803;0
2804;0
2805;0
2806;0
2807;0
2808;0
2809;0
2810;0
2811;0
2812;0
2813;0
2814;0
2815;0
2816;0
2817;0
2818;0
2819;0
2820;0
2821;0
2822;0
2823;0
2824;0
2825;0
2826;0
2827;0
2828;0
2829;0
2830;0
2831;0
2832;0
2833;0
2834;0
2835;0
2836;0
2837;0
2838;0
2839;0
2840;0
2841;0
2842;0
2843;0
2844;0
2845;0
2846;0
2847;0
2848;0
2849;0
2850;0
2851;0
2852;0
2853;0
2854;0
2855;0
2856;0
2857;0
2858;0
2859;0
2860;0
2861;0
2862;0
2863;0
2864;0
2865;0
2866;0
2867;0
2868;0
2869;0
2870;0
2871;0
2872;0
2873;0
2874;0
2875;0
2876;0
2877;0
2878;0
2879;0
2880;0
2881;0
2882;0
2883;0
2884;0
2885;0
2886;0
2887;0
2888;0
2889;0
2890;0
2891;0
2892;0
2893;0
2894;0
2895;0
2896;0
2897;0
2898;0
2899;0
2900;0
2901;0
2902;0
2903;0
2904;0
2905;0
2906;0
2907;0
2908;0
2909;0
2910;0
2911;0
2912;0
2913;0
2914;0
2915;0
2916;0
2917;0
2918;0
2919;0
2920;0
2921;0
2922;0
2923;0
2924;0
2925;0
2926;0
2927;0
2928;0
2929;0
2930;0
2931;0
2932;0
2933;0
2934;0
2935;0
2936;0
2937;0
2938;0
2939;0
2940;0
2941;0
2942;0
2943;0
2944;0
2945;0
2946;0
2947;0
2948;0
2949;0
2950;0
2951;0
2952;0
2953;0
2954;0
2955;0
2956;0
2957;0
2958;0
2959;0
2960;0
2961;0
2962;0
2963;0
2964;0
2965;0
2966;0
2967;0
2968;0
2969;0
2970;0
2971;0
2972;0
2973;0
2974;0
2975;0
2976;0
2977;0
2978;0
2979;0
2980;0
2981;0
2982;0
2983;0
2984;0
2985;0
2986;0
2987;0
2988;0
2989;0
2990;0
2991;0
2992;0
2993;0
2994;0
2995;0
2996;0
2997;0
2998;0
2999;0
3000;0
3001;0
3002;0
3003;0
3004;0
3005;0
3006;0
3007;0
3008;0
3009;0
3010;0
3011;0
3012;0
3013;0
3014;0
3015;0
3016;0
3017;0
3018;0
3019;0
3020;0
3021;0
3022;0
3023;0
3024;0
3025;0
3026;0
3027;0
3028;0
3029;0
3030;0
3031;0
3032;0
3033;0
3034;0
3035;0
3036;0
3037;0
3038;0
3039;0
3040;0
3041;0
3042;0
3043;0
3044;0
3045;0
3046;0
3047;0
3048;0
3049;0
3050;0
3051;0
3052;0
3053;0
3054;0
3055;0
3056;0
3057;0
3058;0
3059;0
3060;0
3061;0
3062;0
3063;0
3064;0
3065;0
3066;0
3067;0
3068;0
3069;0
3070;0
3071;0
3072;0
3073;0
3074;0
3075;0
3076;0
3077;0
3078;0
3079;0
3080;0
3081;0
3082;0
3083;0
3084;0
3085;0
3086;0
3087;0
3088;0
3089;0
3090;0
3091;0
3092;0
3093;0
3094;0
3095;0
3096;0
3097;0
3098;0
3099;0
3100;0
3101;0
3102;0
3103;0
3104;0
3105;0
3106;0
3107;0
3108;0
3109;0
3110;0
3111;0
3112;0
3113;0
3114;0
3115;0
3116;0
3117;0
3118;0
3119;0
3120;0
3121;0
3122;0
3123;0
3124;0
3125;0
3126;0
3127;0
3128;0
3129;0
3130;0
3131;0
3132;0
3133;0
3134;0
3135;0
3136;0
3137;0
3138;0
3139;0
3140;0
3141;0
3142;0
3143;0
3144;0
3145;0
3146;0
3147;0
3148;0
3149;0
3150;0
3151;0
3152;0
3153;0
3154;0
3155;0
3156;0
3157;0
3158;0
3159;0
3160;0
3161;0
3162;0
3163;0
3164;0
3165;0
3166;0
3167;0
3168;0
3169;0
3170;0
3171;0
3172;0
3173;0
3174;0
3175;0
3176;0
3177;0
3178;0
3179;0
3180;0
3181;0
3182;0
3183;0
3184;0
3185;0
3186;0
3187;0
3188;0
3189;0
3190;0
3191;0
3192;0
3193;0
3194;0
3195;0
3196;0
3197;0
3198;0
3199;0
3200;0
3201;0
3202;0
3203;0
3204;0
3205;0
3206;0
3207;0
3208;0
3209;0
3210;0
3211;0
3212;0
3213;0
3214;0
3215;0
3216;0
3217;0
3218;0
3219;0
3220;0
3221;0
3222;0
3223;0
3224;0
3225;0
3226;0
3227;0
3228;0
3229;0
3230;0
3231;0
3232;0
3233;0
3234;0
3235;0
3236;0
3237;0
3238;0
3239;0
3240;0
3241;0
3242;0
3243;0
3244;0
3245;0
3246;0
3247;0
3248;0
3249;0
3250;0
3251;0
3252;0
3253;0
3254;0
3255;0
3256;0
3257;0
3258;0
3259;0
3260;0
3261;0
3262;0
3263;0
3264;0
3265;0
3266;0
3267;0
3268;0
3269;0
3270;0
3271;0
3272;0
3273;0
3274;0
3275;0
3276;0
3277;0
3278;0
3279;0
3280;0
3281;0
3282;0
3283;0
3284;0
3285;0
3286;0
3287;0
3288;0
3289;0
3290;0
3291;0
3292;0
3293;0
3294;0
3295;0
3296;0
3297;0
3298;0
3299;0
3300;0
3301;0
3302;0
3303;0
3304;0
3305;0
3306;0
3307;0
3308;0
3309;0
3310;0
3311;0
3312;0
3313;0
3314;0
3315;0
3316;0
3317;0
3318;0
3319;0
3320;0
3321;0
3322;0
3323;0
3324;0
3325;0
3326;0
3327;0
3328;0
3329;0
3330;0
3331;0
3332;0
3333;0
3334;0
3335;0
3336;0
3337;0
3338;0
3339;0
3340;0
3341;0
3342;0
3343;0
3344;0
3345;0
3346;0
3347;0
3348;0
3349;0
3350;0
3351;0
3352;0
3353;0
3354;0
3355;0
3356;0
3357;0
3358;0
3359;0
3360;0
3361;0
3362;0
3363;0
3364;0
3365;0
3366;0
3367;0
3368;0
3369;0
3370;0
3371;0
3372;0
3373;0
3374;0
3375;0
3376;0
3377;0
3378;0
3379;0
3380;0
3381;0
3382;0
3383;0
3384;0
3385;0
3386;0
3387;0
3388;0
3389;0
3390;0
3391;0
3392;0
3393;0
3394;0
3395;0
3396;0
3397;0
3398;0
3399;0
3400;0
3401;0
3402;0
3403;0
3404;0
3405;0
3406;0
3407;0
3408;0
3409;0
3410;0
3411;0
3412;0
3413;0
3414;0
3415;0
3416;0
3417;0
3418;0
3419;0
3420;0
3421;0
3422;0
3423;0
3424;0
3425;0
3426;0
3427;0
3428;0
3429;0
3430;0
3431;0
3432;0
3433;0
3434;0
3435;0
3436;0
3437;0
3438;0
3439;0
3440;0
3441;0
3442;0
3443;0
3444;0
3445;0
3446;0
3447;0
3448;0
3449;0
3450;0
3451;0
3452;0
3453;0
3454;0
3455;0
3456;0
3457;0
3458;0
3459;0
3460;0
3461;0
3462;0
3463;0
3464;0
3465;0
3466;0
3467;0
3468;0
3469;0
3470;0
3471;0
3472;0
3473;0
3474;0
3475;0
3476;0
3477;0
3478;0
3479;0
3480;0
3481;0
3482;0
3483;0
3484;0
3485;0
3486;0
3487;0
3488;0
3489;0
3490;0
3491;0
3492;0
3493;0
3494;0
3495;0
3496;0
3497;0
3498;0
3499;0
3500;0
3501;0
3502;0
3503;0
3504;0
3505;0
3506;0
3507;0
3508;0
3509;0
3510;0
3511;0
3512;0
3513;0
3514;0
3515;0
3516;0
3517;0
3518;0
3519;0
3520;0
3521;0
3522;0
3523;0
3524;0
3525;0
3526;0
3527;0
3528;0
3529;0
3530;0
3531;0
3532;0
3533;0
3534;0
3535;0
3536;0
3537;0
3538;0
3539;0
3540;0
3541;0
3542;0
3543;0
3544;0
3545;0
3546;0
3547;0
3548;0
3549;0
3550;0
3551;0
3552;0
3553;0
3554;0
3555;0
3556;0
3557;0
3558;0
3559;0
3560;0
3561;0
3562;0
3563;0
3564;0
3565;0
3566;0
3567;0
3568;0
3569;0
3570;0
3571;0
3572;0
3573;0
3574;0
3575;0
3576;0
3577;0
3578;0
3579;0
3580;0
3581;0
3582;0
3583;0
3584;0
3585;0
3586;0
3587;0
3588;0
3589;0
3590;0
3591;0
3592;0
3593;0
3594;0
3595;0
3596;0
3597;0
3598;0
3599;0
3600;0
3601;0
3602;0
3603;0
3604;0
3605;0
3606;0
3607;0
3608;0
3609;0
3610;0
3611;0
3612;0
3613;0
3614;0
3615;0
3616;0
3617;0
3618;0
3619;0
3620;0
3621;0
3622;0
3623;0
3624;0
3625;0
3626;0
3627;0
3628;0
3629;0
3630;0
3631;0
3632;0
3633;0
3634;0
3635;0
3636;0
3637;0
3638;0
3639;0
3640;0
3641;0
3642;0
3643;0
3644;0
3645;0
3646;0
3647;0
3648;0
3649;0
3650;0
3651;0
3652;0
3653;0
3654;0
3655;0
3656;0
3657;0
3658;0
3659;0
3660;0
3661;0
3662;0
3663;0
3664;0
3665;0
3666;0
3667;0
3668;0
3669;0
3670;0
3671;0
3672;0
3673;0
3674;0
3675;0
3676;0
3677;0
3678;0
3679;0
3680;0
3681;0
3682;0
3683;0
3684;0
3685;0
3686;0
3687;0
3688;0
3689;0
3690;0
3691;0
3692;0
3693;0
3694;0
3695;0
3696;0
3697;0
3698;0
3699;0
3700;0
3701;0
3702;0
3703;0
3704;0
3705;0
3706;0
3707;0
3708;0
3709;0
3710;0
3711;0
3712;0
3713;0
3714;0
3715;0
3716;0
3717;0
3718;0
3719;0
3720;0
3721;0
3722;0
3723;0
3724;0
3725;0
3726;0
3727;0
3728;0
3729;0
3730;0
3731;0
3732;0
3733;0
3734;0
3735;0
3736;0
3737;0
3738;0
3739;0
3740;0
3741;0
3742;0
3743;0
3744;0
3745;0
3746;0
3747;0
3748;0
3749;0
3750;0
3751;0
3752;0
3753;0
3754;0
3755;0
3756;0
3757;0
3758;0
3759;0
3760;0
3761;0
3762;0
3763;0
3764;0
3765;0
3766;0
3767;0
3768;0
3769;0
3770;0
3771;0
3772;0
3773;0
3774;0
3775;0
3776;0
3777;0
3778;0
3779;0
3780;0
3781;0
3782;0
3783;0
3784;0
3785;0
3786;0
3787;0
3788;0
3789;0
3790;0
3791;0
3792;0
3793;0
3794;0
3795;0
3796;0
3797;0
3798;0
3799;0
3800;0
3801;0
3802;0
3803;0
3804;0
3805;0
3806;0
3807;0
3808;0
3809;0
3810;0
3811;0
3812;0
3813;0
3814;0
3815;0
3816;0
3817;0
3818;0
3819;0
3820;0
3821;0
3822;0
3823;0
3824;0
3825;0
3826;0
3827;0
3828;0
3829;0
3830;0
3831;0
3832;0
3833;0
3834;0
3835;0
3836;0
3837;0
3838;0
3839;0
3840;0
3841;0
3842;0
3843;0
3844;0
3845;0
3846;0
3847;0
3848;0
3849;0
3850;0
3851;0
3852;0
3853;0
3854;0
3855;0
3856;0
3857;0
3858;0
3859;0
3860;0
3861;0
3862;0
3863;0
3864;0
3865;0
3866;0
3867;0
3868;0
3869;0
3870;0
3871;0
3872;0
3873;0
3874;0
3875;0
3876;0
3877;0
3878;0
3879;0
3880;0
3881;0
3882;0
3883;0
3884;0
3885;0
3886;0
3887;0
3888;0
3889;0
3890;0
3891;0
3892;0
3893;0
3894;0
3895;0
3896;0
3897;0
3898;0
3899;0
3900;0
3901;0
3902;0
3903;0
3904;0
3905;0
3906;0
3907;0
3908;0
3909;0
3910;0
3911;0
3912;0
3913;0
3914;0
3915;0
3916;0
3917;0
3918;0
3919;0
3920;0
3921;0
3922;0
3923;0
3924;0
3925;0
3926;0
3927;0
3928;0
3929;0
3930;0
3931;0
3932;0
3933;0
3934;0
3935;0
3936;0
3937;0
3938;0
3939;0
3940;0
3941;0
3942;0
3943;0
3944;0
3945;0
3946;0
3947;0
3948;0
3949;0
3950;0
3951;0
3952;0
3953;0
3954;0
3955;0
3956;0
3957;0
3958;0
3959;0
3960;0
3961;0
3962;0
3963;0
3964;0
3965;0
3966;0
3967;0
3968;0
3969;0
3970;0
3971;0
3972;0
3973;0
3974;0
3975;0
3976;0
3977;0
3978;0
3979;0
3980;0
3981;0
3982;0
3983;0
3984;0
3985;0
3986;0
3987;0
3988;0
3989;0
3990;0
3991;0
3992;0
3993;0
3994;0
3995;0
3996;0
3997;0
3998;0
3999;0
4000;0
4001;0
4002;0
4003;0
4004;0
4005;0
4006;0
4007;0
4008;0
4009;0
4010;0
4011;0
4012;0
4013;0
4014;0
4015;0
4016;0
4017;0
4018;0
4019;0
4020;0
4021;0
4022;0
4023;0
4024;0
4025;0
4026;0
4027;0
4028;0
4029;0
4030;0
4031;0
4032;0
4033;0
4034;0
4035;0
4036;0
4037;0
4038;0
4039;0
4040;0
4041;0
4042;0
4043;0
4044;0
4045;0
4046;0
4047;0
4048;0
4049;0
4050;0
4051;0
4052;0
4053;0
4054;0
4055;0
4056;0
4057;0
4058;0
4059;0
4060;0
4061;0
4062;0
4063;0
4064;0
4065;0
4066;0
4067;0
4068;0
4069;0
4070;0
4071;0
4072;0
4073;0
4074;0
4075;0
4076;0
4077;0
4078;0
4079;0
4080;0
4081;0
4082;0
4083;0
4084;0
4085;0
4086;0
4087;0
4088;0
4089;0
4090;0
4091;0
4092;0
4093;0
4094;0
4095;0
4096;0
