L 64,p 0.582800,Z 100000
/* Tamanio de cluster; Ocurrencias de cada tamaño de cluster */
1;7878501
2;1730770
3;1042832
4;681276
5;479496
6;354280
7;275803
8;219734
9;180795
10;151124
11;129524
12;111044
13;97797
14;86238
15;75536
16;68158
17;61274
18;55884
19;50831
20;46616
21;42766
22;39385
23;36613
24;34294
25;31570
26;29647
27;27783
28;26178
29;24434
30;23248
31;21663
32;20801
33;19739
34;18960
35;17825
36;17068
37;15983
38;15493
39;14676
40;14148
41;13447
42;13040
43;12491
44;12058
45;11596
46;11070
47;10850
48;10448
49;10094
50;9809
51;9241
52;9132
53;8860
54;8566
55;8172
56;7944
57;7752
58;7587
59;7362
60;7180
61;6941
62;6767
63;6487
64;6278
65;6119
66;6079
67;5733
68;5729
69;5495
70;5390
71;5298
72;5196
73;5108
74;4914
75;4811
76;4713
77;4517
78;4455
79;4441
80;4395
81;4186
82;4147
83;4031
84;3970
85;3892
86;3876
87;3674
88;3700
89;3696
90;3611
91;3555
92;3367
93;3435
94;3334
95;3204
96;3191
97;3180
98;3029
99;3041
100;2984
101;3004
102;2834
103;2803
104;2757
105;2731
106;2717
107;2751
108;2566
109;2634
110;2466
111;2537
112;2485
113;2447
114;2387
115;2325
116;2260
117;2266
118;2266
119;2257
120;2106
121;2174
122;2206
123;2113
124;2073
125;2125
126;2062
127;2065
128;2003
129;1936
130;1966
131;1910
132;1932
133;1873
134;1840
135;1786
136;1761
137;1778
138;1783
139;1750
140;1715
141;1666
142;1634
143;1599
144;1591
145;1583
146;1602
147;1593
148;1607
149;1538
150;1501
151;1500
152;1461
153;1447
154;1458
155;1395
156;1405
157;1311
158;1392
159;1451
160;1334
161;1328
162;1363
163;1318
164;1258
165;1250
166;1270
167;1246
168;1175
169;1268
170;1206
171;1187
172;1261
173;1112
174;1185
175;1173
176;1176
177;1207
178;1152
179;1153
180;1083
181;1118
182;1130
183;1087
184;1106
185;1100
186;1045
187;1049
188;1024
189;972
190;1015
191;1030
192;1042
193;994
194;966
195;953
196;944
197;960
198;943
199;989
200;945
201;908
202;949
203;879
204;887
205;856
206;901
207;854
208;897
209;841
210;858
211;856
212;864
213;857
214;818
215;866
216;803
217;775
218;776
219;780
220;791
221;804
222;802
223;781
224;771
225;784
226;819
227;746
228;755
229;727
230;746
231;680
232;772
233;725
234;719
235;675
236;623
237;690
238;697
239;669
240;668
241;719
242;635
243;693
244;649
245;645
246;646
247;643
248;624
249;682
250;657
251;655
252;646
253;687
254;643
255;634
256;645
257;613
258;592
259;628
260;570
261;566
262;625
263;586
264;595
265;609
266;566
267;608
268;591
269;586
270;567
271;570
272;581
273;590
274;578
275;537
276;594
277;536
278;530
279;555
280;551
281;566
282;582
283;493
284;544
285;555
286;544
287;510
288;507
289;514
290;462
291;433
292;517
293;492
294;465
295;490
296;456
297;505
298;513
299;454
300;449
301;492
302;484
303;502
304;431
305;491
306;434
307;461
308;445
309;444
310;478
311;470
312;408
313;447
314;435
315;436
316;434
317;474
318;439
319;421
320;428
321;427
322;398
323;404
324;413
325;423
326;428
327;429
328;389
329;417
330;424
331;393
332;400
333;385
334;389
335;389
336;374
337;417
338;371
339;358
340;381
341;372
342;340
343;357
344;375
345;412
346;359
347;380
348;352
349;338
350;356
351;356
352;358
353;370
354;328
355;352
356;377
357;349
358;351
359;369
360;346
361;367
362;358
363;372
364;345
365;325
366;340
367;355
368;336
369;322
370;335
371;353
372;354
373;352
374;343
375;332
376;334
377;345
378;335
379;324
380;324
381;284
382;307
383;292
384;324
385;297
386;306
387;295
388;291
389;349
390;307
391;295
392;304
393;314
394;316
395;287
396;330
397;295
398;308
399;310
400;298
401;297
402;292
403;301
404;282
405;302
406;290
407;285
408;261
409;275
410;285
411;320
412;278
413;269
414;268
415;277
416;288
417;255
418;263
419;263
420;268
421;279
422;271
423;252
424;290
425;262
426;264
427;268
428;268
429;278
430;255
431;249
432;253
433;285
434;251
435;259
436;242
437;223
438;216
439;246
440;213
441;219
442;265
443;276
444;263
445;241
446;259
447;242
448;251
449;240
450;240
451;249
452;249
453;281
454;226
455;235
456;231
457;259
458;273
459;247
460;230
461;239
462;227
463;229
464;210
465;231
466;238
467;198
468;213
469;234
470;226
471;195
472;204
473;241
474;226
475;215
476;218
477;219
478;234
479;203
480;217
481;226
482;211
483;206
484;232
485;225
486;213
487;226
488;219
489;215
490;178
491;220
492;214
493;226
494;220
495;218
496;218
497;201
498;221
499;211
500;200
501;188
502;181
503;208
504;205
505;190
506;214
507;199
508;207
509;229
510;191
511;191
512;164
513;180
514;189
515;200
516;212
517;185
518;184
519;162
520;204
521;192
522;197
523;174
524;175
525;194
526;186
527;182
528;189
529;205
530;196
531;173
532;168
533;186
534;163
535;164
536;175
537;202
538;186
539;164
540;181
541;178
542;160
543;168
544;188
545;159
546;176
547;171
548;175
549;176
550;192
551;169
552;180
553;163
554;158
555;177
556;167
557;174
558;184
559;176
560;157
561;174
562;176
563;207
564;180
565;149
566;169
567;164
568;171
569;174
570;183
571;178
572;162
573;153
574;185
575;176
576;143
577;149
578;146
579;186
580;150
581;166
582;173
583;165
584;135
585;169
586;167
587;150
588;130
589;166
590;147
591;160
592;161
593;160
594;127
595;154
596;163
597;148
598;143
599;152
600;152
601;146
602;130
603;141
604;130
605;148
606;152
607;153
608;156
609;135
610;160
611;143
612;158
613;147
614;147
615;138
616;134
617;146
618;120
619;135
620;148
621;130
622;136
623;133
624;148
625;127
626;143
627;127
628;140
629;135
630;131
631;139
632;126
633;136
634;143
635;128
636;129
637;146
638;123
639;157
640;144
641;145
642;117
643;146
644;133
645;121
646;151
647;132
648;122
649;158
650;128
651;156
652;110
653;135
654;119
655;131
656;141
657;137
658;121
659;132
660;127
661;123
662;134
663;121
664;120
665;132
666;146
667;125
668;119
669;126
670;131
671;117
672;107
673;96
674;135
675;130
676;124
677;136
678;120
679;111
680;119
681;116
682;131
683;113
684;123
685;137
686;119
687;128
688;113
689;123
690;126
691;139
692;102
693;122
694;120
695;120
696;107
697;111
698;122
699;116
700;108
701;104
702;104
703;100
704;114
705;130
706;115
707;105
708;104
709;94
710;125
711;116
712;111
713;97
714;108
715;109
716;105
717;121
718;93
719;97
720;102
721;109
722;122
723;110
724;122
725;106
726;115
727;120
728;105
729;119
730;95
731;91
732;116
733;108
734;123
735;105
736;114
737;122
738;101
739;115
740;107
741;91
742;104
743;110
744;106
745;112
746;107
747;90
748;105
749;117
750;103
751;123
752;113
753;98
754;98
755;106
756;95
757;112
758;89
759;100
760;81
761;92
762;98
763;78
764;80
765;102
766;85
767;93
768;91
769;81
770;101
771;86
772;86
773;114
774;113
775;92
776;110
777;95
778;89
779;92
780;87
781;79
782;103
783;103
784;78
785;89
786;101
787;84
788;101
789;91
790;87
791;92
792;79
793;78
794;85
795;90
796;91
797;90
798;99
799;84
800;106
801;91
802;100
803;103
804;81
805;89
806;96
807;88
808;80
809;89
810;104
811;94
812;92
813;77
814;93
815;85
816;81
817;91
818;89
819;98
820;84
821;77
822;85
823;92
824;71
825;73
826;70
827;85
828;80
829;85
830;79
831;83
832;86
833;80
834;70
835;71
836;73
837;79
838;90
839;78
840;88
841;94
842;87
843;74
844;76
845;79
846;75
847;85
848;70
849;82
850;81
851;79
852;59
853;74
854;87
855;71
856;77
857;72
858;74
859;86
860;75
861;85
862;74
863;69
864;84
865;74
866;71
867;59
868;74
869;66
870;63
871;64
872;68
873;76
874;81
875;60
876;65
877;68
878;73
879;69
880;73
881;76
882;69
883;75
884;58
885;76
886;71
887;74
888;71
889;68
890;63
891;66
892;77
893;56
894;75
895;86
896;70
897;71
898;69
899;80
900;54
901;59
902;56
903;70
904;64
905;57
906;70
907;62
908;75
909;69
910;71
911;66
912;58
913;65
914;68
915;74
916;75
917;63
918;63
919;61
920;43
921;54
922;59
923;69
924;77
925;58
926;78
927;52
928;59
929;65
930;50
931;58
932;57
933;57
934;54
935;51
936;72
937;72
938;67
939;59
940;71
941;53
942;53
943;51
944;63
945;66
946;70
947;62
948;57
949;79
950;57
951;47
952;46
953;61
954;42
955;49
956;53
957;69
958;67
959;59
960;67
961;69
962;66
963;67
964;53
965;69
966;52
967;66
968;64
969;50
970;49
971;52
972;56
973;57
974;71
975;66
976;58
977;50
978;54
979;50
980;45
981;55
982;63
983;63
984;44
985;50
986;65
987;64
988;60
989;47
990;53
991;51
992;60
993;66
994;41
995;54
996;47
997;43
998;45
999;52
1000;56
1001;48
1002;60
1003;60
1004;49
1005;55
1006;60
1007;57
1008;45
1009;57
1010;52
1011;45
1012;38
1013;51
1014;54
1015;57
1016;44
1017;41
1018;41
1019;44
1020;41
1021;61
1022;48
1023;77
1024;53
1025;60
1026;45
1027;39
1028;54
1029;57
1030;51
1031;46
1032;45
1033;47
1034;35
1035;49
1036;46
1037;54
1038;51
1039;44
1040;42
1041;53
1042;34
1043;51
1044;53
1045;33
1046;51
1047;33
1048;32
1049;45
1050;53
1051;54
1052;32
1053;58
1054;46
1055;42
1056;42
1057;51
1058;52
1059;42
1060;34
1061;53
1062;44
1063;46
1064;38
1065;41
1066;38
1067;38
1068;41
1069;41
1070;50
1071;46
1072;30
1073;44
1074;38
1075;40
1076;42
1077;44
1078;44
1079;35
1080;41
1081;50
1082;33
1083;33
1084;43
1085;38
1086;45
1087;44
1088;49
1089;39
1090;35
1091;36
1092;45
1093;51
1094;54
1095;30
1096;47
1097;41
1098;59
1099;33
1100;36
1101;34
1102;35
1103;43
1104;37
1105;38
1106;38
1107;46
1108;33
1109;41
1110;33
1111;41
1112;41
1113;48
1114;31
1115;41
1116;43
1117;38
1118;49
1119;40
1120;52
1121;35
1122;46
1123;38
1124;35
1125;33
1126;35
1127;40
1128;36
1129;36
1130;38
1131;24
1132;36
1133;41
1134;31
1135;33
1136;32
1137;46
1138;29
1139;43
1140;27
1141;34
1142;29
1143;32
1144;38
1145;24
1146;44
1147;50
1148;31
1149;40
1150;43
1151;31
1152;30
1153;33
1154;34
1155;60
1156;34
1157;30
1158;34
1159;31
1160;41
1161;37
1162;39
1163;28
1164;29
1165;33
1166;34
1167;34
1168;32
1169;31
1170;32
1171;47
1172;35
1173;30
1174;31
1175;34
1176;42
1177;30
1178;42
1179;35
1180;35
1181;31
1182;31
1183;38
1184;32
1185;23
1186;27
1187;23
1188;20
1189;35
1190;25
1191;34
1192;23
1193;34
1194;30
1195;34
1196;31
1197;29
1198;23
1199;22
1200;35
1201;32
1202;23
1203;21
1204;27
1205;34
1206;24
1207;29
1208;35
1209;37
1210;34
1211;26
1212;25
1213;26
1214;25
1215;36
1216;32
1217;26
1218;36
1219;34
1220;34
1221;29
1222;28
1223;28
1224;21
1225;17
1226;23
1227;31
1228;26
1229;19
1230;25
1231;36
1232;18
1233;17
1234;31
1235;23
1236;31
1237;22
1238;21
1239;19
1240;22
1241;23
1242;23
1243;24
1244;24
1245;27
1246;30
1247;26
1248;27
1249;24
1250;26
1251;24
1252;23
1253;20
1254;21
1255;26
1256;24
1257;23
1258;28
1259;22
1260;17
1261;21
1262;26
1263;21
1264;28
1265;31
1266;21
1267;19
1268;20
1269;29
1270;24
1271;27
1272;18
1273;22
1274;19
1275;17
1276;26
1277;25
1278;18
1279;11
1280;20
1281;14
1282;11
1283;22
1284;21
1285;26
1286;14
1287;19
1288;22
1289;20
1290;17
1291;21
1292;16
1293;14
1294;18
1295;23
1296;18
1297;21
1298;20
1299;22
1300;16
1301;21
1302;24
1303;17
1304;14
1305;19
1306;18
1307;22
1308;18
1309;26
1310;15
1311;18
1312;17
1313;24
1314;23
1315;23
1316;22
1317;24
1318;12
1319;21
1320;12
1321;21
1322;17
1323;19
1324;18
1325;14
1326;21
1327;14
1328;16
1329;14
1330;18
1331;22
1332;19
1333;14
1334;15
1335;19
1336;11
1337;17
1338;19
1339;17
1340;16
1341;18
1342;23
1343;13
1344;18
1345;19
1346;18
1347;12
1348;18
1349;16
1350;18
1351;12
1352;19
1353;25
1354;12
1355;11
1356;11
1357;14
1358;17
1359;16
1360;15
1361;14
1362;12
1363;19
1364;10
1365;11
1366;12
1367;15
1368;14
1369;23
1370;22
1371;12
1372;11
1373;18
1374;11
1375;13
1376;15
1377;15
1378;16
1379;9
1380;6
1381;13
1382;15
1383;14
1384;13
1385;12
1386;5
1387;12
1388;17
1389;14
1390;14
1391;16
1392;15
1393;11
1394;11
1395;14
1396;8
1397;9
1398;10
1399;7
1400;18
1401;13
1402;10
1403;12
1404;10
1405;11
1406;12
1407;8
1408;13
1409;14
1410;14
1411;13
1412;12
1413;11
1414;8
1415;12
1416;7
1417;14
1418;9
1419;7
1420;17
1421;9
1422;14
1423;12
1424;11
1425;4
1426;17
1427;11
1428;7
1429;16
1430;7
1431;4
1432;14
1433;9
1434;8
1435;5
1436;7
1437;8
1438;3
1439;6
1440;9
1441;8
1442;8
1443;8
1444;7
1445;8
1446;8
1447;13
1448;10
1449;5
1450;10
1451;9
1452;11
1453;6
1454;7
1455;8
1456;4
1457;13
1458;9
1459;9
1460;16
1461;11
1462;7
1463;10
1464;8
1465;7
1466;7
1467;10
1468;4
1469;6
1470;5
1471;10
1472;9
1473;9
1474;5
1475;7
1476;4
1477;2
1478;9
1479;11
1480;10
1481;13
1482;6
1483;5
1484;10
1485;9
1486;3
1487;6
1488;7
1489;7
1490;10
1491;10
1492;10
1493;7
1494;4
1495;11
1496;6
1497;1
1498;9
1499;8
1500;8
1501;7
1502;8
1503;5
1504;9
1505;5
1506;6
1507;3
1508;7
1509;4
1510;7
1511;8
1512;7
1513;7
1514;5
1515;4
1516;2
1517;5
1518;7
1519;4
1520;10
1521;6
1522;8
1523;1
1524;4
1525;8
1526;2
1527;7
1528;2
1529;6
1530;8
1531;2
1532;9
1533;8
1534;3
1535;7
1536;9
1537;5
1538;4
1539;9
1540;4
1541;2
1542;5
1543;8
1544;4
1545;7
1546;2
1547;2
1548;5
1549;3
1550;5
1551;5
1552;6
1553;6
1554;5
1555;1
1556;6
1557;4
1558;1
1559;3
1560;3
1561;4
1562;1
1563;5
1564;7
1565;6
1566;8
1567;4
1568;6
1569;3
1570;4
1571;6
1572;5
1573;4
1574;5
1575;3
1576;3
1577;6
1578;3
1579;10
1580;3
1581;8
1582;4
1583;5
1584;3
1585;5
1586;4
1587;2
1588;2
1589;2
1590;5
1591;3
1592;2
1593;3
1594;6
1595;2
1596;7
1597;4
1598;2
1599;4
1600;4
1601;2
1602;2
1603;3
1604;2
1605;2
1606;3
1607;2
1608;1
1609;2
1610;3
1611;2
1612;3
1613;2
1614;10
1615;1
1616;2
1617;1
1618;4
1619;2
1620;4
1621;2
1622;4
1623;3
1624;2
1625;3
1626;3
1627;2
1628;1
1629;2
1630;5
1631;1
1632;7
1633;2
1634;1
1635;2
1636;1
1637;3
1638;1
1639;3
1640;2
1641;3
1642;2
1643;2
1644;2
1645;0
1646;1
1647;2
1648;0
1649;2
1650;1
1651;1
1652;2
1653;4
1654;2
1655;1
1656;2
1657;4
1658;3
1659;3
1660;2
1661;3
1662;0
1663;0
1664;2
1665;2
1666;3
1667;0
1668;2
1669;3
1670;2
1671;4
1672;0
1673;2
1674;0
1675;1
1676;2
1677;0
1678;2
1679;0
1680;1
1681;2
1682;1
1683;5
1684;2
1685;1
1686;1
1687;2
1688;1
1689;3
1690;0
1691;1
1692;1
1693;3
1694;1
1695;1
1696;0
1697;4
1698;2
1699;3
1700;4
1701;1
1702;1
1703;1
1704;1
1705;0
1706;0
1707;1
1708;1
1709;0
1710;0
1711;0
1712;1
1713;1
1714;1
1715;1
1716;2
1717;1
1718;2
1719;0
1720;1
1721;1
1722;0
1723;0
1724;0
1725;1
1726;2
1727;1
1728;0
1729;1
1730;0
1731;0
1732;1
1733;0
1734;0
1735;1
1736;0
1737;0
1738;2
1739;1
1740;0
1741;1
1742;0
1743;1
1744;0
1745;2
1746;3
1747;0
1748;1
1749;0
1750;2
1751;0
1752;1
1753;1
1754;0
1755;0
1756;0
1757;0
1758;0
1759;2
1760;2
1761;0
1762;0
1763;1
1764;0
1765;1
1766;0
1767;0
1768;0
1769;1
1770;0
1771;2
1772;0
1773;0
1774;1
1775;1
1776;0
1777;0
1778;0
1779;1
1780;0
1781;0
1782;0
1783;0
1784;0
1785;0
1786;1
1787;2
1788;0
1789;0
1790;0
1791;0
1792;0
1793;0
1794;1
1795;1
1796;0
1797;0
1798;0
1799;2
1800;0
1801;0
1802;2
1803;0
1804;0
1805;0
1806;0
1807;0
1808;0
1809;0
1810;0
1811;0
1812;0
1813;0
1814;0
1815;0
1816;0
1817;0
1818;0
1819;0
1820;0
1821;1
1822;0
1823;0
1824;0
1825;0
1826;0
1827;0
1828;2
1829;1
1830;0
1831;0
1832;0
1833;0
1834;0
1835;0
1836;0
1837;0
1838;0
1839;0
1840;0
1841;0
1842;0
1843;0
1844;0
1845;0
1846;0
1847;0
1848;1
1849;0
1850;0
1851;0
1852;0
1853;0
1854;1
1855;0
1856;0
1857;1
1858;0
1859;0
1860;0
1861;0
1862;0
1863;0
1864;0
1865;0
1866;0
1867;0
1868;0
1869;1
1870;0
1871;0
1872;0
1873;0
1874;0
1875;0
1876;0
1877;0
1878;0
1879;0
1880;0
1881;0
1882;0
1883;0
1884;0
1885;0
1886;0
1887;0
1888;0
1889;0
1890;0
1891;0
1892;0
1893;0
1894;0
1895;0
1896;0
1897;0
1898;0
1899;0
1900;0
1901;0
1902;1
1903;0
1904;0
1905;0
1906;0
1907;0
1908;0
1909;0
1910;0
1911;0
1912;0
1913;0
1914;0
1915;0
1916;0
1917;0
1918;0
1919;0
1920;0
1921;0
1922;0
1923;0
1924;1
1925;0
1926;0
1927;0
1928;0
1929;0
1930;0
1931;0
1932;0
1933;0
1934;0
1935;0
1936;0
1937;0
1938;0
1939;0
1940;0
1941;0
1942;0
1943;0
1944;0
1945;0
1946;0
1947;0
1948;0
1949;0
1950;0
1951;0
1952;0
1953;0
1954;0
1955;0
1956;0
1957;0
1958;0
1959;0
1960;0
1961;0
1962;0
1963;0
1964;0
1965;0
1966;0
1967;0
1968;0
1969;0
1970;0
1971;0
1972;0
1973;0
1974;0
1975;0
1976;0
1977;0
1978;0
1979;0
1980;0
1981;0
1982;0
1983;0
1984;0
1985;0
1986;0
1987;0
1988;0
1989;0
1990;0
1991;1
1992;0
1993;0
1994;0
1995;0
1996;0
1997;0
1998;0
1999;0
2000;0
2001;0
2002;0
2003;0
2004;0
2005;0
2006;0
2007;0
2008;0
2009;0
2010;0
2011;0
2012;0
2013;0
2014;0
2015;0
2016;0
2017;0
2018;0
2019;0
2020;0
2021;0
2022;0
2023;0
2024;0
2025;0
2026;0
2027;0
2028;0
2029;0
2030;0
2031;0
2032;0
2033;0
2034;0
2035;0
2036;0
2037;0
2038;0
2039;0
2040;0
2041;0
2042;0
2043;0
2044;0
2045;0
2046;0
2047;0
2048;0
2049;0
2050;0
2051;0
2052;0
2053;0
2054;0
2055;0
2056;0
2057;0
2058;0
2059;0
2060;0
2061;0
2062;0
2063;0
2064;0
2065;0
2066;0
2067;0
2068;0
2069;0
2070;0
2071;0
2072;0
2073;0
2074;0
2075;0
2076;0
2077;0
2078;0
2079;0
2080;0
2081;0
2082;0
2083;0
2084;0
2085;0
2086;0
2087;0
2088;0
2089;0
2090;0
2091;0
2092;0
2093;0
2094;0
2095;0
2096;0
2097;0
2098;0
2099;0
2100;0
2101;0
2102;0
2103;0
2104;0
2105;0
2106;0
2107;0
2108;0
2109;0
2110;0
2111;0
2112;0
2113;0
2114;0
2115;0
2116;0
2117;0
2118;0
2119;0
2120;0
2121;0
2122;0
2123;0
2124;0
2125;0
2126;0
2127;0
2128;0
2129;0
2130;0
2131;0
2132;0
2133;0
2134;0
2135;0
2136;0
2137;0
2138;0
2139;0
2140;0
2141;0
2142;0
2143;0
2144;0
2145;0
2146;0
2147;0
2148;0
2149;0
2150;0
2151;0
2152;0
2153;0
2154;0
2155;0
2156;0
2157;0
2158;0
2159;0
2160;0
2161;0
2162;0
2163;0
2164;0
2165;0
2166;0
2167;0
2168;0
2169;0
2170;0
2171;0
2172;0
2173;0
2174;0
2175;0
2176;0
2177;0
2178;0
2179;0
2180;0
2181;0
2182;0
2183;0
2184;0
2185;0
2186;0
2187;0
2188;0
2189;0
2190;0
2191;0
2192;0
2193;0
2194;0
2195;0
2196;0
2197;0
2198;0
2199;0
2200;0
2201;0
2202;0
2203;0
2204;0
2205;0
2206;0
2207;0
2208;0
2209;0
2210;0
2211;0
2212;0
2213;0
2214;0
2215;0
2216;0
2217;0
2218;0
2219;0
2220;0
2221;0
2222;0
2223;0
2224;0
2225;0
2226;0
2227;0
2228;0
2229;0
2230;0
2231;0
2232;0
2233;0
2234;0
2235;0
2236;0
2237;0
2238;0
2239;0
2240;0
2241;0
2242;0
2243;0
2244;0
2245;0
2246;0
2247;0
2248;0
2249;0
2250;0
2251;0
2252;0
2253;0
2254;0
2255;0
2256;0
2257;0
2258;0
2259;0
2260;0
2261;0
2262;0
2263;0
2264;0
2265;0
2266;0
2267;0
2268;0
2269;0
2270;0
2271;0
2272;0
2273;0
2274;0
2275;0
2276;0
2277;0
2278;0
2279;0
2280;0
2281;0
2282;0
2283;0
2284;0
2285;0
2286;0
2287;0
2288;0
2289;0
2290;0
2291;0
2292;0
2293;0
2294;0
2295;0
2296;0
2297;0
2298;0
2299;0
2300;0
2301;0
2302;0
2303;0
2304;0
2305;0
2306;0
2307;0
2308;0
2309;0
2310;0
2311;0
2312;0
2313;0
2314;0
2315;0
2316;0
2317;0
2318;0
2319;0
2320;0
2321;0
2322;0
2323;0
2324;0
2325;0
2326;0
2327;0
2328;0
2329;0
2330;0
2331;0
2332;0
2333;0
2334;0
2335;0
2336;0
2337;0
2338;0
2339;0
2340;0
2341;0
2342;0
2343;0
2344;0
2345;0
2346;0
2347;0
2348;0
2349;0
2350;0
2351;0
2352;0
2353;0
2354;0
2355;0
2356;0
2357;0
2358;0
2359;0
2360;0
2361;0
2362;0
2363;0
2364;0
2365;0
2366;0
2367;0
2368;0
2369;0
2370;0
2371;0
2372;0
2373;0
2374;0
2375;0
2376;0
2377;0
2378;0
2379;0
2380;0
2381;0
2382;0
2383;0
2384;0
2385;0
2386;0
2387;0
2388;0
2389;0
2390;0
2391;0
2392;0
2393;0
2394;0
2395;0
2396;0
2397;0
2398;0
2399;0
2400;0
2401;0
2402;0
2403;0
2404;0
2405;0
2406;0
2407;0
2408;0
2409;0
2410;0
2411;0
2412;0
2413;0
2414;0
2415;0
2416;0
2417;0
2418;0
2419;0
2420;0
2421;0
2422;0
2423;0
2424;0
2425;0
2426;0
2427;0
2428;0
2429;0
2430;0
2431;0
2432;0
2433;0
2434;0
2435;0
2436;0
2437;0
2438;0
2439;0
2440;0
2441;0
2442;0
2443;0
2444;0
2445;0
2446;0
2447;0
2448;0
2449;0
2450;0
2451;0
2452;0
2453;0
2454;0
2455;0
2456;0
2457;0
2458;0
2459;0
2460;0
2461;0
2462;0
2463;0
2464;0
2465;0
2466;0
2467;0
2468;0
2469;0
2470;0
2471;0
2472;0
2473;0
2474;0
2475;0
2476;0
2477;0
2478;0
2479;0
2480;0
2481;0
2482;0
2483;0
2484;0
2485;0
2486;0
2487;0
2488;0
2489;0
2490;0
2491;0
2492;0
2493;0
2494;0
2495;0
2496;0
2497;0
2498;0
2499;0
2500;0
2501;0
2502;0
2503;0
2504;0
2505;0
2506;0
2507;0
2508;0
2509;0
2510;0
2511;0
2512;0
2513;0
2514;0
2515;0
2516;0
2517;0
2518;0
2519;0
2520;0
2521;0
2522;0
2523;0
2524;0
2525;0
2526;0
2527;0
2528;0
2529;0
2530;0
2531;0
2532;0
2533;0
2534;0
2535;0
2536;0
2537;0
2538;0
2539;0
2540;0
2541;0
2542;0
2543;0
2544;0
2545;0
2546;0
2547;0
2548;0
2549;0
2550;0
2551;0
2552;0
2553;0
2554;0
2555;0
2556;0
2557;0
2558;0
2559;0
2560;0
2561;0
2562;0
2563;0
2564;0
2565;0
2566;0
2567;0
2568;0
2569;0
2570;0
2571;0
2572;0
2573;0
2574;0
2575;0
2576;0
2577;0
2578;0
2579;0
2580;0
2581;0
2582;0
2583;0
2584;0
2585;0
2586;0
2587;0
2588;0
2589;0
2590;0
2591;0
2592;0
2593;0
2594;0
2595;0
2596;0
2597;0
2598;0
2599;0
2600;0
2601;0
2602;0
2603;0
2604;0
2605;0
2606;0
2607;0
2608;0
2609;0
2610;0
2611;0
2612;0
2613;0
2614;0
2615;0
2616;0
2617;0
2618;0
2619;0
2620;0
2621;0
2622;0
2623;0
2624;0
2625;0
2626;0
2627;0
2628;0
2629;0
2630;0
2631;0
2632;0
2633;0
2634;0
2635;0
2636;0
2637;0
2638;0
2639;0
2640;0
2641;0
2642;0
2643;0
2644;0
2645;0
2646;0
2647;0
2648;0
2649;0
2650;0
2651;0
2652;0
2653;0
2654;0
2655;0
2656;0
2657;0
2658;0
2659;0
2660;0
2661;0
2662;0
2663;0
2664;0
2665;0
2666;0
2667;0
2668;0
2669;0
2670;0
2671;0
2672;0
2673;0
2674;0
2675;0
2676;0
2677;0
2678;0
2679;0
2680;0
2681;0
2682;0
2683;0
2684;0
2685;0
2686;0
2687;0
2688;0
2689;0
2690;0
2691;0
2692;0
2693;0
2694;0
2695;0
2696;0
2697;0
2698;0
2699;0
2700;0
2701;0
2702;0
2703;0
2704;0
2705;0
2706;0
2707;0
2708;0
2709;0
2710;0
2711;0
2712;0
2713;0
2714;0
2715;0
2716;0
2717;0
2718;0
2719;0
2720;0
2721;0
2722;0
2723;0
2724;0
2725;0
2726;0
2727;0
2728;0
2729;0
2730;0
2731;0
2732;0
2733;0
2734;0
2735;0
2736;0
2737;0
2738;0
2739;0
2740;0
2741;0
2742;0
2743;0
2744;0
2745;0
2746;0
2747;0
2748;0
2749;0
2750;0
2751;0
2752;0
2753;0
2754;0
2755;0
2756;0
2757;0
2758;0
2759;0
2760;0
2761;0
2762;0
2763;0
2764;0
2765;0
2766;0
2767;0
2768;0
2769;0
2770;0
2771;0
2772;0
2773;0
2774;0
2775;0
2776;0
2777;0
2778;0
2779;0
2780;0
2781;0
2782;0
2783;0
2784;0
2785;0
2786;0
2787;0
2788;0
2789;0
2790;0
2791;0
2792;0
2793;0
2794;0
2795;0
2796;0
2797;0
2798;0
2799;0
2800;0
2801;0
2802;0
2803;0
2804;0
2805;0
2806;0
2807;0
2808;0
2809;0
2810;0
2811;0
2812;0
2813;0
2814;0
2815;0
2816;0
2817;0
2818;0
2819;0
2820;0
2821;0
2822;0
2823;0
2824;0
2825;0
2826;0
2827;0
2828;0
2829;0
2830;0
2831;0
2832;0
2833;0
2834;0
2835;0
2836;0
2837;0
2838;0
2839;0
2840;0
2841;0
2842;0
2843;0
2844;0
2845;0
2846;0
2847;0
2848;0
2849;0
2850;0
2851;0
2852;0
2853;0
2854;0
2855;0
2856;0
2857;0
2858;0
2859;0
2860;0
2861;0
2862;0
2863;0
2864;0
2865;0
2866;0
2867;0
2868;0
2869;0
2870;0
2871;0
2872;0
2873;0
2874;0
2875;0
2876;0
2877;0
2878;0
2879;0
2880;0
2881;0
2882;0
2883;0
2884;0
2885;0
2886;0
2887;0
2888;0
2889;0
2890;0
2891;0
2892;0
2893;0
2894;0
2895;0
2896;0
2897;0
2898;0
2899;0
2900;0
2901;0
2902;0
2903;0
2904;0
2905;0
2906;0
2907;0
2908;0
2909;0
2910;0
2911;0
2912;0
2913;0
2914;0
2915;0
2916;0
2917;0
2918;0
2919;0
2920;0
2921;0
2922;0
2923;0
2924;0
2925;0
2926;0
2927;0
2928;0
2929;0
2930;0
2931;0
2932;0
2933;0
2934;0
2935;0
2936;0
2937;0
2938;0
2939;0
2940;0
2941;0
2942;0
2943;0
2944;0
2945;0
2946;0
2947;0
2948;0
2949;0
2950;0
2951;0
2952;0
2953;0
2954;0
2955;0
2956;0
2957;0
2958;0
2959;0
2960;0
2961;0
2962;0
2963;0
2964;0
2965;0
2966;0
2967;0
2968;0
2969;0
2970;0
2971;0
2972;0
2973;0
2974;0
2975;0
2976;0
2977;0
2978;0
2979;0
2980;0
2981;0
2982;0
2983;0
2984;0
2985;0
2986;0
2987;0
2988;0
2989;0
2990;0
2991;0
2992;0
2993;0
2994;0
2995;0
2996;0
2997;0
2998;0
2999;0
3000;0
3001;0
3002;0
3003;0
3004;0
3005;0
3006;0
3007;0
3008;0
3009;0
3010;0
3011;0
3012;0
3013;0
3014;0
3015;0
3016;0
3017;0
3018;0
3019;0
3020;0
3021;0
3022;0
3023;0
3024;0
3025;0
3026;0
3027;0
3028;0
3029;0
3030;0
3031;0
3032;0
3033;0
3034;0
3035;0
3036;0
3037;0
3038;0
3039;0
3040;0
3041;0
3042;0
3043;0
3044;0
3045;0
3046;0
3047;0
3048;0
3049;0
3050;0
3051;0
3052;0
3053;0
3054;0
3055;0
3056;0
3057;0
3058;0
3059;0
3060;0
3061;0
3062;0
3063;0
3064;0
3065;0
3066;0
3067;0
3068;0
3069;0
3070;0
3071;0
3072;0
3073;0
3074;0
3075;0
3076;0
3077;0
3078;0
3079;0
3080;0
3081;0
3082;0
3083;0
3084;0
3085;0
3086;0
3087;0
3088;0
3089;0
3090;0
3091;0
3092;0
3093;0
3094;0
3095;0
3096;0
3097;0
3098;0
3099;0
3100;0
3101;0
3102;0
3103;0
3104;0
3105;0
3106;0
3107;0
3108;0
3109;0
3110;0
3111;0
3112;0
3113;0
3114;0
3115;0
3116;0
3117;0
3118;0
3119;0
3120;0
3121;0
3122;0
3123;0
3124;0
3125;0
3126;0
3127;0
3128;0
3129;0
3130;0
3131;0
3132;0
3133;0
3134;0
3135;0
3136;0
3137;0
3138;0
3139;0
3140;0
3141;0
3142;0
3143;0
3144;0
3145;0
3146;0
3147;0
3148;0
3149;0
3150;0
3151;0
3152;0
3153;0
3154;0
3155;0
3156;0
3157;0
3158;0
3159;0
3160;0
3161;0
3162;0
3163;0
3164;0
3165;0
3166;0
3167;0
3168;0
3169;0
3170;0
3171;0
3172;0
3173;0
3174;0
3175;0
3176;0
3177;0
3178;0
3179;0
3180;0
3181;0
3182;0
3183;0
3184;0
3185;0
3186;0
3187;0
3188;0
3189;0
3190;0
3191;0
3192;0
3193;0
3194;0
3195;0
3196;0
3197;0
3198;0
3199;0
3200;0
3201;0
3202;0
3203;0
3204;0
3205;0
3206;0
3207;0
3208;0
3209;0
3210;0
3211;0
3212;0
3213;0
3214;0
3215;0
3216;0
3217;0
3218;0
3219;0
3220;0
3221;0
3222;0
3223;0
3224;0
3225;0
3226;0
3227;0
3228;0
3229;0
3230;0
3231;0
3232;0
3233;0
3234;0
3235;0
3236;0
3237;0
3238;0
3239;0
3240;0
3241;0
3242;0
3243;0
3244;0
3245;0
3246;0
3247;0
3248;0
3249;0
3250;0
3251;0
3252;0
3253;0
3254;0
3255;0
3256;0
3257;0
3258;0
3259;0
3260;0
3261;0
3262;0
3263;0
3264;0
3265;0
3266;0
3267;0
3268;0
3269;0
3270;0
3271;0
3272;0
3273;0
3274;0
3275;0
3276;0
3277;0
3278;0
3279;0
3280;0
3281;0
3282;0
3283;0
3284;0
3285;0
3286;0
3287;0
3288;0
3289;0
3290;0
3291;0
3292;0
3293;0
3294;0
3295;0
3296;0
3297;0
3298;0
3299;0
3300;0
3301;0
3302;0
3303;0
3304;0
3305;0
3306;0
3307;0
3308;0
3309;0
3310;0
3311;0
3312;0
3313;0
3314;0
3315;0
3316;0
3317;0
3318;0
3319;0
3320;0
3321;0
3322;0
3323;0
3324;0
3325;0
3326;0
3327;0
3328;0
3329;0
3330;0
3331;0
3332;0
3333;0
3334;0
3335;0
3336;0
3337;0
3338;0
3339;0
3340;0
3341;0
3342;0
3343;0
3344;0
3345;0
3346;0
3347;0
3348;0
3349;0
3350;0
3351;0
3352;0
3353;0
3354;0
3355;0
3356;0
3357;0
3358;0
3359;0
3360;0
3361;0
3362;0
3363;0
3364;0
3365;0
3366;0
3367;0
3368;0
3369;0
3370;0
3371;0
3372;0
3373;0
3374;0
3375;0
3376;0
3377;0
3378;0
3379;0
3380;0
3381;0
3382;0
3383;0
3384;0
3385;0
3386;0
3387;0
3388;0
3389;0
3390;0
3391;0
3392;0
3393;0
3394;0
3395;0
3396;0
3397;0
3398;0
3399;0
3400;0
3401;0
3402;0
3403;0
3404;0
3405;0
3406;0
3407;0
3408;0
3409;0
3410;0
3411;0
3412;0
3413;0
3414;0
3415;0
3416;0
3417;0
3418;0
3419;0
3420;0
3421;0
3422;0
3423;0
3424;0
3425;0
3426;0
3427;0
3428;0
3429;0
3430;0
3431;0
3432;0
3433;0
3434;0
3435;0
3436;0
3437;0
3438;0
3439;0
3440;0
3441;0
3442;0
3443;0
3444;0
3445;0
3446;0
3447;0
3448;0
3449;0
3450;0
3451;0
3452;0
3453;0
3454;0
3455;0
3456;0
3457;0
3458;0
3459;0
3460;0
3461;0
3462;0
3463;0
3464;0
3465;0
3466;0
3467;0
3468;0
3469;0
3470;0
3471;0
3472;0
3473;0
3474;0
3475;0
3476;0
3477;0
3478;0
3479;0
3480;0
3481;0
3482;0
3483;0
3484;0
3485;0
3486;0
3487;0
3488;0
3489;0
3490;0
3491;0
3492;0
3493;0
3494;0
3495;0
3496;0
3497;0
3498;0
3499;0
3500;0
3501;0
3502;0
3503;0
3504;0
3505;0
3506;0
3507;0
3508;0
3509;0
3510;0
3511;0
3512;0
3513;0
3514;0
3515;0
3516;0
3517;0
3518;0
3519;0
3520;0
3521;0
3522;0
3523;0
3524;0
3525;0
3526;0
3527;0
3528;0
3529;0
3530;0
3531;0
3532;0
3533;0
3534;0
3535;0
3536;0
3537;0
3538;0
3539;0
3540;0
3541;0
3542;0
3543;0
3544;0
3545;0
3546;0
3547;0
3548;0
3549;0
3550;0
3551;0
3552;0
3553;0
3554;0
3555;0
3556;0
3557;0
3558;0
3559;0
3560;0
3561;0
3562;0
3563;0
3564;0
3565;0
3566;0
3567;0
3568;0
3569;0
3570;0
3571;0
3572;0
3573;0
3574;0
3575;0
3576;0
3577;0
3578;0
3579;0
3580;0
3581;0
3582;0
3583;0
3584;0
3585;0
3586;0
3587;0
3588;0
3589;0
3590;0
3591;0
3592;0
3593;0
3594;0
3595;0
3596;0
3597;0
3598;0
3599;0
3600;0
3601;0
3602;0
3603;0
3604;0
3605;0
3606;0
3607;0
3608;0
3609;0
3610;0
3611;0
3612;0
3613;0
3614;0
3615;0
3616;0
3617;0
3618;0
3619;0
3620;0
3621;0
3622;0
3623;0
3624;0
3625;0
3626;0
3627;0
3628;0
3629;0
3630;0
3631;0
3632;0
3633;0
3634;0
3635;0
3636;0
3637;0
3638;0
3639;0
3640;0
3641;0
3642;0
3643;0
3644;0
3645;0
3646;0
3647;0
3648;0
3649;0
3650;0
3651;0
3652;0
3653;0
3654;0
3655;0
3656;0
3657;0
3658;0
3659;0
3660;0
3661;0
3662;0
3663;0
3664;0
3665;0
3666;0
3667;0
3668;0
3669;0
3670;0
3671;0
3672;0
3673;0
3674;0
3675;0
3676;0
3677;0
3678;0
3679;0
3680;0
3681;0
3682;0
3683;0
3684;0
3685;0
3686;0
3687;0
3688;0
3689;0
3690;0
3691;0
3692;0
3693;0
3694;0
3695;0
3696;0
3697;0
3698;0
3699;0
3700;0
3701;0
3702;0
3703;0
3704;0
3705;0
3706;0
3707;0
3708;0
3709;0
3710;0
3711;0
3712;0
3713;0
3714;0
3715;0
3716;0
3717;0
3718;0
3719;0
3720;0
3721;0
3722;0
3723;0
3724;0
3725;0
3726;0
3727;0
3728;0
3729;0
3730;0
3731;0
3732;0
3733;0
3734;0
3735;0
3736;0
3737;0
3738;0
3739;0
3740;0
3741;0
3742;0
3743;0
3744;0
3745;0
3746;0
3747;0
3748;0
3749;0
3750;0
3751;0
3752;0
3753;0
3754;0
3755;0
3756;0
3757;0
3758;0
3759;0
3760;0
3761;0
3762;0
3763;0
3764;0
3765;0
3766;0
3767;0
3768;0
3769;0
3770;0
3771;0
3772;0
3773;0
3774;0
3775;0
3776;0
3777;0
3778;0
3779;0
3780;0
3781;0
3782;0
3783;0
3784;0
3785;0
3786;0
3787;0
3788;0
3789;0
3790;0
3791;0
3792;0
3793;0
3794;0
3795;0
3796;0
3797;0
3798;0
3799;0
3800;0
3801;0
3802;0
3803;0
3804;0
3805;0
3806;0
3807;0
3808;0
3809;0
3810;0
3811;0
3812;0
3813;0
3814;0
3815;0
3816;0
3817;0
3818;0
3819;0
3820;0
3821;0
3822;0
3823;0
3824;0
3825;0
3826;0
3827;0
3828;0
3829;0
3830;0
3831;0
3832;0
3833;0
3834;0
3835;0
3836;0
3837;0
3838;0
3839;0
3840;0
3841;0
3842;0
3843;0
3844;0
3845;0
3846;0
3847;0
3848;0
3849;0
3850;0
3851;0
3852;0
3853;0
3854;0
3855;0
3856;0
3857;0
3858;0
3859;0
3860;0
3861;0
3862;0
3863;0
3864;0
3865;0
3866;0
3867;0
3868;0
3869;0
3870;0
3871;0
3872;0
3873;0
3874;0
3875;0
3876;0
3877;0
3878;0
3879;0
3880;0
3881;0
3882;0
3883;0
3884;0
3885;0
3886;0
3887;0
3888;0
3889;0
3890;0
3891;0
3892;0
3893;0
3894;0
3895;0
3896;0
3897;0
3898;0
3899;0
3900;0
3901;0
3902;0
3903;0
3904;0
3905;0
3906;0
3907;0
3908;0
3909;0
3910;0
3911;0
3912;0
3913;0
3914;0
3915;0
3916;0
3917;0
3918;0
3919;0
3920;0
3921;0
3922;0
3923;0
3924;0
3925;0
3926;0
3927;0
3928;0
3929;0
3930;0
3931;0
3932;0
3933;0
3934;0
3935;0
3936;0
3937;0
3938;0
3939;0
3940;0
3941;0
3942;0
3943;0
3944;0
3945;0
3946;0
3947;0
3948;0
3949;0
3950;0
3951;0
3952;0
3953;0
3954;0
3955;0
3956;0
3957;0
3958;0
3959;0
3960;0
3961;0
3962;0
3963;0
3964;0
3965;0
3966;0
3967;0
3968;0
3969;0
3970;0
3971;0
3972;0
3973;0
3974;0
3975;0
3976;0
3977;0
3978;0
3979;0
3980;0
3981;0
3982;0
3983;0
3984;0
3985;0
3986;0
3987;0
3988;0
3989;0
3990;0
3991;0
3992;0
3993;0
3994;0
3995;0
3996;0
3997;0
3998;0
3999;0
4000;0
4001;0
4002;0
4003;0
4004;0
4005;0
4006;0
4007;0
4008;0
4009;0
4010;0
4011;0
4012;0
4013;0
4014;0
4015;0
4016;0
4017;0
4018;0
4019;0
4020;0
4021;0
4022;0
4023;0
4024;0
4025;0
4026;0
4027;0
4028;0
4029;0
4030;0
4031;0
4032;0
4033;0
4034;0
4035;0
4036;0
4037;0
4038;0
4039;0
4040;0
4041;0
4042;0
4043;0
4044;0
4045;0
4046;0
4047;0
4048;0
4049;0
4050;0
4051;0
4052;0
4053;0
4054;0
4055;0
4056;0
4057;0
4058;0
4059;0
4060;0
4061;0
4062;0
4063;0
4064;0
4065;0
4066;0
4067;0
4068;0
4069;0
4070;0
4071;0
4072;0
4073;0
4074;0
4075;0
4076;0
4077;0
4078;0
4079;0
4080;0
4081;0
4082;0
4083;0
4084;0
4085;0
4086;0
4087;0
4088;0
4089;0
4090;0
4091;0
4092;0
4093;0
4094;0
4095;0
4096;0
