L 64,p 0.590400,Z 100000
/* Tamanio de cluster; Ocurrencias de cada tamaño de cluster */
1;7434705
2;1606267
3;961007
4;623717
5;435704
6;322652
7;247734
8;198428
9;162473
10;135787
11;115567
12;99117
13;85999
14;75572
15;67152
16;60141
17;54674
18;48910
19;44621
20;40724
21;37385
22;34829
23;32052
24;29507
25;27629
26;25672
27;23804
28;22810
29;21280
30;20315
31;18910
32;17862
33;17281
34;16253
35;15233
36;14810
37;14170
38;13084
39;12796
40;12263
41;11634
42;11063
43;10656
44;10381
45;9983
46;9672
47;9239
48;8976
49;8575
50;8289
51;7998
52;7780
53;7449
54;7125
55;6994
56;6664
57;6679
58;6518
59;6171
60;6144
61;5907
62;5765
63;5439
64;5310
65;5317
66;5051
67;4917
68;4860
69;4694
70;4520
71;4504
72;4372
73;4495
74;4170
75;4103
76;3937
77;3829
78;3895
79;3782
80;3814
81;3548
82;3605
83;3473
84;3287
85;3248
86;3319
87;3142
88;3125
89;3067
90;2967
91;2907
92;2897
93;2794
94;2780
95;2709
96;2746
97;2779
98;2476
99;2540
100;2521
101;2442
102;2394
103;2394
104;2362
105;2229
106;2190
107;2160
108;2230
109;2183
110;2192
111;2156
112;2080
113;2078
114;1986
115;1939
116;1957
117;1932
118;1951
119;1887
120;1822
121;1866
122;1855
123;1829
124;1717
125;1597
126;1672
127;1671
128;1633
129;1599
130;1620
131;1577
132;1465
133;1538
134;1496
135;1530
136;1415
137;1532
138;1507
139;1425
140;1430
141;1397
142;1440
143;1430
144;1301
145;1371
146;1319
147;1329
148;1277
149;1276
150;1269
151;1280
152;1304
153;1206
154;1176
155;1158
156;1194
157;1129
158;1091
159;1166
160;1146
161;1115
162;1143
163;1087
164;1028
165;1080
166;1046
167;1061
168;1035
169;986
170;1018
171;1024
172;1004
173;1044
174;989
175;982
176;962
177;986
178;933
179;936
180;950
181;906
182;920
183;941
184;913
185;892
186;949
187;785
188;842
189;845
190;839
191;845
192;846
193;799
194;811
195;772
196;823
197;833
198;786
199;805
200;823
201;761
202;813
203;820
204;753
205;694
206;701
207;677
208;726
209;668
210;767
211;696
212;697
213;711
214;743
215;696
216;661
217;742
218;691
219;652
220;711
221;670
222;631
223;607
224;654
225;607
226;712
227;636
228;611
229;630
230;599
231;624
232;604
233;594
234;568
235;607
236;595
237;527
238;565
239;573
240;602
241;559
242;576
243;566
244;539
245;596
246;580
247;569
248;567
249;490
250;590
251;556
252;571
253;535
254;552
255;524
256;478
257;534
258;522
259;547
260;527
261;509
262;504
263;514
264;491
265;495
266;457
267;475
268;489
269;461
270;497
271;459
272;475
273;486
274;459
275;410
276;507
277;472
278;461
279;421
280;454
281;443
282;474
283;461
284;430
285;425
286;408
287;418
288;439
289;407
290;432
291;408
292;377
293;404
294;445
295;436
296;386
297;400
298;378
299;354
300;379
301;388
302;384
303;430
304;378
305;391
306;412
307;367
308;375
309;379
310;342
311;363
312;365
313;358
314;330
315;394
316;393
317;359
318;347
319;387
320;364
321;340
322;359
323;360
324;355
325;335
326;338
327;332
328;329
329;351
330;368
331;321
332;357
333;318
334;349
335;332
336;311
337;351
338;323
339;307
340;340
341;328
342;310
343;316
344;336
345;340
346;298
347;308
348;333
349;298
350;291
351;336
352;310
353;318
354;274
355;320
356;292
357;292
358;290
359;286
360;317
361;241
362;299
363;291
364;320
365;292
366;269
367;265
368;285
369;281
370;285
371;290
372;282
373;260
374;260
375;255
376;286
377;243
378;247
379;306
380;312
381;266
382;274
383;256
384;265
385;282
386;264
387;274
388;262
389;288
390;254
391;253
392;257
393;256
394;266
395;269
396;241
397;252
398;235
399;252
400;262
401;255
402;247
403;224
404;248
405;214
406;222
407;242
408;233
409;256
410;243
411;238
412;257
413;238
414;258
415;230
416;224
417;253
418;241
419;218
420;202
421;217
422;238
423;259
424;220
425;220
426;237
427;234
428;235
429;230
430;218
431;207
432;229
433;205
434;216
435;227
436;226
437;218
438;223
439;206
440;207
441;218
442;190
443;213
444;228
445;200
446;221
447;206
448;221
449;187
450;202
451;212
452;198
453;199
454;229
455;209
456;198
457;189
458;185
459;204
460;195
461;186
462;190
463;186
464;169
465;208
466;196
467;220
468;224
469;194
470;167
471;182
472;184
473;189
474;201
475;203
476;214
477;180
478;163
479;183
480;206
481;200
482;196
483;170
484;192
485;171
486;206
487;198
488;179
489;172
490;175
491;168
492;179
493;174
494;182
495;169
496;158
497;180
498;185
499;171
500;187
501;164
502;164
503;179
504;173
505;162
506;153
507;162
508;160
509;161
510;182
511;168
512;176
513;194
514;133
515;177
516;170
517;174
518;184
519;165
520;166
521;176
522;188
523;146
524;179
525;171
526;164
527;179
528;140
529;167
530;149
531;143
532;172
533;143
534;153
535;140
536;173
537;163
538;159
539;152
540;155
541;142
542;153
543;152
544;137
545;153
546;164
547;150
548;152
549;166
550;142
551;131
552;164
553;169
554;150
555;138
556;144
557;148
558;135
559;151
560;149
561;150
562;142
563;137
564;146
565;141
566;135
567;144
568;150
569;163
570;128
571;145
572;143
573;123
574;132
575;139
576;138
577;144
578;121
579;150
580;152
581;140
582;138
583;132
584;130
585;140
586;124
587;121
588;142
589;125
590;143
591;134
592;118
593;139
594;147
595;122
596;139
597;153
598;145
599;135
600;150
601;148
602;147
603;105
604;147
605;137
606;135
607;137
608;113
609;129
610;112
611;135
612;131
613;147
614;130
615;126
616;117
617;126
618;121
619;135
620;136
621;113
622;113
623;134
624;104
625;112
626;125
627;115
628;120
629;120
630;126
631;117
632;122
633;109
634;128
635;117
636;118
637;106
638;119
639;123
640;109
641;123
642;122
643;118
644;95
645;104
646;108
647;134
648;106
649;95
650;118
651;123
652;115
653;121
654;105
655;105
656;94
657;109
658;109
659;113
660;128
661;108
662;118
663;106
664;108
665;114
666;114
667;120
668;107
669;101
670;123
671;98
672;128
673;112
674;98
675;103
676;97
677;128
678;103
679;111
680;108
681;124
682;86
683;109
684;90
685;90
686;103
687;106
688;76
689;91
690;109
691;106
692;109
693;100
694;106
695;112
696;114
697;101
698;98
699;125
700;97
701;96
702;107
703;115
704;90
705;99
706;104
707;95
708;103
709;103
710;92
711;114
712;82
713;91
714;99
715;87
716;98
717;93
718;85
719;113
720;93
721;93
722;97
723;91
724;81
725;103
726;104
727;96
728;89
729;99
730;109
731;90
732;91
733;92
734;108
735;87
736;100
737;94
738;99
739;94
740;95
741;90
742;86
743;100
744;89
745;90
746;99
747;97
748;92
749;82
750;90
751;89
752;91
753;100
754;93
755;84
756;94
757;99
758;83
759;95
760;88
761;86
762;68
763;94
764;69
765;91
766;96
767;80
768;98
769;91
770;76
771;88
772;90
773;92
774;80
775;64
776;82
777;65
778;92
779;81
780;72
781;74
782;77
783;68
784;85
785;90
786;74
787;88
788;84
789;58
790;86
791;88
792;91
793;78
794;88
795;68
796;75
797;82
798;92
799;86
800;100
801;93
802;91
803;88
804;91
805;70
806;70
807;93
808;77
809;80
810;79
811;73
812;69
813;79
814;89
815;64
816;84
817;82
818;80
819;76
820;72
821;70
822;73
823;88
824;77
825;73
826;91
827;70
828;78
829;59
830;61
831;82
832;79
833;69
834;77
835;76
836;81
837;73
838;84
839;73
840;77
841;76
842;61
843;81
844;74
845;69
846;76
847;68
848;75
849;84
850;74
851;64
852;63
853;69
854;83
855;67
856;67
857;75
858;71
859;66
860;79
861;87
862;79
863;63
864;60
865;70
866;80
867;57
868;87
869;80
870;58
871;58
872;70
873;72
874;70
875;74
876;59
877;66
878;66
879;77
880;82
881;74
882;73
883;70
884;75
885;62
886;74
887;54
888;74
889;74
890;68
891;61
892;66
893;65
894;60
895;62
896;86
897;76
898;62
899;51
900;61
901;79
902;61
903;48
904;69
905;68
906;67
907;59
908;75
909;61
910;63
911;53
912;70
913;76
914;60
915;62
916;68
917;62
918;72
919;71
920;64
921;60
922;71
923;59
924;63
925;64
926;70
927;54
928;51
929;58
930;55
931;61
932;59
933;70
934;68
935;69
936;50
937;66
938;59
939;61
940;63
941;70
942;62
943;65
944;57
945;53
946;56
947;43
948;62
949;59
950;56
951;81
952;72
953;60
954;57
955;56
956;63
957;50
958;52
959;61
960;63
961;55
962;71
963;63
964;52
965;69
966;45
967;70
968;50
969;53
970;48
971;55
972;61
973;57
974;55
975;45
976;66
977;61
978;57
979;53
980;46
981;55
982;53
983;63
984;65
985;58
986;41
987;57
988;62
989;51
990;48
991;62
992;45
993;57
994;66
995;54
996;48
997;45
998;64
999;45
1000;55
1001;51
1002;52
1003;54
1004;47
1005;54
1006;58
1007;49
1008;49
1009;45
1010;54
1011;44
1012;57
1013;46
1014;50
1015;42
1016;47
1017;39
1018;47
1019;51
1020;44
1021;51
1022;51
1023;53
1024;40
1025;40
1026;51
1027;65
1028;53
1029;49
1030;41
1031;46
1032;53
1033;44
1034;58
1035;47
1036;57
1037;41
1038;55
1039;45
1040;60
1041;58
1042;53
1043;50
1044;46
1045;39
1046;42
1047;37
1048;52
1049;43
1050;47
1051;40
1052;45
1053;51
1054;52
1055;49
1056;45
1057;56
1058;43
1059;53
1060;44
1061;42
1062;51
1063;41
1064;47
1065;48
1066;37
1067;52
1068;27
1069;45
1070;42
1071;29
1072;45
1073;50
1074;42
1075;43
1076;48
1077;40
1078;41
1079;46
1080;66
1081;46
1082;47
1083;56
1084;38
1085;40
1086;39
1087;47
1088;49
1089;43
1090;51
1091;40
1092;39
1093;33
1094;49
1095;47
1096;30
1097;37
1098;46
1099;43
1100;38
1101;45
1102;37
1103;38
1104;50
1105;35
1106;32
1107;45
1108;46
1109;40
1110;56
1111;42
1112;38
1113;49
1114;49
1115;54
1116;29
1117;45
1118;45
1119;38
1120;27
1121;47
1122;41
1123;48
1124;42
1125;38
1126;39
1127;41
1128;45
1129;34
1130;37
1131;44
1132;41
1133;36
1134;43
1135;38
1136;43
1137;43
1138;47
1139;30
1140;44
1141;40
1142;40
1143;37
1144;47
1145;32
1146;38
1147;47
1148;37
1149;33
1150;38
1151;29
1152;38
1153;40
1154;39
1155;43
1156;36
1157;38
1158;42
1159;43
1160;29
1161;35
1162;25
1163;26
1164;31
1165;33
1166;29
1167;38
1168;45
1169;38
1170;41
1171;38
1172;28
1173;44
1174;28
1175;30
1176;40
1177;38
1178;34
1179;38
1180;35
1181;38
1182;31
1183;50
1184;29
1185;39
1186;29
1187;44
1188;43
1189;38
1190;39
1191;40
1192;34
1193;35
1194;42
1195;29
1196;37
1197;37
1198;35
1199;38
1200;39
1201;34
1202;33
1203;32
1204;24
1205;31
1206;34
1207;37
1208;42
1209;36
1210;35
1211;33
1212;35
1213;31
1214;21
1215;34
1216;37
1217;35
1218;34
1219;29
1220;29
1221;32
1222;40
1223;42
1224;29
1225;23
1226;23
1227;34
1228;27
1229;25
1230;20
1231;29
1232;34
1233;34
1234;30
1235;28
1236;29
1237;30
1238;28
1239;33
1240;31
1241;20
1242;22
1243;24
1244;32
1245;33
1246;28
1247;27
1248;27
1249;31
1250;25
1251;30
1252;33
1253;26
1254;30
1255;29
1256;32
1257;33
1258;26
1259;37
1260;26
1261;27
1262;27
1263;35
1264;23
1265;32
1266;30
1267;23
1268;27
1269;24
1270;24
1271;26
1272;28
1273;29
1274;20
1275;26
1276;25
1277;27
1278;27
1279;25
1280;23
1281;25
1282;24
1283;19
1284;35
1285;20
1286;30
1287;31
1288;20
1289;28
1290;22
1291;24
1292;30
1293;29
1294;28
1295;24
1296;34
1297;34
1298;16
1299;31
1300;26
1301;25
1302;24
1303;23
1304;18
1305;22
1306;20
1307;23
1308;22
1309;25
1310;28
1311;18
1312;15
1313;23
1314;18
1315;29
1316;25
1317;30
1318;25
1319;28
1320;32
1321;26
1322;16
1323;20
1324;25
1325;20
1326;29
1327;20
1328;30
1329;27
1330;15
1331;22
1332;23
1333;28
1334;30
1335;18
1336;19
1337;30
1338;23
1339;30
1340;17
1341;31
1342;14
1343;29
1344;16
1345;22
1346;20
1347;22
1348;13
1349;15
1350;23
1351;23
1352;24
1353;11
1354;25
1355;19
1356;21
1357;19
1358;19
1359;17
1360;17
1361;17
1362;24
1363;15
1364;24
1365;19
1366;20
1367;17
1368;20
1369;19
1370;18
1371;27
1372;24
1373;19
1374;20
1375;17
1376;11
1377;24
1378;23
1379;19
1380;27
1381;28
1382;12
1383;12
1384;18
1385;18
1386;16
1387;19
1388;19
1389;17
1390;18
1391;18
1392;18
1393;23
1394;10
1395;14
1396;10
1397;12
1398;26
1399;13
1400;23
1401;16
1402;15
1403;16
1404;18
1405;15
1406;25
1407;19
1408;15
1409;12
1410;12
1411;17
1412;18
1413;20
1414;15
1415;10
1416;19
1417;13
1418;12
1419;14
1420;20
1421;15
1422;15
1423;17
1424;19
1425;14
1426;20
1427;11
1428;13
1429;20
1430;10
1431;12
1432;20
1433;14
1434;16
1435;7
1436;16
1437;14
1438;16
1439;25
1440;19
1441;13
1442;18
1443;15
1444;19
1445;9
1446;13
1447;12
1448;12
1449;12
1450;13
1451;12
1452;12
1453;18
1454;12
1455;11
1456;21
1457;15
1458;11
1459;10
1460;11
1461;16
1462;16
1463;7
1464;8
1465;10
1466;8
1467;12
1468;12
1469;12
1470;16
1471;16
1472;17
1473;11
1474;11
1475;9
1476;11
1477;13
1478;18
1479;16
1480;13
1481;8
1482;15
1483;10
1484;13
1485;11
1486;6
1487;11
1488;15
1489;12
1490;12
1491;13
1492;12
1493;14
1494;8
1495;10
1496;12
1497;7
1498;5
1499;16
1500;12
1501;13
1502;10
1503;12
1504;9
1505;7
1506;15
1507;13
1508;12
1509;8
1510;6
1511;9
1512;9
1513;10
1514;9
1515;15
1516;10
1517;10
1518;9
1519;10
1520;7
1521;10
1522;12
1523;8
1524;9
1525;8
1526;7
1527;12
1528;7
1529;14
1530;12
1531;6
1532;9
1533;10
1534;5
1535;5
1536;6
1537;4
1538;6
1539;11
1540;9
1541;8
1542;9
1543;4
1544;8
1545;12
1546;14
1547;13
1548;8
1549;6
1550;7
1551;13
1552;8
1553;10
1554;4
1555;7
1556;5
1557;10
1558;18
1559;14
1560;11
1561;12
1562;9
1563;11
1564;5
1565;7
1566;10
1567;7
1568;10
1569;4
1570;6
1571;7
1572;6
1573;6
1574;8
1575;5
1576;11
1577;9
1578;9
1579;10
1580;9
1581;8
1582;5
1583;9
1584;6
1585;5
1586;7
1587;7
1588;5
1589;5
1590;7
1591;6
1592;8
1593;4
1594;6
1595;7
1596;7
1597;8
1598;7
1599;6
1600;11
1601;7
1602;5
1603;6
1604;7
1605;3
1606;4
1607;5
1608;5
1609;3
1610;2
1611;5
1612;4
1613;7
1614;3
1615;7
1616;5
1617;6
1618;3
1619;4
1620;4
1621;6
1622;7
1623;1
1624;9
1625;4
1626;5
1627;7
1628;6
1629;6
1630;5
1631;3
1632;5
1633;8
1634;2
1635;5
1636;3
1637;2
1638;0
1639;4
1640;3
1641;4
1642;3
1643;3
1644;1
1645;2
1646;5
1647;1
1648;4
1649;8
1650;4
1651;6
1652;3
1653;1
1654;5
1655;1
1656;4
1657;6
1658;3
1659;6
1660;3
1661;4
1662;5
1663;6
1664;3
1665;8
1666;4
1667;4
1668;1
1669;1
1670;1
1671;7
1672;5
1673;2
1674;4
1675;1
1676;5
1677;4
1678;3
1679;3
1680;2
1681;2
1682;3
1683;5
1684;2
1685;5
1686;4
1687;1
1688;2
1689;3
1690;1
1691;4
1692;6
1693;4
1694;2
1695;2
1696;5
1697;2
1698;3
1699;4
1700;3
1701;1
1702;3
1703;1
1704;1
1705;1
1706;2
1707;1
1708;0
1709;0
1710;3
1711;5
1712;1
1713;3
1714;3
1715;0
1716;3
1717;4
1718;2
1719;2
1720;3
1721;0
1722;2
1723;3
1724;1
1725;3
1726;2
1727;0
1728;5
1729;1
1730;3
1731;1
1732;3
1733;0
1734;1
1735;2
1736;1
1737;2
1738;3
1739;1
1740;2
1741;4
1742;2
1743;3
1744;1
1745;1
1746;2
1747;1
1748;2
1749;0
1750;1
1751;1
1752;2
1753;2
1754;1
1755;1
1756;4
1757;0
1758;1
1759;3
1760;1
1761;3
1762;2
1763;1
1764;1
1765;1
1766;2
1767;0
1768;2
1769;1
1770;1
1771;0
1772;2
1773;2
1774;2
1775;2
1776;5
1777;0
1778;3
1779;3
1780;1
1781;0
1782;2
1783;0
1784;2
1785;1
1786;2
1787;0
1788;1
1789;3
1790;2
1791;2
1792;1
1793;2
1794;1
1795;1
1796;1
1797;0
1798;3
1799;0
1800;0
1801;0
1802;1
1803;1
1804;2
1805;0
1806;2
1807;1
1808;0
1809;3
1810;1
1811;0
1812;1
1813;0
1814;1
1815;0
1816;1
1817;2
1818;0
1819;0
1820;0
1821;1
1822;1
1823;0
1824;0
1825;0
1826;1
1827;1
1828;0
1829;0
1830;2
1831;0
1832;1
1833;0
1834;1
1835;0
1836;0
1837;1
1838;2
1839;0
1840;0
1841;0
1842;0
1843;1
1844;0
1845;1
1846;1
1847;0
1848;0
1849;1
1850;1
1851;1
1852;0
1853;0
1854;0
1855;0
1856;0
1857;2
1858;1
1859;0
1860;1
1861;2
1862;1
1863;0
1864;1
1865;0
1866;0
1867;0
1868;0
1869;0
1870;0
1871;0
1872;1
1873;0
1874;0
1875;1
1876;0
1877;0
1878;0
1879;1
1880;0
1881;1
1882;0
1883;0
1884;0
1885;0
1886;1
1887;1
1888;1
1889;1
1890;0
1891;0
1892;1
1893;0
1894;1
1895;0
1896;0
1897;1
1898;0
1899;0
1900;0
1901;1
1902;0
1903;0
1904;0
1905;0
1906;0
1907;0
1908;0
1909;1
1910;0
1911;0
1912;0
1913;0
1914;0
1915;0
1916;0
1917;1
1918;0
1919;0
1920;1
1921;0
1922;1
1923;1
1924;0
1925;0
1926;0
1927;0
1928;0
1929;0
1930;0
1931;0
1932;0
1933;0
1934;1
1935;0
1936;0
1937;0
1938;0
1939;0
1940;0
1941;0
1942;0
1943;0
1944;0
1945;0
1946;1
1947;0
1948;0
1949;0
1950;0
1951;0
1952;0
1953;0
1954;0
1955;0
1956;0
1957;0
1958;0
1959;0
1960;0
1961;0
1962;0
1963;0
1964;0
1965;0
1966;0
1967;0
1968;0
1969;0
1970;0
1971;0
1972;0
1973;0
1974;0
1975;0
1976;0
1977;0
1978;0
1979;0
1980;0
1981;0
1982;0
1983;0
1984;0
1985;0
1986;0
1987;0
1988;0
1989;0
1990;0
1991;0
1992;0
1993;0
1994;0
1995;0
1996;0
1997;0
1998;0
1999;0
2000;0
2001;0
2002;0
2003;0
2004;0
2005;0
2006;0
2007;0
2008;0
2009;0
2010;0
2011;0
2012;0
2013;0
2014;0
2015;0
2016;0
2017;0
2018;0
2019;0
2020;0
2021;0
2022;0
2023;0
2024;0
2025;0
2026;1
2027;0
2028;0
2029;0
2030;0
2031;0
2032;0
2033;0
2034;0
2035;0
2036;0
2037;1
2038;0
2039;0
2040;0
2041;0
2042;0
2043;0
2044;0
2045;0
2046;0
2047;0
2048;0
2049;0
2050;0
2051;0
2052;0
2053;0
2054;0
2055;0
2056;0
2057;0
2058;0
2059;0
2060;0
2061;0
2062;0
2063;0
2064;0
2065;0
2066;0
2067;0
2068;0
2069;0
2070;0
2071;0
2072;0
2073;0
2074;0
2075;0
2076;0
2077;0
2078;0
2079;0
2080;0
2081;0
2082;0
2083;0
2084;0
2085;0
2086;0
2087;0
2088;0
2089;0
2090;0
2091;0
2092;0
2093;0
2094;0
2095;0
2096;0
2097;0
2098;0
2099;0
2100;0
2101;0
2102;0
2103;0
2104;0
2105;0
2106;0
2107;0
2108;0
2109;0
2110;0
2111;0
2112;0
2113;0
2114;0
2115;0
2116;0
2117;0
2118;0
2119;0
2120;0
2121;0
2122;0
2123;0
2124;0
2125;0
2126;0
2127;0
2128;0
2129;0
2130;0
2131;0
2132;0
2133;0
2134;0
2135;0
2136;0
2137;0
2138;0
2139;0
2140;0
2141;0
2142;0
2143;0
2144;0
2145;0
2146;0
2147;0
2148;0
2149;0
2150;0
2151;0
2152;0
2153;0
2154;0
2155;0
2156;0
2157;0
2158;0
2159;0
2160;0
2161;0
2162;0
2163;0
2164;0
2165;0
2166;0
2167;0
2168;0
2169;0
2170;0
2171;0
2172;0
2173;0
2174;0
2175;0
2176;0
2177;0
2178;0
2179;0
2180;0
2181;0
2182;0
2183;0
2184;0
2185;0
2186;0
2187;0
2188;0
2189;0
2190;0
2191;0
2192;0
2193;0
2194;0
2195;0
2196;0
2197;0
2198;0
2199;0
2200;0
2201;0
2202;0
2203;0
2204;0
2205;0
2206;0
2207;0
2208;0
2209;0
2210;0
2211;0
2212;0
2213;0
2214;0
2215;0
2216;0
2217;0
2218;0
2219;0
2220;0
2221;0
2222;0
2223;0
2224;0
2225;0
2226;0
2227;0
2228;0
2229;0
2230;0
2231;0
2232;0
2233;0
2234;0
2235;0
2236;0
2237;0
2238;0
2239;0
2240;0
2241;0
2242;0
2243;0
2244;0
2245;0
2246;0
2247;0
2248;0
2249;0
2250;0
2251;0
2252;0
2253;0
2254;0
2255;0
2256;0
2257;0
2258;0
2259;0
2260;0
2261;0
2262;0
2263;0
2264;0
2265;0
2266;0
2267;0
2268;0
2269;0
2270;0
2271;0
2272;0
2273;0
2274;0
2275;0
2276;0
2277;0
2278;0
2279;0
2280;0
2281;0
2282;0
2283;0
2284;0
2285;0
2286;0
2287;0
2288;0
2289;0
2290;0
2291;0
2292;0
2293;0
2294;0
2295;0
2296;0
2297;0
2298;0
2299;0
2300;0
2301;0
2302;0
2303;0
2304;0
2305;0
2306;0
2307;0
2308;0
2309;0
2310;0
2311;0
2312;0
2313;0
2314;0
2315;0
2316;0
2317;0
2318;0
2319;0
2320;0
2321;0
2322;0
2323;0
2324;0
2325;0
2326;0
2327;0
2328;0
2329;0
2330;0
2331;0
2332;0
2333;0
2334;0
2335;0
2336;0
2337;0
2338;0
2339;0
2340;0
2341;0
2342;0
2343;0
2344;0
2345;0
2346;0
2347;0
2348;0
2349;0
2350;0
2351;0
2352;0
2353;0
2354;0
2355;0
2356;0
2357;0
2358;0
2359;0
2360;0
2361;0
2362;0
2363;0
2364;0
2365;0
2366;0
2367;0
2368;0
2369;0
2370;0
2371;0
2372;0
2373;0
2374;0
2375;0
2376;0
2377;0
2378;0
2379;0
2380;0
2381;0
2382;0
2383;0
2384;0
2385;0
2386;0
2387;0
2388;0
2389;0
2390;0
2391;0
2392;0
2393;0
2394;0
2395;0
2396;0
2397;0
2398;0
2399;0
2400;0
2401;0
2402;0
2403;0
2404;0
2405;0
2406;0
2407;0
2408;0
2409;0
2410;0
2411;0
2412;0
2413;0
2414;0
2415;0
2416;0
2417;0
2418;0
2419;0
2420;0
2421;0
2422;0
2423;0
2424;0
2425;0
2426;0
2427;0
2428;0
2429;0
2430;0
2431;0
2432;0
2433;0
2434;0
2435;0
2436;0
2437;0
2438;0
2439;0
2440;0
2441;0
2442;0
2443;0
2444;0
2445;0
2446;0
2447;0
2448;0
2449;0
2450;0
2451;0
2452;0
2453;0
2454;0
2455;0
2456;0
2457;0
2458;0
2459;0
2460;0
2461;0
2462;0
2463;0
2464;0
2465;0
2466;0
2467;0
2468;0
2469;0
2470;0
2471;0
2472;0
2473;0
2474;0
2475;0
2476;0
2477;0
2478;0
2479;0
2480;0
2481;0
2482;0
2483;0
2484;0
2485;0
2486;0
2487;0
2488;0
2489;0
2490;0
2491;0
2492;0
2493;0
2494;0
2495;0
2496;0
2497;0
2498;0
2499;0
2500;0
2501;0
2502;0
2503;0
2504;0
2505;0
2506;0
2507;0
2508;0
2509;0
2510;0
2511;0
2512;0
2513;0
2514;0
2515;0
2516;0
2517;0
2518;0
2519;0
2520;0
2521;0
2522;0
2523;0
2524;0
2525;0
2526;0
2527;0
2528;0
2529;0
2530;0
2531;0
2532;0
2533;0
2534;0
2535;0
2536;0
2537;0
2538;0
2539;0
2540;0
2541;0
2542;0
2543;0
2544;0
2545;0
2546;0
2547;0
2548;0
2549;0
2550;0
2551;0
2552;0
2553;0
2554;0
2555;0
2556;0
2557;0
2558;0
2559;0
2560;0
2561;0
2562;0
2563;0
2564;0
2565;0
2566;0
2567;0
2568;0
2569;0
2570;0
2571;0
2572;0
2573;0
2574;0
2575;0
2576;0
2577;0
2578;0
2579;0
2580;0
2581;0
2582;0
2583;0
2584;0
2585;0
2586;0
2587;0
2588;0
2589;0
2590;0
2591;0
2592;0
2593;0
2594;0
2595;0
2596;0
2597;0
2598;0
2599;0
2600;0
2601;0
2602;0
2603;0
2604;0
2605;0
2606;0
2607;0
2608;0
2609;0
2610;0
2611;0
2612;0
2613;0
2614;0
2615;0
2616;0
2617;0
2618;0
2619;0
2620;0
2621;0
2622;0
2623;0
2624;0
2625;0
2626;0
2627;0
2628;0
2629;0
2630;0
2631;0
2632;0
2633;0
2634;0
2635;0
2636;0
2637;0
2638;0
2639;0
2640;0
2641;0
2642;0
2643;0
2644;0
2645;0
2646;0
2647;0
2648;0
2649;0
2650;0
2651;0
2652;0
2653;0
2654;0
2655;0
2656;0
2657;0
2658;0
2659;0
2660;0
2661;0
2662;0
2663;0
2664;0
2665;0
2666;0
2667;0
2668;0
2669;0
2670;0
2671;0
2672;0
2673;0
2674;0
2675;0
2676;0
2677;0
2678;0
2679;0
2680;0
2681;0
2682;0
2683;0
2684;0
2685;0
2686;0
2687;0
2688;0
2689;0
2690;0
2691;0
2692;0
2693;0
2694;0
2695;0
2696;0
2697;0
2698;0
2699;0
2700;0
2701;0
2702;0
2703;0
2704;0
2705;0
2706;0
2707;0
2708;0
2709;0
2710;0
2711;0
2712;0
2713;0
2714;0
2715;0
2716;0
2717;0
2718;0
2719;0
2720;0
2721;0
2722;0
2723;0
2724;0
2725;0
2726;0
2727;0
2728;0
2729;0
2730;0
2731;0
2732;0
2733;0
2734;0
2735;0
2736;0
2737;0
2738;0
2739;0
2740;0
2741;0
2742;0
2743;0
2744;0
2745;0
2746;0
2747;0
2748;0
2749;0
2750;0
2751;0
2752;0
2753;0
2754;0
2755;0
2756;0
2757;0
2758;0
2759;0
2760;0
2761;0
2762;0
2763;0
2764;0
2765;0
2766;0
2767;0
2768;0
2769;0
2770;0
2771;0
2772;0
2773;0
2774;0
2775;0
2776;0
2777;0
2778;0
2779;0
2780;0
2781;0
2782;0
2783;0
2784;0
2785;0
2786;0
2787;0
2788;0
2789;0
2790;0
2791;0
2792;0
2793;0
2794;0
2795;0
2796;0
2797;0
2798;0
2799;0
2800;0
2801;0
2802;0
2803;0
2804;0
2805;0
2806;0
2807;0
2808;0
2809;0
2810;0
2811;0
2812;0
2813;0
2814;0
2815;0
2816;0
2817;0
2818;0
2819;0
2820;0
2821;0
2822;0
2823;0
2824;0
2825;0
2826;0
2827;0
2828;0
2829;0
2830;0
2831;0
2832;0
2833;0
2834;0
2835;0
2836;0
2837;0
2838;0
2839;0
2840;0
2841;0
2842;0
2843;0
2844;0
2845;0
2846;0
2847;0
2848;0
2849;0
2850;0
2851;0
2852;0
2853;0
2854;0
2855;0
2856;0
2857;0
2858;0
2859;0
2860;0
2861;0
2862;0
2863;0
2864;0
2865;0
2866;0
2867;0
2868;0
2869;0
2870;0
2871;0
2872;0
2873;0
2874;0
2875;0
2876;0
2877;0
2878;0
2879;0
2880;0
2881;0
2882;0
2883;0
2884;0
2885;0
2886;0
2887;0
2888;0
2889;0
2890;0
2891;0
2892;0
2893;0
2894;0
2895;0
2896;0
2897;0
2898;0
2899;0
2900;0
2901;0
2902;0
2903;0
2904;0
2905;0
2906;0
2907;0
2908;0
2909;0
2910;0
2911;0
2912;0
2913;0
2914;0
2915;0
2916;0
2917;0
2918;0
2919;0
2920;0
2921;0
2922;0
2923;0
2924;0
2925;0
2926;0
2927;0
2928;0
2929;0
2930;0
2931;0
2932;0
2933;0
2934;0
2935;0
2936;0
2937;0
2938;0
2939;0
2940;0
2941;0
2942;0
2943;0
2944;0
2945;0
2946;0
2947;0
2948;0
2949;0
2950;0
2951;0
2952;0
2953;0
2954;0
2955;0
2956;0
2957;0
2958;0
2959;0
2960;0
2961;0
2962;0
2963;0
2964;0
2965;0
2966;0
2967;0
2968;0
2969;0
2970;0
2971;0
2972;0
2973;0
2974;0
2975;0
2976;0
2977;0
2978;0
2979;0
2980;0
2981;0
2982;0
2983;0
2984;0
2985;0
2986;0
2987;0
2988;0
2989;0
2990;0
2991;0
2992;0
2993;0
2994;0
2995;0
2996;0
2997;0
2998;0
2999;0
3000;0
3001;0
3002;0
3003;0
3004;0
3005;0
3006;0
3007;0
3008;0
3009;0
3010;0
3011;0
3012;0
3013;0
3014;0
3015;0
3016;0
3017;0
3018;0
3019;0
3020;0
3021;0
3022;0
3023;0
3024;0
3025;0
3026;0
3027;0
3028;0
3029;0
3030;0
3031;0
3032;0
3033;0
3034;0
3035;0
3036;0
3037;0
3038;0
3039;0
3040;0
3041;0
3042;0
3043;0
3044;0
3045;0
3046;0
3047;0
3048;0
3049;0
3050;0
3051;0
3052;0
3053;0
3054;0
3055;0
3056;0
3057;0
3058;0
3059;0
3060;0
3061;0
3062;0
3063;0
3064;0
3065;0
3066;0
3067;0
3068;0
3069;0
3070;0
3071;0
3072;0
3073;0
3074;0
3075;0
3076;0
3077;0
3078;0
3079;0
3080;0
3081;0
3082;0
3083;0
3084;0
3085;0
3086;0
3087;0
3088;0
3089;0
3090;0
3091;0
3092;0
3093;0
3094;0
3095;0
3096;0
3097;0
3098;0
3099;0
3100;0
3101;0
3102;0
3103;0
3104;0
3105;0
3106;0
3107;0
3108;0
3109;0
3110;0
3111;0
3112;0
3113;0
3114;0
3115;0
3116;0
3117;0
3118;0
3119;0
3120;0
3121;0
3122;0
3123;0
3124;0
3125;0
3126;0
3127;0
3128;0
3129;0
3130;0
3131;0
3132;0
3133;0
3134;0
3135;0
3136;0
3137;0
3138;0
3139;0
3140;0
3141;0
3142;0
3143;0
3144;0
3145;0
3146;0
3147;0
3148;0
3149;0
3150;0
3151;0
3152;0
3153;0
3154;0
3155;0
3156;0
3157;0
3158;0
3159;0
3160;0
3161;0
3162;0
3163;0
3164;0
3165;0
3166;0
3167;0
3168;0
3169;0
3170;0
3171;0
3172;0
3173;0
3174;0
3175;0
3176;0
3177;0
3178;0
3179;0
3180;0
3181;0
3182;0
3183;0
3184;0
3185;0
3186;0
3187;0
3188;0
3189;0
3190;0
3191;0
3192;0
3193;0
3194;0
3195;0
3196;0
3197;0
3198;0
3199;0
3200;0
3201;0
3202;0
3203;0
3204;0
3205;0
3206;0
3207;0
3208;0
3209;0
3210;0
3211;0
3212;0
3213;0
3214;0
3215;0
3216;0
3217;0
3218;0
3219;0
3220;0
3221;0
3222;0
3223;0
3224;0
3225;0
3226;0
3227;0
3228;0
3229;0
3230;0
3231;0
3232;0
3233;0
3234;0
3235;0
3236;0
3237;0
3238;0
3239;0
3240;0
3241;0
3242;0
3243;0
3244;0
3245;0
3246;0
3247;0
3248;0
3249;0
3250;0
3251;0
3252;0
3253;0
3254;0
3255;0
3256;0
3257;0
3258;0
3259;0
3260;0
3261;0
3262;0
3263;0
3264;0
3265;0
3266;0
3267;0
3268;0
3269;0
3270;0
3271;0
3272;0
3273;0
3274;0
3275;0
3276;0
3277;0
3278;0
3279;0
3280;0
3281;0
3282;0
3283;0
3284;0
3285;0
3286;0
3287;0
3288;0
3289;0
3290;0
3291;0
3292;0
3293;0
3294;0
3295;0
3296;0
3297;0
3298;0
3299;0
3300;0
3301;0
3302;0
3303;0
3304;0
3305;0
3306;0
3307;0
3308;0
3309;0
3310;0
3311;0
3312;0
3313;0
3314;0
3315;0
3316;0
3317;0
3318;0
3319;0
3320;0
3321;0
3322;0
3323;0
3324;0
3325;0
3326;0
3327;0
3328;0
3329;0
3330;0
3331;0
3332;0
3333;0
3334;0
3335;0
3336;0
3337;0
3338;0
3339;0
3340;0
3341;0
3342;0
3343;0
3344;0
3345;0
3346;0
3347;0
3348;0
3349;0
3350;0
3351;0
3352;0
3353;0
3354;0
3355;0
3356;0
3357;0
3358;0
3359;0
3360;0
3361;0
3362;0
3363;0
3364;0
3365;0
3366;0
3367;0
3368;0
3369;0
3370;0
3371;0
3372;0
3373;0
3374;0
3375;0
3376;0
3377;0
3378;0
3379;0
3380;0
3381;0
3382;0
3383;0
3384;0
3385;0
3386;0
3387;0
3388;0
3389;0
3390;0
3391;0
3392;0
3393;0
3394;0
3395;0
3396;0
3397;0
3398;0
3399;0
3400;0
3401;0
3402;0
3403;0
3404;0
3405;0
3406;0
3407;0
3408;0
3409;0
3410;0
3411;0
3412;0
3413;0
3414;0
3415;0
3416;0
3417;0
3418;0
3419;0
3420;0
3421;0
3422;0
3423;0
3424;0
3425;0
3426;0
3427;0
3428;0
3429;0
3430;0
3431;0
3432;0
3433;0
3434;0
3435;0
3436;0
3437;0
3438;0
3439;0
3440;0
3441;0
3442;0
3443;0
3444;0
3445;0
3446;0
3447;0
3448;0
3449;0
3450;0
3451;0
3452;0
3453;0
3454;0
3455;0
3456;0
3457;0
3458;0
3459;0
3460;0
3461;0
3462;0
3463;0
3464;0
3465;0
3466;0
3467;0
3468;0
3469;0
3470;0
3471;0
3472;0
3473;0
3474;0
3475;0
3476;0
3477;0
3478;0
3479;0
3480;0
3481;0
3482;0
3483;0
3484;0
3485;0
3486;0
3487;0
3488;0
3489;0
3490;0
3491;0
3492;0
3493;0
3494;0
3495;0
3496;0
3497;0
3498;0
3499;0
3500;0
3501;0
3502;0
3503;0
3504;0
3505;0
3506;0
3507;0
3508;0
3509;0
3510;0
3511;0
3512;0
3513;0
3514;0
3515;0
3516;0
3517;0
3518;0
3519;0
3520;0
3521;0
3522;0
3523;0
3524;0
3525;0
3526;0
3527;0
3528;0
3529;0
3530;0
3531;0
3532;0
3533;0
3534;0
3535;0
3536;0
3537;0
3538;0
3539;0
3540;0
3541;0
3542;0
3543;0
3544;0
3545;0
3546;0
3547;0
3548;0
3549;0
3550;0
3551;0
3552;0
3553;0
3554;0
3555;0
3556;0
3557;0
3558;0
3559;0
3560;0
3561;0
3562;0
3563;0
3564;0
3565;0
3566;0
3567;0
3568;0
3569;0
3570;0
3571;0
3572;0
3573;0
3574;0
3575;0
3576;0
3577;0
3578;0
3579;0
3580;0
3581;0
3582;0
3583;0
3584;0
3585;0
3586;0
3587;0
3588;0
3589;0
3590;0
3591;0
3592;0
3593;0
3594;0
3595;0
3596;0
3597;0
3598;0
3599;0
3600;0
3601;0
3602;0
3603;0
3604;0
3605;0
3606;0
3607;0
3608;0
3609;0
3610;0
3611;0
3612;0
3613;0
3614;0
3615;0
3616;0
3617;0
3618;0
3619;0
3620;0
3621;0
3622;0
3623;0
3624;0
3625;0
3626;0
3627;0
3628;0
3629;0
3630;0
3631;0
3632;0
3633;0
3634;0
3635;0
3636;0
3637;0
3638;0
3639;0
3640;0
3641;0
3642;0
3643;0
3644;0
3645;0
3646;0
3647;0
3648;0
3649;0
3650;0
3651;0
3652;0
3653;0
3654;0
3655;0
3656;0
3657;0
3658;0
3659;0
3660;0
3661;0
3662;0
3663;0
3664;0
3665;0
3666;0
3667;0
3668;0
3669;0
3670;0
3671;0
3672;0
3673;0
3674;0
3675;0
3676;0
3677;0
3678;0
3679;0
3680;0
3681;0
3682;0
3683;0
3684;0
3685;0
3686;0
3687;0
3688;0
3689;0
3690;0
3691;0
3692;0
3693;0
3694;0
3695;0
3696;0
3697;0
3698;0
3699;0
3700;0
3701;0
3702;0
3703;0
3704;0
3705;0
3706;0
3707;0
3708;0
3709;0
3710;0
3711;0
3712;0
3713;0
3714;0
3715;0
3716;0
3717;0
3718;0
3719;0
3720;0
3721;0
3722;0
3723;0
3724;0
3725;0
3726;0
3727;0
3728;0
3729;0
3730;0
3731;0
3732;0
3733;0
3734;0
3735;0
3736;0
3737;0
3738;0
3739;0
3740;0
3741;0
3742;0
3743;0
3744;0
3745;0
3746;0
3747;0
3748;0
3749;0
3750;0
3751;0
3752;0
3753;0
3754;0
3755;0
3756;0
3757;0
3758;0
3759;0
3760;0
3761;0
3762;0
3763;0
3764;0
3765;0
3766;0
3767;0
3768;0
3769;0
3770;0
3771;0
3772;0
3773;0
3774;0
3775;0
3776;0
3777;0
3778;0
3779;0
3780;0
3781;0
3782;0
3783;0
3784;0
3785;0
3786;0
3787;0
3788;0
3789;0
3790;0
3791;0
3792;0
3793;0
3794;0
3795;0
3796;0
3797;0
3798;0
3799;0
3800;0
3801;0
3802;0
3803;0
3804;0
3805;0
3806;0
3807;0
3808;0
3809;0
3810;0
3811;0
3812;0
3813;0
3814;0
3815;0
3816;0
3817;0
3818;0
3819;0
3820;0
3821;0
3822;0
3823;0
3824;0
3825;0
3826;0
3827;0
3828;0
3829;0
3830;0
3831;0
3832;0
3833;0
3834;0
3835;0
3836;0
3837;0
3838;0
3839;0
3840;0
3841;0
3842;0
3843;0
3844;0
3845;0
3846;0
3847;0
3848;0
3849;0
3850;0
3851;0
3852;0
3853;0
3854;0
3855;0
3856;0
3857;0
3858;0
3859;0
3860;0
3861;0
3862;0
3863;0
3864;0
3865;0
3866;0
3867;0
3868;0
3869;0
3870;0
3871;0
3872;0
3873;0
3874;0
3875;0
3876;0
3877;0
3878;0
3879;0
3880;0
3881;0
3882;0
3883;0
3884;0
3885;0
3886;0
3887;0
3888;0
3889;0
3890;0
3891;0
3892;0
3893;0
3894;0
3895;0
3896;0
3897;0
3898;0
3899;0
3900;0
3901;0
3902;0
3903;0
3904;0
3905;0
3906;0
3907;0
3908;0
3909;0
3910;0
3911;0
3912;0
3913;0
3914;0
3915;0
3916;0
3917;0
3918;0
3919;0
3920;0
3921;0
3922;0
3923;0
3924;0
3925;0
3926;0
3927;0
3928;0
3929;0
3930;0
3931;0
3932;0
3933;0
3934;0
3935;0
3936;0
3937;0
3938;0
3939;0
3940;0
3941;0
3942;0
3943;0
3944;0
3945;0
3946;0
3947;0
3948;0
3949;0
3950;0
3951;0
3952;0
3953;0
3954;0
3955;0
3956;0
3957;0
3958;0
3959;0
3960;0
3961;0
3962;0
3963;0
3964;0
3965;0
3966;0
3967;0
3968;0
3969;0
3970;0
3971;0
3972;0
3973;0
3974;0
3975;0
3976;0
3977;0
3978;0
3979;0
3980;0
3981;0
3982;0
3983;0
3984;0
3985;0
3986;0
3987;0
3988;0
3989;0
3990;0
3991;0
3992;0
3993;0
3994;0
3995;0
3996;0
3997;0
3998;0
3999;0
4000;0
4001;0
4002;0
4003;0
4004;0
4005;0
4006;0
4007;0
4008;0
4009;0
4010;0
4011;0
4012;0
4013;0
4014;0
4015;0
4016;0
4017;0
4018;0
4019;0
4020;0
4021;0
4022;0
4023;0
4024;0
4025;0
4026;0
4027;0
4028;0
4029;0
4030;0
4031;0
4032;0
4033;0
4034;0
4035;0
4036;0
4037;0
4038;0
4039;0
4040;0
4041;0
4042;0
4043;0
4044;0
4045;0
4046;0
4047;0
4048;0
4049;0
4050;0
4051;0
4052;0
4053;0
4054;0
4055;0
4056;0
4057;0
4058;0
4059;0
4060;0
4061;0
4062;0
4063;0
4064;0
4065;0
4066;0
4067;0
4068;0
4069;0
4070;0
4071;0
4072;0
4073;0
4074;0
4075;0
4076;0
4077;0
4078;0
4079;0
4080;0
4081;0
4082;0
4083;0
4084;0
4085;0
4086;0
4087;0
4088;0
4089;0
4090;0
4091;0
4092;0
4093;0
4094;0
4095;0
4096;0
