L 64,p 0.587700,Z 100000
/* Tamanio de cluster; Ocurrencias de cada tamaño de cluster */
1;7586264
2;1649075
3;988662
4;644090
5;450646
6;334492
7;257421
8;205706
9;168575
10;140708
11;119778
12;103441
13;89449
14;79226
15;70451
16;63315
17;56833
18;51608
19;46719
20;42535
21;39415
22;36265
23;33716
24;31195
25;28967
26;27479
27;25422
28;24011
29;22350
30;21310
31;20156
32;19088
33;17970
34;17015
35;16084
36;15559
37;14872
38;14068
39;13318
40;12948
41;12372
42;11803
43;11180
44;10864
45;10377
46;10144
47;9721
48;9370
49;8971
50;8649
51;8385
52;8026
53;7859
54;7654
55;7311
56;7053
57;6974
58;6876
59;6537
60;6410
61;6157
62;6043
63;5789
64;5718
65;5576
66;5342
67;5246
68;5304
69;4980
70;4972
71;4876
72;4592
73;4468
74;4363
75;4391
76;4211
77;4205
78;4041
79;3982
80;3959
81;3904
82;3746
83;3706
84;3565
85;3566
86;3463
87;3420
88;3317
89;3163
90;3158
91;3097
92;3031
93;2979
94;2945
95;3030
96;2836
97;2880
98;2648
99;2652
100;2564
101;2607
102;2571
103;2469
104;2442
105;2457
106;2348
107;2339
108;2371
109;2326
110;2290
111;2253
112;2232
113;2101
114;2066
115;2069
116;2130
117;2052
118;1978
119;1974
120;1965
121;1987
122;1925
123;1929
124;1817
125;1870
126;1781
127;1724
128;1741
129;1703
130;1706
131;1663
132;1689
133;1687
134;1501
135;1656
136;1552
137;1609
138;1503
139;1499
140;1418
141;1504
142;1477
143;1462
144;1409
145;1437
146;1429
147;1393
148;1410
149;1392
150;1320
151;1294
152;1220
153;1316
154;1333
155;1308
156;1232
157;1242
158;1252
159;1189
160;1219
161;1157
162;1205
163;1187
164;1150
165;1133
166;1103
167;1167
168;1076
169;1105
170;1102
171;1038
172;986
173;1067
174;1042
175;1004
176;1063
177;1053
178;997
179;994
180;1030
181;970
182;976
183;979
184;891
185;964
186;945
187;938
188;895
189;865
190;901
191;849
192;888
193;848
194;901
195;837
196;830
197;820
198;843
199;859
200;796
201;853
202;807
203;817
204;825
205;833
206;778
207;775
208;761
209;752
210;782
211;786
212;763
213;773
214;739
215;823
216;739
217;731
218;727
219;758
220;668
221;701
222;767
223;645
224;675
225;684
226;672
227;688
228;676
229;650
230;648
231;658
232;626
233;676
234;638
235;672
236;662
237;616
238;626
239;594
240;560
241;603
242;644
243;591
244;655
245;593
246;611
247;580
248;583
249;590
250;585
251;555
252;559
253;578
254;534
255;538
256;566
257;529
258;505
259;574
260;492
261;556
262;535
263;513
264;528
265;529
266;508
267;571
268;513
269;527
270;535
271;530
272;459
273;472
274;475
275;533
276;509
277;487
278;468
279;515
280;477
281;473
282;495
283;471
284;436
285;462
286;483
287;460
288;486
289;449
290;454
291;453
292;440
293;417
294;452
295;423
296;445
297;428
298;378
299;415
300;403
301;445
302;459
303;394
304;434
305;387
306;418
307;425
308;368
309;421
310;402
311;380
312;363
313;378
314;408
315;427
316;409
317;389
318;346
319;385
320;401
321;391
322;420
323;346
324;335
325;408
326;363
327;346
328;334
329;372
330;372
331;326
332;358
333;385
334;383
335;353
336;375
337;346
338;342
339;376
340;359
341;312
342;320
343;311
344;326
345;315
346;331
347;355
348;329
349;341
350;310
351;342
352;306
353;305
354;322
355;331
356;333
357;310
358;341
359;325
360;301
361;322
362;299
363;308
364;331
365;322
366;291
367;293
368;329
369;323
370;306
371;296
372;307
373;304
374;280
375;300
376;291
377;304
378;289
379;295
380;279
381;295
382;278
383;286
384;282
385;292
386;262
387;278
388;278
389;274
390;275
391;263
392;294
393;295
394;265
395;291
396;266
397;265
398;282
399;263
400;255
401;287
402;254
403;245
404;240
405;273
406;235
407;273
408;242
409;255
410;257
411;273
412;240
413;267
414;252
415;240
416;269
417;245
418;226
419;248
420;248
421;257
422;241
423;258
424;248
425;218
426;265
427;271
428;250
429;241
430;242
431;242
432;238
433;253
434;233
435;233
436;225
437;271
438;212
439;228
440;212
441;231
442;221
443;194
444;237
445;200
446;239
447;243
448;223
449;200
450;226
451;203
452;239
453;231
454;194
455;207
456;232
457;246
458;243
459;203
460;234
461;196
462;225
463;196
464;231
465;189
466;195
467;187
468;226
469;199
470;192
471;179
472;200
473;201
474;202
475;171
476;199
477;201
478;213
479;216
480;207
481;191
482;187
483;168
484;181
485;191
486;187
487;191
488;194
489;212
490;173
491;202
492;196
493;180
494;200
495;170
496;205
497;173
498;185
499;183
500;189
501;178
502;177
503;185
504;169
505;178
506;191
507;173
508;162
509;172
510;194
511;161
512;181
513;149
514;175
515;188
516;180
517;171
518;189
519;170
520;192
521;155
522;175
523;159
524;189
525;157
526;185
527;178
528;132
529;146
530;164
531;170
532;183
533;175
534;185
535;155
536;140
537;185
538;144
539;147
540;158
541;176
542;142
543;152
544;164
545;154
546;163
547;157
548;156
549;184
550;145
551;150
552;154
553;160
554;161
555;142
556;160
557;163
558;149
559;157
560;145
561;173
562;138
563;163
564;137
565;145
566;147
567;143
568;158
569;129
570;150
571;154
572;124
573;145
574;154
575;161
576;154
577;147
578;159
579;131
580;145
581;153
582;132
583;128
584;169
585;147
586;148
587;144
588;157
589;128
590;147
591;140
592;127
593;129
594;143
595;155
596;143
597;120
598;152
599;117
600;158
601;144
602;130
603;130
604;108
605;130
606;153
607;131
608;160
609;139
610;149
611;132
612;140
613;145
614;132
615;134
616;128
617;133
618;122
619;124
620;127
621;124
622;124
623;148
624;128
625;144
626;140
627;122
628;132
629;144
630;133
631;103
632;122
633;132
634;130
635;109
636;127
637;133
638;109
639;119
640;124
641;117
642;138
643;121
644;127
645;117
646;110
647;131
648;123
649;122
650;129
651;120
652;103
653;132
654;135
655;110
656;103
657;110
658;114
659;120
660;91
661;107
662;115
663;150
664;109
665;114
666;116
667;108
668;106
669;122
670;110
671;98
672;112
673;119
674;109
675;100
676;121
677;115
678;111
679;88
680;108
681;111
682;137
683;91
684;108
685;122
686;118
687;117
688;124
689;113
690;113
691;105
692;105
693;108
694;98
695;97
696;106
697;96
698;89
699;102
700;122
701;111
702;110
703;99
704;109
705;106
706;98
707;94
708;99
709;100
710;108
711;97
712;99
713;111
714;86
715;98
716;97
717;109
718;117
719;92
720;121
721;111
722;113
723;96
724;123
725;92
726;83
727;109
728;91
729;98
730;93
731;101
732;122
733;100
734;106
735;88
736;89
737;120
738;89
739;102
740;94
741;96
742;95
743;99
744;79
745;102
746;104
747;98
748;94
749;95
750;108
751;89
752;87
753;79
754;86
755;94
756;119
757;99
758;87
759;100
760;108
761;78
762;75
763;105
764;93
765;84
766;86
767;86
768;99
769;95
770;87
771;99
772;94
773;79
774;102
775;88
776;95
777;92
778;99
779;82
780;101
781;89
782;88
783;96
784;93
785;111
786;90
787;81
788;93
789;91
790;83
791;73
792;92
793;66
794;82
795;99
796;88
797;79
798;80
799;86
800;60
801;80
802;82
803;78
804;80
805;79
806;76
807;80
808;76
809;89
810;75
811;84
812;95
813;92
814;73
815;76
816;82
817;80
818;80
819;81
820;82
821;77
822;84
823;81
824;97
825;88
826;85
827;80
828;76
829;76
830;65
831;73
832;81
833;94
834;88
835;61
836;94
837;71
838;68
839;75
840;76
841;75
842;65
843;54
844;64
845;71
846;71
847;82
848;67
849;72
850;78
851;87
852;89
853;81
854;56
855;78
856;77
857;88
858;90
859;86
860;78
861;55
862;81
863;72
864;57
865;67
866;73
867;65
868;63
869;72
870;65
871;63
872;68
873;80
874;85
875;64
876;70
877;65
878;68
879;76
880;77
881;77
882;75
883;84
884;63
885;76
886;73
887;64
888;63
889;60
890;62
891;69
892;63
893;86
894;56
895;69
896;59
897;81
898;74
899;68
900;76
901;71
902;74
903;65
904;83
905;61
906;56
907;74
908;69
909;73
910;68
911;76
912;65
913;64
914;61
915;60
916;65
917;59
918;68
919;67
920;61
921;53
922;56
923;65
924;67
925;65
926;50
927;58
928;75
929;62
930;69
931;75
932;58
933;73
934;53
935;61
936;75
937;80
938;70
939;61
940;55
941;64
942;62
943;61
944;58
945;55
946;77
947;62
948;53
949;51
950;53
951;75
952;52
953;61
954;62
955;70
956;63
957;57
958;59
959;74
960;68
961;55
962;54
963;56
964;60
965;56
966;58
967;50
968;51
969;74
970;48
971;57
972;54
973;67
974;51
975;55
976;56
977;56
978;51
979;54
980;68
981;55
982;72
983;53
984;61
985;53
986;65
987;48
988;51
989;48
990;60
991;53
992;64
993;62
994;73
995;64
996;52
997;55
998;50
999;54
1000;55
1001;63
1002;53
1003;61
1004;41
1005;65
1006;44
1007;50
1008;61
1009;52
1010;53
1011;64
1012;57
1013;39
1014;48
1015;43
1016;60
1017;42
1018;55
1019;51
1020;48
1021;70
1022;47
1023;54
1024;46
1025;59
1026;47
1027;48
1028;57
1029;60
1030;49
1031;48
1032;52
1033;48
1034;43
1035;54
1036;50
1037;54
1038;54
1039;55
1040;54
1041;45
1042;60
1043;40
1044;47
1045;68
1046;46
1047;47
1048;48
1049;51
1050;46
1051;60
1052;40
1053;46
1054;47
1055;56
1056;43
1057;58
1058;46
1059;40
1060;51
1061;47
1062;47
1063;44
1064;48
1065;46
1066;42
1067;45
1068;63
1069;47
1070;60
1071;44
1072;46
1073;47
1074;45
1075;47
1076;44
1077;42
1078;51
1079;49
1080;38
1081;41
1082;45
1083;32
1084;46
1085;38
1086;39
1087;49
1088;47
1089;36
1090;48
1091;46
1092;39
1093;30
1094;55
1095;45
1096;33
1097;47
1098;55
1099;41
1100;35
1101;48
1102;58
1103;49
1104;45
1105;39
1106;42
1107;41
1108;30
1109;34
1110;49
1111;39
1112;42
1113;45
1114;36
1115;33
1116;36
1117;44
1118;62
1119;42
1120;42
1121;42
1122;38
1123;38
1124;31
1125;46
1126;46
1127;39
1128;42
1129;35
1130;40
1131;36
1132;43
1133;48
1134;43
1135;51
1136;35
1137;44
1138;35
1139;43
1140;48
1141;37
1142;48
1143;33
1144;37
1145;36
1146;39
1147;41
1148;26
1149;26
1150;47
1151;42
1152;36
1153;39
1154;43
1155;38
1156;33
1157;45
1158;42
1159;35
1160;28
1161;35
1162;41
1163;27
1164;41
1165;42
1166;41
1167;51
1168;48
1169;41
1170;37
1171;39
1172;28
1173;32
1174;39
1175;31
1176;28
1177;29
1178;36
1179;26
1180;27
1181;35
1182;45
1183;39
1184;37
1185;35
1186;29
1187;29
1188;36
1189;46
1190;40
1191;34
1192;34
1193;37
1194;45
1195;27
1196;45
1197;26
1198;42
1199;25
1200;43
1201;35
1202;29
1203;32
1204;31
1205;34
1206;32
1207;33
1208;33
1209;30
1210;28
1211;23
1212;35
1213;30
1214;27
1215;28
1216;24
1217;30
1218;31
1219;23
1220;37
1221;36
1222;27
1223;34
1224;31
1225;27
1226;30
1227;35
1228;33
1229;25
1230;35
1231;30
1232;32
1233;36
1234;34
1235;17
1236;24
1237;25
1238;33
1239;27
1240;29
1241;38
1242;26
1243;24
1244;29
1245;38
1246;27
1247;31
1248;25
1249;23
1250;36
1251;29
1252;24
1253;25
1254;29
1255;29
1256;18
1257;35
1258;26
1259;29
1260;14
1261;24
1262;27
1263;29
1264;26
1265;13
1266;35
1267;24
1268;27
1269;27
1270;29
1271;32
1272;18
1273;20
1274;25
1275;22
1276;24
1277;21
1278;18
1279;35
1280;31
1281;31
1282;21
1283;27
1284;24
1285;22
1286;25
1287;30
1288;31
1289;21
1290;29
1291;20
1292;27
1293;20
1294;22
1295;30
1296;26
1297;31
1298;23
1299;22
1300;26
1301;22
1302;19
1303;18
1304;24
1305;20
1306;25
1307;28
1308;21
1309;23
1310;24
1311;23
1312;33
1313;27
1314;14
1315;20
1316;21
1317;24
1318;20
1319;17
1320;25
1321;15
1322;19
1323;24
1324;24
1325;25
1326;26
1327;15
1328;22
1329;28
1330;21
1331;20
1332;23
1333;20
1334;20
1335;25
1336;17
1337;21
1338;28
1339;19
1340;24
1341;26
1342;24
1343;27
1344;22
1345;16
1346;21
1347;23
1348;17
1349;22
1350;25
1351;15
1352;19
1353;18
1354;27
1355;14
1356;19
1357;18
1358;21
1359;22
1360;22
1361;23
1362;16
1363;20
1364;21
1365;25
1366;20
1367;21
1368;13
1369;21
1370;13
1371;24
1372;19
1373;9
1374;28
1375;27
1376;14
1377;13
1378;17
1379;14
1380;15
1381;10
1382;23
1383;23
1384;19
1385;19
1386;21
1387;14
1388;14
1389;16
1390;14
1391;15
1392;19
1393;15
1394;13
1395;16
1396;18
1397;17
1398;20
1399;14
1400;23
1401;15
1402;14
1403;15
1404;14
1405;21
1406;12
1407;17
1408;17
1409;12
1410;25
1411;15
1412;15
1413;13
1414;11
1415;17
1416;6
1417;12
1418;20
1419;14
1420;14
1421;13
1422;22
1423;5
1424;14
1425;16
1426;14
1427;12
1428;12
1429;13
1430;21
1431;18
1432;15
1433;9
1434;15
1435;12
1436;14
1437;12
1438;11
1439;8
1440;16
1441;9
1442;14
1443;8
1444;15
1445;9
1446;15
1447;7
1448;16
1449;11
1450;8
1451;8
1452;15
1453;11
1454;16
1455;9
1456;14
1457;7
1458;13
1459;16
1460;14
1461;5
1462;19
1463;11
1464;13
1465;8
1466;14
1467;8
1468;17
1469;12
1470;9
1471;11
1472;21
1473;8
1474;2
1475;12
1476;11
1477;10
1478;17
1479;4
1480;8
1481;10
1482;11
1483;11
1484;10
1485;11
1486;10
1487;9
1488;9
1489;8
1490;11
1491;13
1492;9
1493;5
1494;9
1495;10
1496;5
1497;7
1498;8
1499;5
1500;14
1501;9
1502;11
1503;5
1504;6
1505;10
1506;6
1507;12
1508;14
1509;5
1510;11
1511;4
1512;10
1513;12
1514;12
1515;10
1516;6
1517;8
1518;7
1519;13
1520;3
1521;11
1522;9
1523;8
1524;14
1525;17
1526;8
1527;12
1528;10
1529;8
1530;13
1531;11
1532;5
1533;9
1534;7
1535;10
1536;12
1537;5
1538;5
1539;4
1540;5
1541;6
1542;4
1543;7
1544;6
1545;1
1546;7
1547;6
1548;9
1549;6
1550;7
1551;8
1552;8
1553;8
1554;5
1555;3
1556;6
1557;6
1558;5
1559;3
1560;6
1561;3
1562;10
1563;8
1564;7
1565;7
1566;6
1567;7
1568;8
1569;6
1570;12
1571;6
1572;3
1573;6
1574;2
1575;8
1576;7
1577;3
1578;9
1579;6
1580;5
1581;2
1582;6
1583;6
1584;1
1585;7
1586;7
1587;5
1588;8
1589;3
1590;6
1591;1
1592;5
1593;2
1594;7
1595;6
1596;3
1597;3
1598;7
1599;3
1600;6
1601;3
1602;6
1603;5
1604;3
1605;2
1606;10
1607;6
1608;4
1609;4
1610;6
1611;3
1612;1
1613;3
1614;4
1615;5
1616;7
1617;3
1618;5
1619;2
1620;3
1621;4
1622;6
1623;1
1624;5
1625;3
1626;4
1627;6
1628;2
1629;7
1630;0
1631;3
1632;6
1633;3
1634;2
1635;6
1636;4
1637;5
1638;3
1639;3
1640;4
1641;2
1642;3
1643;4
1644;3
1645;3
1646;4
1647;2
1648;4
1649;1
1650;2
1651;1
1652;2
1653;7
1654;3
1655;5
1656;4
1657;4
1658;2
1659;4
1660;2
1661;3
1662;4
1663;5
1664;3
1665;5
1666;2
1667;4
1668;1
1669;3
1670;0
1671;1
1672;3
1673;4
1674;5
1675;6
1676;1
1677;4
1678;3
1679;1
1680;4
1681;5
1682;4
1683;1
1684;1
1685;3
1686;0
1687;3
1688;0
1689;2
1690;3
1691;3
1692;3
1693;2
1694;2
1695;3
1696;2
1697;2
1698;1
1699;4
1700;2
1701;3
1702;2
1703;3
1704;0
1705;3
1706;1
1707;1
1708;2
1709;3
1710;3
1711;1
1712;3
1713;0
1714;0
1715;0
1716;1
1717;1
1718;3
1719;3
1720;1
1721;1
1722;0
1723;2
1724;1
1725;1
1726;1
1727;1
1728;1
1729;1
1730;0
1731;1
1732;1
1733;2
1734;1
1735;1
1736;0
1737;2
1738;3
1739;1
1740;1
1741;2
1742;1
1743;2
1744;2
1745;2
1746;2
1747;4
1748;2
1749;1
1750;1
1751;1
1752;0
1753;1
1754;6
1755;0
1756;1
1757;2
1758;1
1759;0
1760;2
1761;0
1762;0
1763;3
1764;1
1765;0
1766;1
1767;1
1768;1
1769;1
1770;1
1771;0
1772;0
1773;1
1774;1
1775;1
1776;2
1777;0
1778;2
1779;1
1780;1
1781;3
1782;0
1783;0
1784;2
1785;1
1786;3
1787;1
1788;0
1789;1
1790;1
1791;0
1792;0
1793;0
1794;0
1795;1
1796;1
1797;1
1798;1
1799;0
1800;1
1801;0
1802;0
1803;0
1804;0
1805;2
1806;4
1807;0
1808;0
1809;1
1810;0
1811;1
1812;0
1813;1
1814;2
1815;0
1816;1
1817;0
1818;2
1819;0
1820;0
1821;1
1822;0
1823;0
1824;0
1825;0
1826;1
1827;0
1828;0
1829;0
1830;0
1831;0
1832;0
1833;0
1834;1
1835;0
1836;1
1837;0
1838;0
1839;0
1840;0
1841;0
1842;0
1843;0
1844;2
1845;0
1846;1
1847;0
1848;0
1849;0
1850;0
1851;0
1852;0
1853;1
1854;0
1855;1
1856;1
1857;2
1858;0
1859;0
1860;0
1861;0
1862;0
1863;0
1864;1
1865;1
1866;0
1867;0
1868;1
1869;0
1870;0
1871;1
1872;0
1873;0
1874;0
1875;1
1876;0
1877;0
1878;0
1879;0
1880;1
1881;0
1882;0
1883;0
1884;0
1885;0
1886;0
1887;0
1888;0
1889;0
1890;0
1891;0
1892;1
1893;1
1894;0
1895;1
1896;0
1897;0
1898;0
1899;1
1900;0
1901;0
1902;0
1903;0
1904;0
1905;0
1906;0
1907;0
1908;0
1909;0
1910;0
1911;0
1912;0
1913;0
1914;0
1915;0
1916;1
1917;0
1918;0
1919;0
1920;0
1921;0
1922;1
1923;0
1924;0
1925;0
1926;0
1927;0
1928;0
1929;0
1930;0
1931;0
1932;0
1933;0
1934;0
1935;0
1936;0
1937;0
1938;0
1939;0
1940;0
1941;0
1942;0
1943;0
1944;0
1945;0
1946;0
1947;0
1948;0
1949;0
1950;0
1951;0
1952;0
1953;1
1954;0
1955;0
1956;0
1957;0
1958;0
1959;0
1960;0
1961;0
1962;0
1963;0
1964;0
1965;0
1966;0
1967;0
1968;0
1969;0
1970;0
1971;0
1972;0
1973;0
1974;0
1975;0
1976;1
1977;0
1978;0
1979;0
1980;0
1981;0
1982;0
1983;0
1984;0
1985;0
1986;0
1987;0
1988;0
1989;0
1990;0
1991;0
1992;0
1993;0
1994;0
1995;0
1996;0
1997;0
1998;0
1999;0
2000;0
2001;0
2002;0
2003;0
2004;0
2005;0
2006;0
2007;0
2008;0
2009;0
2010;0
2011;0
2012;0
2013;0
2014;0
2015;0
2016;0
2017;0
2018;0
2019;0
2020;0
2021;0
2022;0
2023;0
2024;0
2025;0
2026;0
2027;0
2028;0
2029;0
2030;0
2031;0
2032;0
2033;0
2034;0
2035;0
2036;0
2037;0
2038;0
2039;0
2040;0
2041;0
2042;0
2043;0
2044;0
2045;0
2046;0
2047;0
2048;0
2049;0
2050;0
2051;0
2052;0
2053;0
2054;0
2055;0
2056;0
2057;0
2058;0
2059;0
2060;0
2061;0
2062;0
2063;0
2064;0
2065;0
2066;0
2067;0
2068;0
2069;0
2070;0
2071;0
2072;0
2073;0
2074;0
2075;0
2076;0
2077;0
2078;0
2079;0
2080;0
2081;0
2082;0
2083;0
2084;0
2085;0
2086;0
2087;0
2088;0
2089;0
2090;0
2091;0
2092;0
2093;0
2094;0
2095;0
2096;0
2097;0
2098;0
2099;0
2100;0
2101;0
2102;0
2103;0
2104;0
2105;0
2106;0
2107;0
2108;0
2109;0
2110;0
2111;0
2112;0
2113;0
2114;0
2115;0
2116;0
2117;0
2118;0
2119;0
2120;0
2121;0
2122;0
2123;0
2124;0
2125;0
2126;0
2127;0
2128;0
2129;0
2130;0
2131;0
2132;0
2133;0
2134;0
2135;0
2136;0
2137;0
2138;0
2139;0
2140;0
2141;0
2142;0
2143;0
2144;0
2145;0
2146;0
2147;0
2148;0
2149;0
2150;0
2151;0
2152;0
2153;0
2154;0
2155;0
2156;0
2157;0
2158;0
2159;0
2160;0
2161;0
2162;0
2163;0
2164;0
2165;0
2166;0
2167;0
2168;0
2169;0
2170;0
2171;0
2172;0
2173;0
2174;0
2175;0
2176;0
2177;0
2178;0
2179;0
2180;0
2181;0
2182;0
2183;0
2184;0
2185;0
2186;0
2187;0
2188;0
2189;0
2190;0
2191;0
2192;0
2193;0
2194;0
2195;0
2196;0
2197;0
2198;0
2199;0
2200;0
2201;0
2202;0
2203;0
2204;0
2205;0
2206;0
2207;0
2208;0
2209;0
2210;0
2211;0
2212;0
2213;0
2214;0
2215;0
2216;0
2217;0
2218;0
2219;0
2220;0
2221;0
2222;0
2223;0
2224;0
2225;0
2226;0
2227;0
2228;0
2229;0
2230;0
2231;0
2232;0
2233;0
2234;0
2235;0
2236;0
2237;0
2238;0
2239;0
2240;0
2241;0
2242;0
2243;0
2244;0
2245;0
2246;0
2247;0
2248;0
2249;0
2250;0
2251;0
2252;0
2253;0
2254;0
2255;0
2256;0
2257;0
2258;0
2259;0
2260;0
2261;0
2262;0
2263;0
2264;0
2265;0
2266;0
2267;0
2268;0
2269;0
2270;0
2271;0
2272;0
2273;0
2274;0
2275;0
2276;0
2277;0
2278;0
2279;0
2280;0
2281;0
2282;0
2283;0
2284;0
2285;0
2286;0
2287;0
2288;0
2289;0
2290;0
2291;0
2292;0
2293;0
2294;0
2295;0
2296;0
2297;0
2298;0
2299;0
2300;0
2301;0
2302;0
2303;0
2304;0
2305;0
2306;0
2307;0
2308;0
2309;0
2310;0
2311;0
2312;0
2313;0
2314;0
2315;0
2316;0
2317;0
2318;0
2319;0
2320;0
2321;0
2322;0
2323;0
2324;0
2325;0
2326;0
2327;0
2328;0
2329;0
2330;0
2331;0
2332;0
2333;0
2334;0
2335;0
2336;0
2337;0
2338;0
2339;0
2340;0
2341;0
2342;0
2343;0
2344;0
2345;0
2346;0
2347;0
2348;0
2349;0
2350;0
2351;0
2352;0
2353;0
2354;0
2355;0
2356;0
2357;0
2358;0
2359;0
2360;0
2361;0
2362;0
2363;0
2364;0
2365;0
2366;0
2367;0
2368;0
2369;0
2370;0
2371;0
2372;0
2373;0
2374;0
2375;0
2376;0
2377;0
2378;0
2379;0
2380;0
2381;0
2382;0
2383;0
2384;0
2385;0
2386;0
2387;0
2388;0
2389;0
2390;0
2391;0
2392;0
2393;0
2394;0
2395;0
2396;0
2397;0
2398;0
2399;0
2400;0
2401;0
2402;0
2403;0
2404;0
2405;0
2406;0
2407;0
2408;0
2409;0
2410;0
2411;0
2412;0
2413;0
2414;0
2415;0
2416;0
2417;0
2418;0
2419;0
2420;0
2421;0
2422;0
2423;0
2424;0
2425;0
2426;0
2427;0
2428;0
2429;0
2430;0
2431;0
2432;0
2433;0
2434;0
2435;0
2436;0
2437;0
2438;0
2439;0
2440;0
2441;0
2442;0
2443;0
2444;0
2445;0
2446;0
2447;0
2448;0
2449;0
2450;0
2451;0
2452;0
2453;0
2454;0
2455;0
2456;0
2457;0
2458;0
2459;0
2460;0
2461;0
2462;0
2463;0
2464;0
2465;0
2466;0
2467;0
2468;0
2469;0
2470;0
2471;0
2472;0
2473;0
2474;0
2475;0
2476;0
2477;0
2478;0
2479;0
2480;0
2481;0
2482;0
2483;0
2484;0
2485;0
2486;0
2487;0
2488;0
2489;0
2490;0
2491;0
2492;0
2493;0
2494;0
2495;0
2496;0
2497;0
2498;0
2499;0
2500;0
2501;0
2502;0
2503;0
2504;0
2505;0
2506;0
2507;0
2508;0
2509;0
2510;0
2511;0
2512;0
2513;0
2514;0
2515;0
2516;0
2517;0
2518;0
2519;0
2520;0
2521;0
2522;0
2523;0
2524;0
2525;0
2526;0
2527;0
2528;0
2529;0
2530;0
2531;0
2532;0
2533;0
2534;0
2535;0
2536;0
2537;0
2538;0
2539;0
2540;0
2541;0
2542;0
2543;0
2544;0
2545;0
2546;0
2547;0
2548;0
2549;0
2550;0
2551;0
2552;0
2553;0
2554;0
2555;0
2556;0
2557;0
2558;0
2559;0
2560;0
2561;0
2562;0
2563;0
2564;0
2565;0
2566;0
2567;0
2568;0
2569;0
2570;0
2571;0
2572;0
2573;0
2574;0
2575;0
2576;0
2577;0
2578;0
2579;0
2580;0
2581;0
2582;0
2583;0
2584;0
2585;0
2586;0
2587;0
2588;0
2589;0
2590;0
2591;0
2592;0
2593;0
2594;0
2595;0
2596;0
2597;0
2598;0
2599;0
2600;0
2601;0
2602;0
2603;0
2604;0
2605;0
2606;0
2607;0
2608;0
2609;0
2610;0
2611;0
2612;0
2613;0
2614;0
2615;0
2616;0
2617;0
2618;0
2619;0
2620;0
2621;0
2622;0
2623;0
2624;0
2625;0
2626;0
2627;0
2628;0
2629;0
2630;0
2631;0
2632;0
2633;0
2634;0
2635;0
2636;0
2637;0
2638;0
2639;0
2640;0
2641;0
2642;0
2643;0
2644;0
2645;0
2646;0
2647;0
2648;0
2649;0
2650;0
2651;0
2652;0
2653;0
2654;0
2655;0
2656;0
2657;0
2658;0
2659;0
2660;0
2661;0
2662;0
2663;0
2664;0
2665;0
2666;0
2667;0
2668;0
2669;0
2670;0
2671;0
2672;0
2673;0
2674;0
2675;0
2676;0
2677;0
2678;0
2679;0
2680;0
2681;0
2682;0
2683;0
2684;0
2685;0
2686;0
2687;0
2688;0
2689;0
2690;0
2691;0
2692;0
2693;0
2694;0
2695;0
2696;0
2697;0
2698;0
2699;0
2700;0
2701;0
2702;0
2703;0
2704;0
2705;0
2706;0
2707;0
2708;0
2709;0
2710;0
2711;0
2712;0
2713;0
2714;0
2715;0
2716;0
2717;0
2718;0
2719;0
2720;0
2721;0
2722;0
2723;0
2724;0
2725;0
2726;0
2727;0
2728;0
2729;0
2730;0
2731;0
2732;0
2733;0
2734;0
2735;0
2736;0
2737;0
2738;0
2739;0
2740;0
2741;0
2742;0
2743;0
2744;0
2745;0
2746;0
2747;0
2748;0
2749;0
2750;0
2751;0
2752;0
2753;0
2754;0
2755;0
2756;0
2757;0
2758;0
2759;0
2760;0
2761;0
2762;0
2763;0
2764;0
2765;0
2766;0
2767;0
2768;0
2769;0
2770;0
2771;0
2772;0
2773;0
2774;0
2775;0
2776;0
2777;0
2778;0
2779;0
2780;0
2781;0
2782;0
2783;0
2784;0
2785;0
2786;0
2787;0
2788;0
2789;0
2790;0
2791;0
2792;0
2793;0
2794;0
2795;0
2796;0
2797;0
2798;0
2799;0
2800;0
2801;0
2802;0
2803;0
2804;0
2805;0
2806;0
2807;0
2808;0
2809;0
2810;0
2811;0
2812;0
2813;0
2814;0
2815;0
2816;0
2817;0
2818;0
2819;0
2820;0
2821;0
2822;0
2823;0
2824;0
2825;0
2826;0
2827;0
2828;0
2829;0
2830;0
2831;0
2832;0
2833;0
2834;0
2835;0
2836;0
2837;0
2838;0
2839;0
2840;0
2841;0
2842;0
2843;0
2844;0
2845;0
2846;0
2847;0
2848;0
2849;0
2850;0
2851;0
2852;0
2853;0
2854;0
2855;0
2856;0
2857;0
2858;0
2859;0
2860;0
2861;0
2862;0
2863;0
2864;0
2865;0
2866;0
2867;0
2868;0
2869;0
2870;0
2871;0
2872;0
2873;0
2874;0
2875;0
2876;0
2877;0
2878;0
2879;0
2880;0
2881;0
2882;0
2883;0
2884;0
2885;0
2886;0
2887;0
2888;0
2889;0
2890;0
2891;0
2892;0
2893;0
2894;0
2895;0
2896;0
2897;0
2898;0
2899;0
2900;0
2901;0
2902;0
2903;0
2904;0
2905;0
2906;0
2907;0
2908;0
2909;0
2910;0
2911;0
2912;0
2913;0
2914;0
2915;0
2916;0
2917;0
2918;0
2919;0
2920;0
2921;0
2922;0
2923;0
2924;0
2925;0
2926;0
2927;0
2928;0
2929;0
2930;0
2931;0
2932;0
2933;0
2934;0
2935;0
2936;0
2937;0
2938;0
2939;0
2940;0
2941;0
2942;0
2943;0
2944;0
2945;0
2946;0
2947;0
2948;0
2949;0
2950;0
2951;0
2952;0
2953;0
2954;0
2955;0
2956;0
2957;0
2958;0
2959;0
2960;0
2961;0
2962;0
2963;0
2964;0
2965;0
2966;0
2967;0
2968;0
2969;0
2970;0
2971;0
2972;0
2973;0
2974;0
2975;0
2976;0
2977;0
2978;0
2979;0
2980;0
2981;0
2982;0
2983;0
2984;0
2985;0
2986;0
2987;0
2988;0
2989;0
2990;0
2991;0
2992;0
2993;0
2994;0
2995;0
2996;0
2997;0
2998;0
2999;0
3000;0
3001;0
3002;0
3003;0
3004;0
3005;0
3006;0
3007;0
3008;0
3009;0
3010;0
3011;0
3012;0
3013;0
3014;0
3015;0
3016;0
3017;0
3018;0
3019;0
3020;0
3021;0
3022;0
3023;0
3024;0
3025;0
3026;0
3027;0
3028;0
3029;0
3030;0
3031;0
3032;0
3033;0
3034;0
3035;0
3036;0
3037;0
3038;0
3039;0
3040;0
3041;0
3042;0
3043;0
3044;0
3045;0
3046;0
3047;0
3048;0
3049;0
3050;0
3051;0
3052;0
3053;0
3054;0
3055;0
3056;0
3057;0
3058;0
3059;0
3060;0
3061;0
3062;0
3063;0
3064;0
3065;0
3066;0
3067;0
3068;0
3069;0
3070;0
3071;0
3072;0
3073;0
3074;0
3075;0
3076;0
3077;0
3078;0
3079;0
3080;0
3081;0
3082;0
3083;0
3084;0
3085;0
3086;0
3087;0
3088;0
3089;0
3090;0
3091;0
3092;0
3093;0
3094;0
3095;0
3096;0
3097;0
3098;0
3099;0
3100;0
3101;0
3102;0
3103;0
3104;0
3105;0
3106;0
3107;0
3108;0
3109;0
3110;0
3111;0
3112;0
3113;0
3114;0
3115;0
3116;0
3117;0
3118;0
3119;0
3120;0
3121;0
3122;0
3123;0
3124;0
3125;0
3126;0
3127;0
3128;0
3129;0
3130;0
3131;0
3132;0
3133;0
3134;0
3135;0
3136;0
3137;0
3138;0
3139;0
3140;0
3141;0
3142;0
3143;0
3144;0
3145;0
3146;0
3147;0
3148;0
3149;0
3150;0
3151;0
3152;0
3153;0
3154;0
3155;0
3156;0
3157;0
3158;0
3159;0
3160;0
3161;0
3162;0
3163;0
3164;0
3165;0
3166;0
3167;0
3168;0
3169;0
3170;0
3171;0
3172;0
3173;0
3174;0
3175;0
3176;0
3177;0
3178;0
3179;0
3180;0
3181;0
3182;0
3183;0
3184;0
3185;0
3186;0
3187;0
3188;0
3189;0
3190;0
3191;0
3192;0
3193;0
3194;0
3195;0
3196;0
3197;0
3198;0
3199;0
3200;0
3201;0
3202;0
3203;0
3204;0
3205;0
3206;0
3207;0
3208;0
3209;0
3210;0
3211;0
3212;0
3213;0
3214;0
3215;0
3216;0
3217;0
3218;0
3219;0
3220;0
3221;0
3222;0
3223;0
3224;0
3225;0
3226;0
3227;0
3228;0
3229;0
3230;0
3231;0
3232;0
3233;0
3234;0
3235;0
3236;0
3237;0
3238;0
3239;0
3240;0
3241;0
3242;0
3243;0
3244;0
3245;0
3246;0
3247;0
3248;0
3249;0
3250;0
3251;0
3252;0
3253;0
3254;0
3255;0
3256;0
3257;0
3258;0
3259;0
3260;0
3261;0
3262;0
3263;0
3264;0
3265;0
3266;0
3267;0
3268;0
3269;0
3270;0
3271;0
3272;0
3273;0
3274;0
3275;0
3276;0
3277;0
3278;0
3279;0
3280;0
3281;0
3282;0
3283;0
3284;0
3285;0
3286;0
3287;0
3288;0
3289;0
3290;0
3291;0
3292;0
3293;0
3294;0
3295;0
3296;0
3297;0
3298;0
3299;0
3300;0
3301;0
3302;0
3303;0
3304;0
3305;0
3306;0
3307;0
3308;0
3309;0
3310;0
3311;0
3312;0
3313;0
3314;0
3315;0
3316;0
3317;0
3318;0
3319;0
3320;0
3321;0
3322;0
3323;0
3324;0
3325;0
3326;0
3327;0
3328;0
3329;0
3330;0
3331;0
3332;0
3333;0
3334;0
3335;0
3336;0
3337;0
3338;0
3339;0
3340;0
3341;0
3342;0
3343;0
3344;0
3345;0
3346;0
3347;0
3348;0
3349;0
3350;0
3351;0
3352;0
3353;0
3354;0
3355;0
3356;0
3357;0
3358;0
3359;0
3360;0
3361;0
3362;0
3363;0
3364;0
3365;0
3366;0
3367;0
3368;0
3369;0
3370;0
3371;0
3372;0
3373;0
3374;0
3375;0
3376;0
3377;0
3378;0
3379;0
3380;0
3381;0
3382;0
3383;0
3384;0
3385;0
3386;0
3387;0
3388;0
3389;0
3390;0
3391;0
3392;0
3393;0
3394;0
3395;0
3396;0
3397;0
3398;0
3399;0
3400;0
3401;0
3402;0
3403;0
3404;0
3405;0
3406;0
3407;0
3408;0
3409;0
3410;0
3411;0
3412;0
3413;0
3414;0
3415;0
3416;0
3417;0
3418;0
3419;0
3420;0
3421;0
3422;0
3423;0
3424;0
3425;0
3426;0
3427;0
3428;0
3429;0
3430;0
3431;0
3432;0
3433;0
3434;0
3435;0
3436;0
3437;0
3438;0
3439;0
3440;0
3441;0
3442;0
3443;0
3444;0
3445;0
3446;0
3447;0
3448;0
3449;0
3450;0
3451;0
3452;0
3453;0
3454;0
3455;0
3456;0
3457;0
3458;0
3459;0
3460;0
3461;0
3462;0
3463;0
3464;0
3465;0
3466;0
3467;0
3468;0
3469;0
3470;0
3471;0
3472;0
3473;0
3474;0
3475;0
3476;0
3477;0
3478;0
3479;0
3480;0
3481;0
3482;0
3483;0
3484;0
3485;0
3486;0
3487;0
3488;0
3489;0
3490;0
3491;0
3492;0
3493;0
3494;0
3495;0
3496;0
3497;0
3498;0
3499;0
3500;0
3501;0
3502;0
3503;0
3504;0
3505;0
3506;0
3507;0
3508;0
3509;0
3510;0
3511;0
3512;0
3513;0
3514;0
3515;0
3516;0
3517;0
3518;0
3519;0
3520;0
3521;0
3522;0
3523;0
3524;0
3525;0
3526;0
3527;0
3528;0
3529;0
3530;0
3531;0
3532;0
3533;0
3534;0
3535;0
3536;0
3537;0
3538;0
3539;0
3540;0
3541;0
3542;0
3543;0
3544;0
3545;0
3546;0
3547;0
3548;0
3549;0
3550;0
3551;0
3552;0
3553;0
3554;0
3555;0
3556;0
3557;0
3558;0
3559;0
3560;0
3561;0
3562;0
3563;0
3564;0
3565;0
3566;0
3567;0
3568;0
3569;0
3570;0
3571;0
3572;0
3573;0
3574;0
3575;0
3576;0
3577;0
3578;0
3579;0
3580;0
3581;0
3582;0
3583;0
3584;0
3585;0
3586;0
3587;0
3588;0
3589;0
3590;0
3591;0
3592;0
3593;0
3594;0
3595;0
3596;0
3597;0
3598;0
3599;0
3600;0
3601;0
3602;0
3603;0
3604;0
3605;0
3606;0
3607;0
3608;0
3609;0
3610;0
3611;0
3612;0
3613;0
3614;0
3615;0
3616;0
3617;0
3618;0
3619;0
3620;0
3621;0
3622;0
3623;0
3624;0
3625;0
3626;0
3627;0
3628;0
3629;0
3630;0
3631;0
3632;0
3633;0
3634;0
3635;0
3636;0
3637;0
3638;0
3639;0
3640;0
3641;0
3642;0
3643;0
3644;0
3645;0
3646;0
3647;0
3648;0
3649;0
3650;0
3651;0
3652;0
3653;0
3654;0
3655;0
3656;0
3657;0
3658;0
3659;0
3660;0
3661;0
3662;0
3663;0
3664;0
3665;0
3666;0
3667;0
3668;0
3669;0
3670;0
3671;0
3672;0
3673;0
3674;0
3675;0
3676;0
3677;0
3678;0
3679;0
3680;0
3681;0
3682;0
3683;0
3684;0
3685;0
3686;0
3687;0
3688;0
3689;0
3690;0
3691;0
3692;0
3693;0
3694;0
3695;0
3696;0
3697;0
3698;0
3699;0
3700;0
3701;0
3702;0
3703;0
3704;0
3705;0
3706;0
3707;0
3708;0
3709;0
3710;0
3711;0
3712;0
3713;0
3714;0
3715;0
3716;0
3717;0
3718;0
3719;0
3720;0
3721;0
3722;0
3723;0
3724;0
3725;0
3726;0
3727;0
3728;0
3729;0
3730;0
3731;0
3732;0
3733;0
3734;0
3735;0
3736;0
3737;0
3738;0
3739;0
3740;0
3741;0
3742;0
3743;0
3744;0
3745;0
3746;0
3747;0
3748;0
3749;0
3750;0
3751;0
3752;0
3753;0
3754;0
3755;0
3756;0
3757;0
3758;0
3759;0
3760;0
3761;0
3762;0
3763;0
3764;0
3765;0
3766;0
3767;0
3768;0
3769;0
3770;0
3771;0
3772;0
3773;0
3774;0
3775;0
3776;0
3777;0
3778;0
3779;0
3780;0
3781;0
3782;0
3783;0
3784;0
3785;0
3786;0
3787;0
3788;0
3789;0
3790;0
3791;0
3792;0
3793;0
3794;0
3795;0
3796;0
3797;0
3798;0
3799;0
3800;0
3801;0
3802;0
3803;0
3804;0
3805;0
3806;0
3807;0
3808;0
3809;0
3810;0
3811;0
3812;0
3813;0
3814;0
3815;0
3816;0
3817;0
3818;0
3819;0
3820;0
3821;0
3822;0
3823;0
3824;0
3825;0
3826;0
3827;0
3828;0
3829;0
3830;0
3831;0
3832;0
3833;0
3834;0
3835;0
3836;0
3837;0
3838;0
3839;0
3840;0
3841;0
3842;0
3843;0
3844;0
3845;0
3846;0
3847;0
3848;0
3849;0
3850;0
3851;0
3852;0
3853;0
3854;0
3855;0
3856;0
3857;0
3858;0
3859;0
3860;0
3861;0
3862;0
3863;0
3864;0
3865;0
3866;0
3867;0
3868;0
3869;0
3870;0
3871;0
3872;0
3873;0
3874;0
3875;0
3876;0
3877;0
3878;0
3879;0
3880;0
3881;0
3882;0
3883;0
3884;0
3885;0
3886;0
3887;0
3888;0
3889;0
3890;0
3891;0
3892;0
3893;0
3894;0
3895;0
3896;0
3897;0
3898;0
3899;0
3900;0
3901;0
3902;0
3903;0
3904;0
3905;0
3906;0
3907;0
3908;0
3909;0
3910;0
3911;0
3912;0
3913;0
3914;0
3915;0
3916;0
3917;0
3918;0
3919;0
3920;0
3921;0
3922;0
3923;0
3924;0
3925;0
3926;0
3927;0
3928;0
3929;0
3930;0
3931;0
3932;0
3933;0
3934;0
3935;0
3936;0
3937;0
3938;0
3939;0
3940;0
3941;0
3942;0
3943;0
3944;0
3945;0
3946;0
3947;0
3948;0
3949;0
3950;0
3951;0
3952;0
3953;0
3954;0
3955;0
3956;0
3957;0
3958;0
3959;0
3960;0
3961;0
3962;0
3963;0
3964;0
3965;0
3966;0
3967;0
3968;0
3969;0
3970;0
3971;0
3972;0
3973;0
3974;0
3975;0
3976;0
3977;0
3978;0
3979;0
3980;0
3981;0
3982;0
3983;0
3984;0
3985;0
3986;0
3987;0
3988;0
3989;0
3990;0
3991;0
3992;0
3993;0
3994;0
3995;0
3996;0
3997;0
3998;0
3999;0
4000;0
4001;0
4002;0
4003;0
4004;0
4005;0
4006;0
4007;0
4008;0
4009;0
4010;0
4011;0
4012;0
4013;0
4014;0
4015;0
4016;0
4017;0
4018;0
4019;0
4020;0
4021;0
4022;0
4023;0
4024;0
4025;0
4026;0
4027;0
4028;0
4029;0
4030;0
4031;0
4032;0
4033;0
4034;0
4035;0
4036;0
4037;0
4038;0
4039;0
4040;0
4041;0
4042;0
4043;0
4044;0
4045;0
4046;0
4047;0
4048;0
4049;0
4050;0
4051;0
4052;0
4053;0
4054;0
4055;0
4056;0
4057;0
4058;0
4059;0
4060;0
4061;0
4062;0
4063;0
4064;0
4065;0
4066;0
4067;0
4068;0
4069;0
4070;0
4071;0
4072;0
4073;0
4074;0
4075;0
4076;0
4077;0
4078;0
4079;0
4080;0
4081;0
4082;0
4083;0
4084;0
4085;0
4086;0
4087;0
4088;0
4089;0
4090;0
4091;0
4092;0
4093;0
4094;0
4095;0
4096;0
