L 64,p 0.592900,Z 100000
/* Tamanio de cluster; Ocurrencias de cada tamaño de cluster */
1;7292682
2;1563024
3;933671
4;605760
5;422662
6;311313
7;239808
8;191610
9;156087
10;130216
11;110607
12;95020
13;82978
14;72868
15;64704
16;57722
17;51417
18;46761
19;42736
20;38629
21;35912
22;33144
23;30616
24;28329
25;26430
26;24678
27;22985
28;21676
29;20098
30;19030
31;18102
32;17048
33;16101
34;15328
35;14607
36;13953
37;13182
38;12521
39;11956
40;11468
41;11223
42;10607
43;10362
44;9700
45;9343
46;9125
47;8708
48;8374
49;8022
50;7763
51;7590
52;7114
53;6871
54;6701
55;6625
56;6331
57;6185
58;6065
59;5804
60;5643
61;5619
62;5376
63;5219
64;5039
65;4857
66;4805
67;4745
68;4492
69;4373
70;4291
71;4332
72;4127
73;4144
74;3987
75;3940
76;3875
77;3706
78;3592
79;3496
80;3419
81;3317
82;3245
83;3152
84;3187
85;3078
86;2879
87;2990
88;2959
89;2946
90;2839
91;2767
92;2755
93;2698
94;2604
95;2610
96;2531
97;2451
98;2392
99;2384
100;2405
101;2287
102;2166
103;2284
104;2298
105;2149
106;2102
107;2085
108;2045
109;2006
110;2089
111;1946
112;1807
113;1888
114;1891
115;1860
116;1811
117;1828
118;1773
119;1685
120;1729
121;1687
122;1600
123;1659
124;1699
125;1565
126;1596
127;1578
128;1527
129;1593
130;1533
131;1455
132;1492
133;1484
134;1464
135;1431
136;1453
137;1348
138;1311
139;1391
140;1350
141;1250
142;1346
143;1354
144;1222
145;1264
146;1162
147;1209
148;1242
149;1170
150;1117
151;1169
152;1162
153;1066
154;1114
155;1119
156;1046
157;1139
158;1096
159;1104
160;1070
161;1024
162;1026
163;1042
164;989
165;988
166;1023
167;1019
168;1033
169;980
170;952
171;957
172;962
173;964
174;901
175;899
176;858
177;887
178;901
179;858
180;892
181;844
182;837
183;851
184;864
185;870
186;800
187;838
188;803
189;741
190;800
191;804
192;747
193;774
194;726
195;768
196;752
197;784
198;723
199;754
200;783
201;723
202;720
203;727
204;704
205;710
206;690
207;663
208;648
209;680
210;676
211;670
212;671
213;620
214;611
215;656
216;632
217;611
218;628
219;616
220;606
221;624
222;629
223;647
224;628
225;564
226;561
227;629
228;566
229;564
230;577
231;571
232;546
233;550
234;549
235;532
236;555
237;557
238;549
239;534
240;553
241;507
242;506
243;527
244;537
245;508
246;506
247;511
248;505
249;494
250;488
251;480
252;522
253;489
254;475
255;487
256;512
257;478
258;534
259;475
260;427
261;488
262;480
263;438
264;485
265;427
266;436
267;477
268;453
269;487
270;461
271;451
272;429
273;427
274;437
275;428
276;415
277;434
278;429
279;426
280;405
281;430
282;394
283;407
284;471
285;413
286;407
287;447
288;362
289;425
290;409
291;379
292;422
293;372
294;384
295;379
296;387
297;410
298;372
299;389
300;381
301;387
302;344
303;355
304;398
305;369
306;372
307;390
308;364
309;365
310;345
311;338
312;337
313;356
314;341
315;355
316;334
317;355
318;326
319;366
320;342
321;339
322;316
323;360
324;336
325;304
326;312
327;301
328;328
329;338
330;330
331;342
332;313
333;316
334;289
335;314
336;300
337;284
338;277
339;293
340;292
341;309
342;312
343;320
344;284
345;319
346;309
347;300
348;303
349;304
350;287
351;316
352;296
353;266
354;276
355;246
356;284
357;285
358;291
359;248
360;260
361;269
362;318
363;273
364;267
365;276
366;266
367;275
368;289
369;251
370;300
371;260
372;252
373;254
374;271
375;259
376;231
377;243
378;247
379;257
380;237
381;232
382;260
383;258
384;240
385;254
386;251
387;244
388;222
389;240
390;230
391;246
392;274
393;274
394;244
395;236
396;260
397;240
398;238
399;245
400;233
401;244
402;227
403;243
404;219
405;241
406;208
407;232
408;245
409;204
410;248
411;215
412;245
413;222
414;223
415;247
416;231
417;239
418;225
419;213
420;187
421;220
422;214
423;216
424;216
425;221
426;229
427;204
428;193
429;210
430;197
431;212
432;178
433;223
434;187
435;211
436;197
437;203
438;207
439;215
440;213
441;213
442;187
443;193
444;182
445;217
446;196
447;180
448;188
449;193
450;201
451;205
452;184
453;212
454;213
455;179
456;182
457;208
458;202
459;168
460;160
461;179
462;173
463;156
464;193
465;163
466;207
467;171
468;187
469;193
470;183
471;162
472;170
473;170
474;166
475;176
476;151
477;177
478;185
479;192
480;188
481;178
482;191
483;165
484;186
485;174
486;180
487;179
488;159
489;140
490;156
491;175
492;164
493;145
494;166
495;154
496;159
497;152
498;150
499;171
500;167
501;156
502;161
503;145
504;175
505;167
506;167
507;151
508;148
509;173
510;159
511;149
512;155
513;149
514;139
515;153
516;170
517;141
518;168
519;166
520;157
521;170
522;152
523;165
524;154
525;150
526;154
527;138
528;128
529;169
530;142
531;135
532;139
533;155
534;146
535;141
536;177
537;137
538;156
539;159
540;138
541;143
542;135
543;139
544;161
545;149
546;156
547;154
548;155
549;137
550;157
551;134
552;132
553;144
554;117
555;139
556;159
557;124
558;126
559;130
560;137
561;133
562;142
563;134
564;114
565;125
566;130
567;134
568;152
569;139
570;124
571;131
572;140
573;133
574;140
575;133
576;139
577;139
578;132
579;122
580;105
581;111
582;111
583;131
584;109
585;129
586;126
587;141
588;113
589;121
590;143
591;135
592;130
593;130
594;126
595;112
596;116
597;142
598;121
599;113
600;117
601;103
602;123
603;124
604;122
605;136
606;125
607;112
608;128
609;118
610;126
611;125
612;107
613;112
614;128
615;116
616;117
617;126
618;100
619;121
620;117
621;113
622;96
623;121
624;123
625;119
626;102
627;93
628;121
629;102
630;110
631;92
632;111
633;109
634;119
635;111
636;101
637;105
638;112
639;112
640;108
641;100
642;100
643;132
644;118
645;117
646;96
647;104
648;116
649;120
650;102
651;104
652;92
653;121
654;109
655;109
656;96
657;106
658;82
659;103
660;102
661;84
662;100
663;106
664;99
665;107
666;103
667;101
668;91
669;103
670;91
671;113
672;98
673;99
674;92
675;119
676;76
677;102
678;104
679;105
680;93
681;109
682;88
683;106
684;88
685;98
686;97
687;90
688;92
689;83
690;100
691;96
692;95
693;93
694;112
695;101
696;112
697;98
698;94
699;111
700;82
701;98
702;98
703;94
704;96
705;110
706;96
707;99
708;105
709;88
710;109
711;110
712;86
713;97
714;88
715;89
716;83
717;101
718;77
719;88
720;100
721;93
722;105
723;83
724;78
725;106
726;91
727;97
728;94
729;88
730;79
731;93
732;87
733;98
734;76
735;92
736;85
737;78
738;86
739;95
740;95
741;87
742;83
743;74
744;67
745;107
746;77
747;99
748;82
749;83
750;103
751;91
752;92
753;78
754;115
755;94
756;96
757;56
758;70
759;88
760;82
761;85
762;83
763;70
764;81
765;79
766;82
767;92
768;97
769;77
770;70
771;77
772;85
773;78
774;93
775;76
776;67
777;94
778;88
779;82
780;78
781;75
782;68
783;93
784;86
785;76
786;79
787;72
788;77
789;85
790;77
791;68
792;83
793;77
794;68
795;71
796;71
797;78
798;68
799;89
800;73
801;88
802;70
803;57
804;70
805;69
806;78
807;72
808;71
809;73
810;67
811;64
812;79
813;73
814;68
815;73
816;68
817;83
818;83
819;82
820;79
821;75
822;76
823;80
824;81
825;68
826;81
827;60
828;73
829;80
830;78
831;80
832;80
833;69
834;62
835;74
836;93
837;88
838;65
839;62
840;69
841;58
842;81
843;76
844;71
845;75
846;73
847;57
848;69
849;71
850;70
851;56
852;66
853;72
854;65
855;72
856;72
857;71
858;70
859;76
860;68
861;93
862;51
863;69
864;55
865;80
866;64
867;68
868;66
869;59
870;72
871;84
872;81
873;65
874;72
875;64
876;72
877;61
878;54
879;62
880;80
881;65
882;52
883;60
884;57
885;68
886;64
887;61
888;66
889;60
890;62
891;57
892;63
893;62
894;71
895;64
896;59
897;63
898;71
899;54
900;67
901;53
902;52
903;59
904;66
905;42
906;66
907;68
908;67
909;54
910;53
911;55
912;61
913;44
914;61
915;69
916;66
917;75
918;63
919;54
920;63
921;66
922;55
923;51
924;62
925;50
926;50
927;61
928;70
929;66
930;55
931;47
932;64
933;71
934;57
935;52
936;54
937;70
938;69
939;70
940;59
941;62
942;44
943;56
944;53
945;58
946;71
947;78
948;62
949;62
950;65
951;52
952;53
953;52
954;50
955;50
956;38
957;48
958;64
959;82
960;45
961;59
962;50
963;49
964;53
965;55
966;52
967;56
968;48
969;42
970;52
971;48
972;53
973;57
974;53
975;54
976;52
977;71
978;45
979;35
980;56
981;45
982;47
983;50
984;51
985;51
986;44
987;58
988;54
989;62
990;55
991;41
992;56
993;45
994;46
995;47
996;53
997;46
998;46
999;47
1000;44
1001;52
1002;61
1003;60
1004;56
1005;53
1006;42
1007;57
1008;40
1009;43
1010;46
1011;40
1012;51
1013;59
1014;39
1015;62
1016;50
1017;51
1018;42
1019;51
1020;45
1021;48
1022;48
1023;55
1024;48
1025;48
1026;61
1027;51
1028;49
1029;58
1030;43
1031;42
1032;50
1033;40
1034;50
1035;55
1036;49
1037;58
1038;50
1039;47
1040;48
1041;43
1042;36
1043;43
1044;46
1045;51
1046;55
1047;49
1048;40
1049;40
1050;37
1051;41
1052;55
1053;45
1054;44
1055;52
1056;43
1057;40
1058;53
1059;31
1060;50
1061;43
1062;50
1063;40
1064;39
1065;50
1066;43
1067;54
1068;43
1069;39
1070;45
1071;46
1072;55
1073;53
1074;53
1075;45
1076;51
1077;43
1078;56
1079;46
1080;38
1081;41
1082;43
1083;63
1084;45
1085;44
1086;37
1087;41
1088;39
1089;51
1090;38
1091;41
1092;37
1093;52
1094;36
1095;40
1096;46
1097;46
1098;40
1099;47
1100;50
1101;47
1102;46
1103;44
1104;45
1105;37
1106;34
1107;34
1108;36
1109;45
1110;39
1111;47
1112;34
1113;37
1114;49
1115;41
1116;39
1117;39
1118;45
1119;38
1120;38
1121;43
1122;36
1123;42
1124;44
1125;40
1126;44
1127;45
1128;43
1129;54
1130;34
1131;43
1132;38
1133;38
1134;51
1135;40
1136;32
1137;31
1138;42
1139;39
1140;44
1141;35
1142;32
1143;32
1144;42
1145;44
1146;44
1147;36
1148;36
1149;51
1150;39
1151;33
1152;40
1153;43
1154;20
1155;37
1156;51
1157;39
1158;41
1159;43
1160;55
1161;33
1162;40
1163;39
1164;37
1165;34
1166;44
1167;35
1168;34
1169;34
1170;41
1171;34
1172;39
1173;31
1174;33
1175;38
1176;40
1177;35
1178;42
1179;36
1180;36
1181;36
1182;34
1183;38
1184;44
1185;39
1186;33
1187;38
1188;40
1189;27
1190;30
1191;37
1192;33
1193;40
1194;35
1195;49
1196;35
1197;37
1198;46
1199;38
1200;32
1201;20
1202;31
1203;32
1204;28
1205;33
1206;39
1207;31
1208;31
1209;28
1210;24
1211;34
1212;41
1213;28
1214;33
1215;36
1216;35
1217;28
1218;40
1219;38
1220;16
1221;36
1222;37
1223;34
1224;27
1225;40
1226;32
1227;35
1228;25
1229;38
1230;34
1231;27
1232;35
1233;21
1234;30
1235;29
1236;25
1237;29
1238;25
1239;30
1240;29
1241;34
1242;33
1243;21
1244;39
1245;25
1246;28
1247;35
1248;44
1249;29
1250;31
1251;25
1252;32
1253;34
1254;24
1255;19
1256;27
1257;29
1258;31
1259;34
1260;26
1261;30
1262;27
1263;25
1264;23
1265;28
1266;33
1267;26
1268;25
1269;30
1270;24
1271;29
1272;32
1273;30
1274;17
1275;26
1276;27
1277;24
1278;31
1279;33
1280;20
1281;24
1282;33
1283;32
1284;24
1285;25
1286;24
1287;23
1288;26
1289;36
1290;28
1291;25
1292;28
1293;25
1294;25
1295;22
1296;29
1297;21
1298;25
1299;25
1300;23
1301;19
1302;26
1303;23
1304;23
1305;18
1306;25
1307;20
1308;16
1309;20
1310;28
1311;28
1312;31
1313;33
1314;29
1315;33
1316;24
1317;17
1318;30
1319;19
1320;18
1321;14
1322;28
1323;24
1324;24
1325;26
1326;30
1327;27
1328;27
1329;22
1330;24
1331;19
1332;28
1333;19
1334;17
1335;23
1336;17
1337;25
1338;19
1339;18
1340;15
1341;19
1342;25
1343;33
1344;20
1345;21
1346;25
1347;17
1348;32
1349;24
1350;14
1351;24
1352;33
1353;20
1354;18
1355;15
1356;25
1357;28
1358;25
1359;19
1360;27
1361;23
1362;24
1363;32
1364;17
1365;21
1366;15
1367;21
1368;19
1369;20
1370;19
1371;22
1372;23
1373;28
1374;32
1375;18
1376;18
1377;15
1378;11
1379;13
1380;18
1381;21
1382;18
1383;27
1384;18
1385;29
1386;17
1387;27
1388;18
1389;17
1390;16
1391;14
1392;27
1393;23
1394;15
1395;17
1396;12
1397;15
1398;14
1399;18
1400;18
1401;24
1402;12
1403;17
1404;25
1405;16
1406;19
1407;31
1408;13
1409;19
1410;21
1411;28
1412;15
1413;16
1414;13
1415;16
1416;15
1417;19
1418;21
1419;15
1420;26
1421;19
1422;19
1423;18
1424;17
1425;16
1426;17
1427;21
1428;18
1429;16
1430;13
1431;12
1432;24
1433;25
1434;6
1435;16
1436;16
1437;18
1438;18
1439;21
1440;14
1441;12
1442;23
1443;7
1444;10
1445;14
1446;18
1447;26
1448;10
1449;10
1450;11
1451;17
1452;11
1453;9
1454;16
1455;11
1456;13
1457;13
1458;25
1459;11
1460;13
1461;10
1462;8
1463;12
1464;13
1465;17
1466;11
1467;16
1468;10
1469;6
1470;7
1471;11
1472;9
1473;12
1474;12
1475;16
1476;11
1477;10
1478;14
1479;15
1480;16
1481;15
1482;11
1483;9
1484;13
1485;16
1486;10
1487;20
1488;15
1489;9
1490;21
1491;11
1492;13
1493;9
1494;9
1495;8
1496;10
1497;14
1498;11
1499;5
1500;8
1501;15
1502;8
1503;10
1504;13
1505;15
1506;12
1507;11
1508;6
1509;12
1510;17
1511;11
1512;15
1513;14
1514;15
1515;12
1516;16
1517;11
1518;7
1519;9
1520;12
1521;12
1522;7
1523;9
1524;11
1525;8
1526;13
1527;8
1528;11
1529;10
1530;7
1531;17
1532;6
1533;12
1534;19
1535;11
1536;13
1537;11
1538;8
1539;6
1540;10
1541;10
1542;9
1543;9
1544;10
1545;11
1546;9
1547;11
1548;8
1549;10
1550;8
1551;12
1552;10
1553;15
1554;10
1555;8
1556;20
1557;15
1558;7
1559;11
1560;15
1561;10
1562;7
1563;7
1564;5
1565;15
1566;6
1567;4
1568;8
1569;12
1570;9
1571;16
1572;11
1573;11
1574;9
1575;5
1576;5
1577;9
1578;6
1579;8
1580;8
1581;10
1582;11
1583;8
1584;6
1585;5
1586;3
1587;5
1588;6
1589;6
1590;12
1591;6
1592;9
1593;7
1594;5
1595;11
1596;5
1597;2
1598;7
1599;6
1600;9
1601;5
1602;6
1603;6
1604;11
1605;12
1606;7
1607;3
1608;8
1609;2
1610;3
1611;8
1612;3
1613;7
1614;9
1615;3
1616;7
1617;5
1618;9
1619;6
1620;8
1621;4
1622;11
1623;9
1624;4
1625;10
1626;7
1627;1
1628;7
1629;8
1630;3
1631;3
1632;9
1633;6
1634;8
1635;9
1636;6
1637;6
1638;4
1639;9
1640;3
1641;4
1642;4
1643;7
1644;3
1645;4
1646;5
1647;5
1648;4
1649;7
1650;5
1651;5
1652;4
1653;5
1654;9
1655;7
1656;5
1657;5
1658;4
1659;3
1660;5
1661;5
1662;7
1663;5
1664;5
1665;6
1666;7
1667;4
1668;6
1669;6
1670;2
1671;7
1672;3
1673;6
1674;4
1675;5
1676;2
1677;0
1678;4
1679;3
1680;1
1681;5
1682;6
1683;5
1684;3
1685;3
1686;4
1687;2
1688;5
1689;3
1690;3
1691;4
1692;4
1693;2
1694;1
1695;1
1696;2
1697;1
1698;3
1699;4
1700;3
1701;1
1702;6
1703;1
1704;8
1705;4
1706;5
1707;3
1708;3
1709;8
1710;5
1711;2
1712;1
1713;5
1714;1
1715;3
1716;2
1717;2
1718;0
1719;3
1720;5
1721;0
1722;6
1723;2
1724;3
1725;0
1726;2
1727;0
1728;0
1729;3
1730;3
1731;2
1732;5
1733;2
1734;2
1735;3
1736;1
1737;1
1738;1
1739;0
1740;2
1741;3
1742;2
1743;4
1744;2
1745;1
1746;2
1747;3
1748;3
1749;1
1750;4
1751;2
1752;3
1753;1
1754;7
1755;3
1756;0
1757;0
1758;4
1759;0
1760;1
1761;1
1762;1
1763;4
1764;4
1765;1
1766;1
1767;0
1768;0
1769;0
1770;1
1771;2
1772;4
1773;0
1774;6
1775;1
1776;1
1777;1
1778;3
1779;2
1780;2
1781;1
1782;0
1783;0
1784;1
1785;0
1786;2
1787;1
1788;3
1789;2
1790;1
1791;1
1792;0
1793;2
1794;2
1795;3
1796;0
1797;0
1798;1
1799;0
1800;1
1801;0
1802;0
1803;2
1804;0
1805;0
1806;2
1807;0
1808;2
1809;1
1810;3
1811;0
1812;1
1813;0
1814;2
1815;3
1816;2
1817;0
1818;0
1819;1
1820;0
1821;1
1822;1
1823;0
1824;0
1825;0
1826;0
1827;0
1828;1
1829;1
1830;1
1831;2
1832;2
1833;0
1834;1
1835;0
1836;1
1837;1
1838;2
1839;2
1840;0
1841;0
1842;0
1843;0
1844;2
1845;0
1846;0
1847;1
1848;2
1849;0
1850;0
1851;1
1852;0
1853;0
1854;0
1855;0
1856;1
1857;1
1858;1
1859;1
1860;0
1861;1
1862;1
1863;0
1864;1
1865;1
1866;1
1867;0
1868;0
1869;1
1870;1
1871;0
1872;0
1873;0
1874;1
1875;0
1876;1
1877;0
1878;0
1879;1
1880;0
1881;0
1882;0
1883;2
1884;0
1885;0
1886;2
1887;1
1888;0
1889;1
1890;1
1891;1
1892;0
1893;0
1894;0
1895;2
1896;1
1897;1
1898;0
1899;0
1900;1
1901;0
1902;0
1903;0
1904;0
1905;0
1906;0
1907;0
1908;0
1909;2
1910;0
1911;1
1912;1
1913;0
1914;0
1915;0
1916;0
1917;0
1918;1
1919;0
1920;0
1921;0
1922;0
1923;0
1924;0
1925;1
1926;1
1927;2
1928;0
1929;0
1930;0
1931;0
1932;0
1933;0
1934;0
1935;0
1936;0
1937;0
1938;0
1939;0
1940;0
1941;0
1942;0
1943;0
1944;0
1945;0
1946;0
1947;0
1948;0
1949;1
1950;0
1951;0
1952;0
1953;0
1954;0
1955;0
1956;0
1957;0
1958;0
1959;0
1960;0
1961;0
1962;0
1963;1
1964;0
1965;0
1966;0
1967;0
1968;0
1969;0
1970;0
1971;0
1972;0
1973;1
1974;0
1975;0
1976;0
1977;1
1978;0
1979;0
1980;0
1981;0
1982;0
1983;0
1984;0
1985;0
1986;0
1987;0
1988;0
1989;0
1990;0
1991;0
1992;0
1993;0
1994;0
1995;0
1996;0
1997;0
1998;0
1999;0
2000;0
2001;0
2002;0
2003;0
2004;0
2005;0
2006;0
2007;0
2008;1
2009;0
2010;0
2011;0
2012;0
2013;0
2014;0
2015;0
2016;0
2017;0
2018;0
2019;0
2020;0
2021;0
2022;0
2023;0
2024;0
2025;0
2026;0
2027;0
2028;0
2029;0
2030;0
2031;0
2032;0
2033;0
2034;0
2035;0
2036;0
2037;0
2038;0
2039;0
2040;0
2041;0
2042;0
2043;0
2044;0
2045;0
2046;0
2047;0
2048;0
2049;0
2050;0
2051;0
2052;0
2053;0
2054;0
2055;0
2056;0
2057;0
2058;0
2059;0
2060;0
2061;0
2062;0
2063;0
2064;0
2065;0
2066;0
2067;0
2068;0
2069;0
2070;0
2071;0
2072;0
2073;0
2074;0
2075;0
2076;0
2077;0
2078;0
2079;0
2080;0
2081;0
2082;0
2083;0
2084;0
2085;0
2086;0
2087;0
2088;0
2089;0
2090;0
2091;0
2092;0
2093;0
2094;0
2095;0
2096;0
2097;0
2098;0
2099;0
2100;0
2101;0
2102;0
2103;0
2104;0
2105;0
2106;0
2107;0
2108;0
2109;0
2110;0
2111;0
2112;0
2113;0
2114;0
2115;0
2116;0
2117;0
2118;0
2119;0
2120;0
2121;0
2122;0
2123;0
2124;0
2125;0
2126;0
2127;0
2128;0
2129;0
2130;0
2131;0
2132;0
2133;0
2134;0
2135;0
2136;0
2137;0
2138;0
2139;0
2140;0
2141;0
2142;0
2143;0
2144;0
2145;0
2146;0
2147;0
2148;0
2149;0
2150;0
2151;0
2152;0
2153;0
2154;0
2155;0
2156;0
2157;0
2158;0
2159;0
2160;0
2161;0
2162;0
2163;0
2164;0
2165;0
2166;0
2167;0
2168;0
2169;0
2170;0
2171;0
2172;0
2173;0
2174;0
2175;0
2176;0
2177;0
2178;0
2179;0
2180;0
2181;0
2182;0
2183;0
2184;0
2185;0
2186;0
2187;0
2188;0
2189;0
2190;0
2191;0
2192;0
2193;0
2194;0
2195;0
2196;0
2197;0
2198;0
2199;0
2200;0
2201;0
2202;0
2203;0
2204;0
2205;0
2206;0
2207;0
2208;0
2209;0
2210;0
2211;0
2212;0
2213;0
2214;0
2215;0
2216;0
2217;0
2218;0
2219;0
2220;0
2221;0
2222;0
2223;0
2224;0
2225;0
2226;0
2227;0
2228;0
2229;0
2230;0
2231;0
2232;0
2233;0
2234;0
2235;0
2236;0
2237;0
2238;0
2239;0
2240;0
2241;0
2242;0
2243;0
2244;0
2245;0
2246;0
2247;0
2248;0
2249;0
2250;0
2251;0
2252;0
2253;0
2254;0
2255;0
2256;0
2257;0
2258;0
2259;0
2260;0
2261;0
2262;0
2263;0
2264;0
2265;0
2266;0
2267;0
2268;0
2269;0
2270;0
2271;0
2272;0
2273;0
2274;0
2275;0
2276;0
2277;0
2278;0
2279;0
2280;0
2281;0
2282;0
2283;0
2284;0
2285;0
2286;0
2287;0
2288;0
2289;0
2290;0
2291;0
2292;0
2293;0
2294;0
2295;0
2296;0
2297;0
2298;0
2299;0
2300;0
2301;0
2302;0
2303;0
2304;0
2305;0
2306;0
2307;0
2308;0
2309;0
2310;0
2311;0
2312;0
2313;0
2314;0
2315;0
2316;0
2317;0
2318;0
2319;0
2320;0
2321;0
2322;0
2323;0
2324;0
2325;0
2326;0
2327;0
2328;0
2329;0
2330;0
2331;0
2332;0
2333;0
2334;0
2335;0
2336;0
2337;0
2338;0
2339;0
2340;0
2341;0
2342;0
2343;0
2344;0
2345;0
2346;0
2347;0
2348;0
2349;0
2350;0
2351;0
2352;0
2353;0
2354;0
2355;0
2356;0
2357;0
2358;0
2359;0
2360;0
2361;0
2362;0
2363;0
2364;0
2365;0
2366;0
2367;0
2368;0
2369;0
2370;0
2371;0
2372;0
2373;0
2374;0
2375;0
2376;0
2377;0
2378;0
2379;0
2380;0
2381;0
2382;0
2383;0
2384;0
2385;0
2386;0
2387;0
2388;0
2389;0
2390;0
2391;0
2392;0
2393;0
2394;0
2395;0
2396;0
2397;0
2398;0
2399;0
2400;0
2401;0
2402;0
2403;0
2404;0
2405;0
2406;0
2407;0
2408;0
2409;0
2410;0
2411;0
2412;0
2413;0
2414;0
2415;0
2416;0
2417;0
2418;0
2419;0
2420;0
2421;0
2422;0
2423;0
2424;0
2425;0
2426;0
2427;0
2428;0
2429;0
2430;0
2431;0
2432;0
2433;0
2434;0
2435;0
2436;0
2437;0
2438;0
2439;0
2440;0
2441;0
2442;0
2443;0
2444;0
2445;0
2446;0
2447;0
2448;0
2449;0
2450;0
2451;0
2452;0
2453;0
2454;0
2455;0
2456;0
2457;0
2458;0
2459;0
2460;0
2461;0
2462;0
2463;0
2464;0
2465;0
2466;0
2467;0
2468;0
2469;0
2470;0
2471;0
2472;0
2473;0
2474;0
2475;0
2476;0
2477;0
2478;0
2479;0
2480;0
2481;0
2482;0
2483;0
2484;0
2485;0
2486;0
2487;0
2488;0
2489;0
2490;0
2491;0
2492;0
2493;0
2494;0
2495;0
2496;0
2497;0
2498;0
2499;0
2500;0
2501;0
2502;0
2503;0
2504;0
2505;0
2506;0
2507;0
2508;0
2509;0
2510;0
2511;0
2512;0
2513;0
2514;0
2515;0
2516;0
2517;0
2518;0
2519;0
2520;0
2521;0
2522;0
2523;0
2524;0
2525;0
2526;0
2527;0
2528;0
2529;0
2530;0
2531;0
2532;0
2533;0
2534;0
2535;0
2536;0
2537;0
2538;0
2539;0
2540;0
2541;0
2542;0
2543;0
2544;0
2545;0
2546;0
2547;0
2548;0
2549;0
2550;0
2551;0
2552;0
2553;0
2554;0
2555;0
2556;0
2557;0
2558;0
2559;0
2560;0
2561;0
2562;0
2563;0
2564;0
2565;0
2566;0
2567;0
2568;0
2569;0
2570;0
2571;0
2572;0
2573;0
2574;0
2575;0
2576;0
2577;0
2578;0
2579;0
2580;0
2581;0
2582;0
2583;0
2584;0
2585;0
2586;0
2587;0
2588;0
2589;0
2590;0
2591;0
2592;0
2593;0
2594;0
2595;0
2596;0
2597;0
2598;0
2599;0
2600;0
2601;0
2602;0
2603;0
2604;0
2605;0
2606;0
2607;0
2608;0
2609;0
2610;0
2611;0
2612;0
2613;0
2614;0
2615;0
2616;0
2617;0
2618;0
2619;0
2620;0
2621;0
2622;0
2623;0
2624;0
2625;0
2626;0
2627;0
2628;0
2629;0
2630;0
2631;0
2632;0
2633;0
2634;0
2635;0
2636;0
2637;0
2638;0
2639;0
2640;0
2641;0
2642;0
2643;0
2644;0
2645;0
2646;0
2647;0
2648;0
2649;0
2650;0
2651;0
2652;0
2653;0
2654;0
2655;0
2656;0
2657;0
2658;0
2659;0
2660;0
2661;0
2662;0
2663;0
2664;0
2665;0
2666;0
2667;0
2668;0
2669;0
2670;0
2671;0
2672;0
2673;0
2674;0
2675;0
2676;0
2677;0
2678;0
2679;0
2680;0
2681;0
2682;0
2683;0
2684;0
2685;0
2686;0
2687;0
2688;0
2689;0
2690;0
2691;0
2692;0
2693;0
2694;0
2695;0
2696;0
2697;0
2698;0
2699;0
2700;0
2701;0
2702;0
2703;0
2704;0
2705;0
2706;0
2707;0
2708;0
2709;0
2710;0
2711;0
2712;0
2713;0
2714;0
2715;0
2716;0
2717;0
2718;0
2719;0
2720;0
2721;0
2722;0
2723;0
2724;0
2725;0
2726;0
2727;0
2728;0
2729;0
2730;0
2731;0
2732;0
2733;0
2734;0
2735;0
2736;0
2737;0
2738;0
2739;0
2740;0
2741;0
2742;0
2743;0
2744;0
2745;0
2746;0
2747;0
2748;0
2749;0
2750;0
2751;0
2752;0
2753;0
2754;0
2755;0
2756;0
2757;0
2758;0
2759;0
2760;0
2761;0
2762;0
2763;0
2764;0
2765;0
2766;0
2767;0
2768;0
2769;0
2770;0
2771;0
2772;0
2773;0
2774;0
2775;0
2776;0
2777;0
2778;0
2779;0
2780;0
2781;0
2782;0
2783;0
2784;0
2785;0
2786;0
2787;0
2788;0
2789;0
2790;0
2791;0
2792;0
2793;0
2794;0
2795;0
2796;0
2797;0
2798;0
2799;0
2800;0
2801;0
2802;0
2803;0
2804;0
2805;0
2806;0
2807;0
2808;0
2809;0
2810;0
2811;0
2812;0
2813;0
2814;0
2815;0
2816;0
2817;0
2818;0
2819;0
2820;0
2821;0
2822;0
2823;0
2824;0
2825;0
2826;0
2827;0
2828;0
2829;0
2830;0
2831;0
2832;0
2833;0
2834;0
2835;0
2836;0
2837;0
2838;0
2839;0
2840;0
2841;0
2842;0
2843;0
2844;0
2845;0
2846;0
2847;0
2848;0
2849;0
2850;0
2851;0
2852;0
2853;0
2854;0
2855;0
2856;0
2857;0
2858;0
2859;0
2860;0
2861;0
2862;0
2863;0
2864;0
2865;0
2866;0
2867;0
2868;0
2869;0
2870;0
2871;0
2872;0
2873;0
2874;0
2875;0
2876;0
2877;0
2878;0
2879;0
2880;0
2881;0
2882;0
2883;0
2884;0
2885;0
2886;0
2887;0
2888;0
2889;0
2890;0
2891;0
2892;0
2893;0
2894;0
2895;0
2896;0
2897;0
2898;0
2899;0
2900;0
2901;0
2902;0
2903;0
2904;0
2905;0
2906;0
2907;0
2908;0
2909;0
2910;0
2911;0
2912;0
2913;0
2914;0
2915;0
2916;0
2917;0
2918;0
2919;0
2920;0
2921;0
2922;0
2923;0
2924;0
2925;0
2926;0
2927;0
2928;0
2929;0
2930;0
2931;0
2932;0
2933;0
2934;0
2935;0
2936;0
2937;0
2938;0
2939;0
2940;0
2941;0
2942;0
2943;0
2944;0
2945;0
2946;0
2947;0
2948;0
2949;0
2950;0
2951;0
2952;0
2953;0
2954;0
2955;0
2956;0
2957;0
2958;0
2959;0
2960;0
2961;0
2962;0
2963;0
2964;0
2965;0
2966;0
2967;0
2968;0
2969;0
2970;0
2971;0
2972;0
2973;0
2974;0
2975;0
2976;0
2977;0
2978;0
2979;0
2980;0
2981;0
2982;0
2983;0
2984;0
2985;0
2986;0
2987;0
2988;0
2989;0
2990;0
2991;0
2992;0
2993;0
2994;0
2995;0
2996;0
2997;0
2998;0
2999;0
3000;0
3001;0
3002;0
3003;0
3004;0
3005;0
3006;0
3007;0
3008;0
3009;0
3010;0
3011;0
3012;0
3013;0
3014;0
3015;0
3016;0
3017;0
3018;0
3019;0
3020;0
3021;0
3022;0
3023;0
3024;0
3025;0
3026;0
3027;0
3028;0
3029;0
3030;0
3031;0
3032;0
3033;0
3034;0
3035;0
3036;0
3037;0
3038;0
3039;0
3040;0
3041;0
3042;0
3043;0
3044;0
3045;0
3046;0
3047;0
3048;0
3049;0
3050;0
3051;0
3052;0
3053;0
3054;0
3055;0
3056;0
3057;0
3058;0
3059;0
3060;0
3061;0
3062;0
3063;0
3064;0
3065;0
3066;0
3067;0
3068;0
3069;0
3070;0
3071;0
3072;0
3073;0
3074;0
3075;0
3076;0
3077;0
3078;0
3079;0
3080;0
3081;0
3082;0
3083;0
3084;0
3085;0
3086;0
3087;0
3088;0
3089;0
3090;0
3091;0
3092;0
3093;0
3094;0
3095;0
3096;0
3097;0
3098;0
3099;0
3100;0
3101;0
3102;0
3103;0
3104;0
3105;0
3106;0
3107;0
3108;0
3109;0
3110;0
3111;0
3112;0
3113;0
3114;0
3115;0
3116;0
3117;0
3118;0
3119;0
3120;0
3121;0
3122;0
3123;0
3124;0
3125;0
3126;0
3127;0
3128;0
3129;0
3130;0
3131;0
3132;0
3133;0
3134;0
3135;0
3136;0
3137;0
3138;0
3139;0
3140;0
3141;0
3142;0
3143;0
3144;0
3145;0
3146;0
3147;0
3148;0
3149;0
3150;0
3151;0
3152;0
3153;0
3154;0
3155;0
3156;0
3157;0
3158;0
3159;0
3160;0
3161;0
3162;0
3163;0
3164;0
3165;0
3166;0
3167;0
3168;0
3169;0
3170;0
3171;0
3172;0
3173;0
3174;0
3175;0
3176;0
3177;0
3178;0
3179;0
3180;0
3181;0
3182;0
3183;0
3184;0
3185;0
3186;0
3187;0
3188;0
3189;0
3190;0
3191;0
3192;0
3193;0
3194;0
3195;0
3196;0
3197;0
3198;0
3199;0
3200;0
3201;0
3202;0
3203;0
3204;0
3205;0
3206;0
3207;0
3208;0
3209;0
3210;0
3211;0
3212;0
3213;0
3214;0
3215;0
3216;0
3217;0
3218;0
3219;0
3220;0
3221;0
3222;0
3223;0
3224;0
3225;0
3226;0
3227;0
3228;0
3229;0
3230;0
3231;0
3232;0
3233;0
3234;0
3235;0
3236;0
3237;0
3238;0
3239;0
3240;0
3241;0
3242;0
3243;0
3244;0
3245;0
3246;0
3247;0
3248;0
3249;0
3250;0
3251;0
3252;0
3253;0
3254;0
3255;0
3256;0
3257;0
3258;0
3259;0
3260;0
3261;0
3262;0
3263;0
3264;0
3265;0
3266;0
3267;0
3268;0
3269;0
3270;0
3271;0
3272;0
3273;0
3274;0
3275;0
3276;0
3277;0
3278;0
3279;0
3280;0
3281;0
3282;0
3283;0
3284;0
3285;0
3286;0
3287;0
3288;0
3289;0
3290;0
3291;0
3292;0
3293;0
3294;0
3295;0
3296;0
3297;0
3298;0
3299;0
3300;0
3301;0
3302;0
3303;0
3304;0
3305;0
3306;0
3307;0
3308;0
3309;0
3310;0
3311;0
3312;0
3313;0
3314;0
3315;0
3316;0
3317;0
3318;0
3319;0
3320;0
3321;0
3322;0
3323;0
3324;0
3325;0
3326;0
3327;0
3328;0
3329;0
3330;0
3331;0
3332;0
3333;0
3334;0
3335;0
3336;0
3337;0
3338;0
3339;0
3340;0
3341;0
3342;0
3343;0
3344;0
3345;0
3346;0
3347;0
3348;0
3349;0
3350;0
3351;0
3352;0
3353;0
3354;0
3355;0
3356;0
3357;0
3358;0
3359;0
3360;0
3361;0
3362;0
3363;0
3364;0
3365;0
3366;0
3367;0
3368;0
3369;0
3370;0
3371;0
3372;0
3373;0
3374;0
3375;0
3376;0
3377;0
3378;0
3379;0
3380;0
3381;0
3382;0
3383;0
3384;0
3385;0
3386;0
3387;0
3388;0
3389;0
3390;0
3391;0
3392;0
3393;0
3394;0
3395;0
3396;0
3397;0
3398;0
3399;0
3400;0
3401;0
3402;0
3403;0
3404;0
3405;0
3406;0
3407;0
3408;0
3409;0
3410;0
3411;0
3412;0
3413;0
3414;0
3415;0
3416;0
3417;0
3418;0
3419;0
3420;0
3421;0
3422;0
3423;0
3424;0
3425;0
3426;0
3427;0
3428;0
3429;0
3430;0
3431;0
3432;0
3433;0
3434;0
3435;0
3436;0
3437;0
3438;0
3439;0
3440;0
3441;0
3442;0
3443;0
3444;0
3445;0
3446;0
3447;0
3448;0
3449;0
3450;0
3451;0
3452;0
3453;0
3454;0
3455;0
3456;0
3457;0
3458;0
3459;0
3460;0
3461;0
3462;0
3463;0
3464;0
3465;0
3466;0
3467;0
3468;0
3469;0
3470;0
3471;0
3472;0
3473;0
3474;0
3475;0
3476;0
3477;0
3478;0
3479;0
3480;0
3481;0
3482;0
3483;0
3484;0
3485;0
3486;0
3487;0
3488;0
3489;0
3490;0
3491;0
3492;0
3493;0
3494;0
3495;0
3496;0
3497;0
3498;0
3499;0
3500;0
3501;0
3502;0
3503;0
3504;0
3505;0
3506;0
3507;0
3508;0
3509;0
3510;0
3511;0
3512;0
3513;0
3514;0
3515;0
3516;0
3517;0
3518;0
3519;0
3520;0
3521;0
3522;0
3523;0
3524;0
3525;0
3526;0
3527;0
3528;0
3529;0
3530;0
3531;0
3532;0
3533;0
3534;0
3535;0
3536;0
3537;0
3538;0
3539;0
3540;0
3541;0
3542;0
3543;0
3544;0
3545;0
3546;0
3547;0
3548;0
3549;0
3550;0
3551;0
3552;0
3553;0
3554;0
3555;0
3556;0
3557;0
3558;0
3559;0
3560;0
3561;0
3562;0
3563;0
3564;0
3565;0
3566;0
3567;0
3568;0
3569;0
3570;0
3571;0
3572;0
3573;0
3574;0
3575;0
3576;0
3577;0
3578;0
3579;0
3580;0
3581;0
3582;0
3583;0
3584;0
3585;0
3586;0
3587;0
3588;0
3589;0
3590;0
3591;0
3592;0
3593;0
3594;0
3595;0
3596;0
3597;0
3598;0
3599;0
3600;0
3601;0
3602;0
3603;0
3604;0
3605;0
3606;0
3607;0
3608;0
3609;0
3610;0
3611;0
3612;0
3613;0
3614;0
3615;0
3616;0
3617;0
3618;0
3619;0
3620;0
3621;0
3622;0
3623;0
3624;0
3625;0
3626;0
3627;0
3628;0
3629;0
3630;0
3631;0
3632;0
3633;0
3634;0
3635;0
3636;0
3637;0
3638;0
3639;0
3640;0
3641;0
3642;0
3643;0
3644;0
3645;0
3646;0
3647;0
3648;0
3649;0
3650;0
3651;0
3652;0
3653;0
3654;0
3655;0
3656;0
3657;0
3658;0
3659;0
3660;0
3661;0
3662;0
3663;0
3664;0
3665;0
3666;0
3667;0
3668;0
3669;0
3670;0
3671;0
3672;0
3673;0
3674;0
3675;0
3676;0
3677;0
3678;0
3679;0
3680;0
3681;0
3682;0
3683;0
3684;0
3685;0
3686;0
3687;0
3688;0
3689;0
3690;0
3691;0
3692;0
3693;0
3694;0
3695;0
3696;0
3697;0
3698;0
3699;0
3700;0
3701;0
3702;0
3703;0
3704;0
3705;0
3706;0
3707;0
3708;0
3709;0
3710;0
3711;0
3712;0
3713;0
3714;0
3715;0
3716;0
3717;0
3718;0
3719;0
3720;0
3721;0
3722;0
3723;0
3724;0
3725;0
3726;0
3727;0
3728;0
3729;0
3730;0
3731;0
3732;0
3733;0
3734;0
3735;0
3736;0
3737;0
3738;0
3739;0
3740;0
3741;0
3742;0
3743;0
3744;0
3745;0
3746;0
3747;0
3748;0
3749;0
3750;0
3751;0
3752;0
3753;0
3754;0
3755;0
3756;0
3757;0
3758;0
3759;0
3760;0
3761;0
3762;0
3763;0
3764;0
3765;0
3766;0
3767;0
3768;0
3769;0
3770;0
3771;0
3772;0
3773;0
3774;0
3775;0
3776;0
3777;0
3778;0
3779;0
3780;0
3781;0
3782;0
3783;0
3784;0
3785;0
3786;0
3787;0
3788;0
3789;0
3790;0
3791;0
3792;0
3793;0
3794;0
3795;0
3796;0
3797;0
3798;0
3799;0
3800;0
3801;0
3802;0
3803;0
3804;0
3805;0
3806;0
3807;0
3808;0
3809;0
3810;0
3811;0
3812;0
3813;0
3814;0
3815;0
3816;0
3817;0
3818;0
3819;0
3820;0
3821;0
3822;0
3823;0
3824;0
3825;0
3826;0
3827;0
3828;0
3829;0
3830;0
3831;0
3832;0
3833;0
3834;0
3835;0
3836;0
3837;0
3838;0
3839;0
3840;0
3841;0
3842;0
3843;0
3844;0
3845;0
3846;0
3847;0
3848;0
3849;0
3850;0
3851;0
3852;0
3853;0
3854;0
3855;0
3856;0
3857;0
3858;0
3859;0
3860;0
3861;0
3862;0
3863;0
3864;0
3865;0
3866;0
3867;0
3868;0
3869;0
3870;0
3871;0
3872;0
3873;0
3874;0
3875;0
3876;0
3877;0
3878;0
3879;0
3880;0
3881;0
3882;0
3883;0
3884;0
3885;0
3886;0
3887;0
3888;0
3889;0
3890;0
3891;0
3892;0
3893;0
3894;0
3895;0
3896;0
3897;0
3898;0
3899;0
3900;0
3901;0
3902;0
3903;0
3904;0
3905;0
3906;0
3907;0
3908;0
3909;0
3910;0
3911;0
3912;0
3913;0
3914;0
3915;0
3916;0
3917;0
3918;0
3919;0
3920;0
3921;0
3922;0
3923;0
3924;0
3925;0
3926;0
3927;0
3928;0
3929;0
3930;0
3931;0
3932;0
3933;0
3934;0
3935;0
3936;0
3937;0
3938;0
3939;0
3940;0
3941;0
3942;0
3943;0
3944;0
3945;0
3946;0
3947;0
3948;0
3949;0
3950;0
3951;0
3952;0
3953;0
3954;0
3955;0
3956;0
3957;0
3958;0
3959;0
3960;0
3961;0
3962;0
3963;0
3964;0
3965;0
3966;0
3967;0
3968;0
3969;0
3970;0
3971;0
3972;0
3973;0
3974;0
3975;0
3976;0
3977;0
3978;0
3979;0
3980;0
3981;0
3982;0
3983;0
3984;0
3985;0
3986;0
3987;0
3988;0
3989;0
3990;0
3991;0
3992;0
3993;0
3994;0
3995;0
3996;0
3997;0
3998;0
3999;0
4000;0
4001;0
4002;0
4003;0
4004;0
4005;0
4006;0
4007;0
4008;0
4009;0
4010;0
4011;0
4012;0
4013;0
4014;0
4015;0
4016;0
4017;0
4018;0
4019;0
4020;0
4021;0
4022;0
4023;0
4024;0
4025;0
4026;0
4027;0
4028;0
4029;0
4030;0
4031;0
4032;0
4033;0
4034;0
4035;0
4036;0
4037;0
4038;0
4039;0
4040;0
4041;0
4042;0
4043;0
4044;0
4045;0
4046;0
4047;0
4048;0
4049;0
4050;0
4051;0
4052;0
4053;0
4054;0
4055;0
4056;0
4057;0
4058;0
4059;0
4060;0
4061;0
4062;0
4063;0
4064;0
4065;0
4066;0
4067;0
4068;0
4069;0
4070;0
4071;0
4072;0
4073;0
4074;0
4075;0
4076;0
4077;0
4078;0
4079;0
4080;0
4081;0
4082;0
4083;0
4084;0
4085;0
4086;0
4087;0
4088;0
4089;0
4090;0
4091;0
4092;0
4093;0
4094;0
4095;0
4096;0
