L 64,p 0.590800,Z 100000
/* Tamanio de cluster; Ocurrencias de cada tamaño de cluster */
1;7409806
2;1597337
3;955147
4;624443
5;434138
6;319943
7;247342
8;196679
9;160499
10;134835
11;114721
12;98578
13;85835
14;75192
15;67117
16;59448
17;53675
18;48875
19;44526
20;40206
21;36965
22;34368
23;31736
24;29655
25;27169
26;25426
27;24273
28;22525
29;21021
30;19958
31;18968
32;17749
33;16886
34;15913
35;15481
36;14690
37;13734
38;13254
39;12486
40;11968
41;11501
42;11183
43;10524
44;10163
45;9863
46;9462
47;9008
48;8636
49;8641
50;8164
51;7858
52;7678
53;7386
54;7170
55;6917
56;6638
57;6449
58;6370
59;6234
60;5987
61;5768
62;5589
63;5508
64;5353
65;5245
66;4931
67;4808
68;4800
69;4731
70;4689
71;4478
72;4336
73;4225
74;4251
75;4018
76;3911
77;3846
78;3744
79;3603
80;3617
81;3561
82;3442
83;3272
84;3306
85;3302
86;3197
87;3138
88;3068
89;3028
90;2946
91;2857
92;2851
93;2777
94;2805
95;2603
96;2657
97;2587
98;2506
99;2556
100;2470
101;2418
102;2398
103;2365
104;2272
105;2272
106;2243
107;2202
108;2216
109;2072
110;2010
111;2018
112;2011
113;2062
114;2050
115;1828
116;1979
117;1867
118;1857
119;1733
120;1801
121;1779
122;1758
123;1721
124;1703
125;1671
126;1615
127;1592
128;1633
129;1605
130;1567
131;1577
132;1556
133;1521
134;1467
135;1506
136;1460
137;1398
138;1416
139;1395
140;1451
141;1383
142;1372
143;1349
144;1313
145;1270
146;1277
147;1290
148;1256
149;1242
150;1236
151;1300
152;1292
153;1181
154;1186
155;1178
156;1173
157;1111
158;1136
159;1140
160;1122
161;1081
162;1115
163;1050
164;1052
165;1077
166;1095
167;1067
168;1041
169;990
170;1000
171;969
172;997
173;943
174;972
175;960
176;933
177;965
178;981
179;866
180;919
181;880
182;891
183;908
184;899
185;875
186;844
187;849
188;863
189;834
190;842
191;830
192;854
193;849
194;878
195;801
196;731
197;803
198;693
199;824
200;749
201;732
202;779
203;760
204;699
205;716
206;725
207;797
208;725
209;755
210;742
211;705
212;727
213;687
214;662
215;718
216;653
217;650
218;687
219;664
220;626
221;624
222;629
223;650
224;604
225;638
226;606
227;640
228;585
229;666
230;600
231;623
232;636
233;614
234;653
235;588
236;610
237;559
238;573
239;565
240;594
241;552
242;571
243;546
244;586
245;516
246;523
247;578
248;519
249;517
250;531
251;568
252;557
253;515
254;511
255;529
256;492
257;499
258;528
259;503
260;513
261;491
262;484
263;507
264;493
265;459
266;503
267;467
268;497
269;435
270;473
271;416
272;492
273;494
274;451
275;470
276;459
277;444
278;422
279;463
280;455
281;463
282;421
283;433
284;421
285;455
286;441
287;424
288;450
289;417
290;404
291;380
292;420
293;400
294;412
295;446
296;440
297;400
298;416
299;398
300;355
301;346
302;429
303;401
304;390
305;361
306;370
307;371
308;402
309;354
310;355
311;382
312;361
313;393
314;341
315;360
316;345
317;352
318;389
319;357
320;362
321;376
322;343
323;368
324;363
325;340
326;323
327;315
328;327
329;356
330;344
331;310
332;333
333;306
334;316
335;325
336;346
337;324
338;331
339;327
340;326
341;320
342;320
343;300
344;314
345;336
346;304
347;283
348;323
349;300
350;307
351;305
352;310
353;297
354;264
355;304
356;280
357;298
358;304
359;287
360;297
361;301
362;302
363;267
364;273
365;293
366;285
367;276
368;279
369;270
370;289
371;242
372;279
373;286
374;276
375;269
376;273
377;290
378;235
379;275
380;287
381;263
382;265
383;234
384;280
385;245
386;277
387;266
388;239
389;266
390;254
391;245
392;269
393;240
394;287
395;240
396;249
397;255
398;241
399;252
400;249
401;227
402;262
403;268
404;206
405;241
406;228
407;232
408;228
409;230
410;238
411;258
412;252
413;247
414;234
415;236
416;252
417;240
418;213
419;220
420;227
421;214
422;225
423;260
424;210
425;222
426;211
427;208
428;237
429;214
430;211
431;239
432;226
433;218
434;208
435;201
436;240
437;213
438;198
439;232
440;216
441;217
442;206
443;215
444;211
445;191
446;208
447;210
448;213
449;222
450;194
451;181
452;204
453;218
454;209
455;207
456;203
457;205
458;192
459;171
460;188
461;201
462;182
463;180
464;201
465;192
466;201
467;199
468;176
469;178
470;209
471;195
472;182
473;207
474;221
475;225
476;200
477;205
478;173
479;162
480;174
481;177
482;178
483;203
484;189
485;200
486;184
487;182
488;165
489;198
490;178
491;175
492;158
493;200
494;179
495;173
496;169
497;154
498;184
499;195
500;170
501;163
502;192
503;168
504;169
505;160
506;156
507;151
508;169
509;198
510;168
511;175
512;177
513;160
514;174
515;150
516;185
517;164
518;167
519;148
520;171
521;167
522;146
523;169
524;162
525;145
526;155
527;147
528;153
529;173
530;169
531;147
532;164
533;162
534;156
535;150
536;156
537;166
538;162
539;150
540;149
541;130
542;152
543;165
544;146
545;156
546;135
547;158
548;144
549;172
550;168
551;138
552;151
553;140
554;140
555;137
556;135
557;154
558;138
559;147
560;129
561;153
562;152
563;146
564;138
565;140
566;128
567;145
568;136
569;144
570;129
571;137
572;141
573;135
574;146
575;143
576;135
577;139
578;131
579;136
580;130
581;132
582;141
583;137
584;118
585;139
586;131
587;128
588;117
589;129
590;145
591;136
592;131
593;116
594;141
595;134
596;122
597;132
598;130
599;118
600;130
601;144
602;153
603;138
604;141
605;137
606;136
607;127
608;123
609;136
610;124
611;133
612;117
613;110
614;137
615;134
616;108
617;119
618;132
619;121
620;133
621;134
622;122
623;136
624;115
625;104
626;117
627;109
628;105
629;121
630;103
631;108
632;124
633;119
634;137
635;108
636;107
637;118
638;119
639;132
640;117
641;111
642;119
643;105
644;124
645;107
646;116
647;123
648;115
649;108
650;107
651;108
652;117
653;137
654;111
655;124
656;127
657;94
658;113
659;102
660;142
661;109
662;102
663;106
664;114
665;94
666;112
667;104
668;131
669;118
670;102
671;125
672;103
673;110
674;112
675;109
676;109
677;99
678;103
679;86
680;94
681;95
682;100
683;112
684;82
685;123
686;101
687;121
688;95
689;107
690;102
691;105
692;99
693;84
694;98
695;88
696;89
697;115
698;106
699;101
700;105
701;134
702;90
703;94
704;112
705;104
706;117
707;102
708;94
709;101
710;112
711;101
712;99
713;96
714;111
715;103
716;94
717;103
718;101
719;107
720;91
721;101
722;85
723;94
724;82
725;118
726;99
727;114
728;92
729;97
730;83
731;92
732;90
733;75
734;92
735;98
736;94
737;103
738;91
739;83
740;93
741;83
742;100
743;84
744;90
745;99
746;83
747;101
748;81
749;97
750;109
751;85
752;88
753;94
754;85
755;100
756;89
757;84
758;77
759;112
760;78
761;94
762;85
763;87
764;93
765;93
766;82
767;97
768;85
769;84
770;89
771;87
772;71
773;82
774;79
775;90
776;82
777;95
778;103
779;84
780;74
781;79
782;85
783;103
784;94
785;74
786;80
787;93
788;70
789;77
790;88
791;95
792;75
793;83
794;73
795;87
796;86
797;82
798;76
799;89
800;73
801;76
802;71
803;87
804;84
805;77
806;80
807;88
808;74
809;89
810;65
811;81
812;99
813;91
814;89
815;86
816;85
817;85
818;89
819;81
820;75
821;74
822;75
823;76
824;73
825;75
826;77
827;58
828;66
829;69
830;62
831;82
832;73
833;65
834;79
835;76
836;70
837;81
838;80
839;83
840;77
841;77
842;68
843;66
844;67
845;71
846;65
847;63
848;59
849;71
850;69
851;75
852;72
853;70
854;88
855;64
856;58
857;80
858;56
859;61
860;69
861;82
862;68
863;76
864;66
865;76
866;60
867;67
868;77
869;76
870;93
871;65
872;72
873;84
874;65
875;70
876;74
877;57
878;69
879;72
880;58
881;80
882;61
883;70
884;57
885;66
886;67
887;64
888;65
889;65
890;71
891;66
892;56
893;59
894;52
895;72
896;71
897;70
898;72
899;59
900;65
901;55
902;61
903;82
904;66
905;54
906;58
907;49
908;72
909;71
910;58
911;76
912;73
913;63
914;79
915;61
916;66
917;59
918;71
919;66
920;49
921;53
922;62
923;57
924;60
925;53
926;57
927;52
928;55
929;65
930;59
931;71
932;54
933;63
934;58
935;51
936;57
937;57
938;59
939;70
940;65
941;48
942;58
943;49
944;56
945;50
946;59
947;64
948;54
949;58
950;52
951;59
952;49
953;64
954;43
955;55
956;54
957;53
958;75
959;58
960;59
961;71
962;59
963;64
964;44
965;61
966;52
967;54
968;67
969;58
970;61
971;67
972;64
973;42
974;38
975;63
976;54
977;55
978;62
979;48
980;50
981;52
982;53
983;54
984;52
985;61
986;40
987;46
988;59
989;52
990;47
991;61
992;48
993;64
994;52
995;50
996;64
997;55
998;61
999;55
1000;50
1001;57
1002;48
1003;49
1004;53
1005;59
1006;48
1007;42
1008;49
1009;52
1010;51
1011;54
1012;53
1013;48
1014;47
1015;55
1016;48
1017;55
1018;57
1019;48
1020;54
1021;41
1022;54
1023;46
1024;49
1025;54
1026;34
1027;42
1028;56
1029;56
1030;54
1031;51
1032;44
1033;57
1034;44
1035;54
1036;52
1037;59
1038;50
1039;44
1040;36
1041;44
1042;57
1043;37
1044;50
1045;46
1046;40
1047;47
1048;62
1049;52
1050;48
1051;48
1052;47
1053;42
1054;42
1055;56
1056;56
1057;40
1058;44
1059;42
1060;32
1061;48
1062;46
1063;46
1064;44
1065;41
1066;52
1067;55
1068;43
1069;43
1070;56
1071;64
1072;37
1073;48
1074;39
1075;47
1076;45
1077;39
1078;40
1079;47
1080;42
1081;50
1082;36
1083;36
1084;49
1085;43
1086;44
1087;43
1088;47
1089;45
1090;49
1091;43
1092;47
1093;49
1094;49
1095;46
1096;38
1097;46
1098;37
1099;42
1100;56
1101;43
1102;44
1103;40
1104;43
1105;41
1106;41
1107;54
1108;34
1109;38
1110;49
1111;49
1112;48
1113;50
1114;51
1115;41
1116;33
1117;48
1118;49
1119;38
1120;37
1121;42
1122;38
1123;43
1124;38
1125;32
1126;45
1127;31
1128;40
1129;44
1130;45
1131;38
1132;38
1133;41
1134;34
1135;45
1136;43
1137;44
1138;45
1139;53
1140;42
1141;45
1142;37
1143;34
1144;35
1145;39
1146;36
1147;39
1148;37
1149;37
1150;40
1151;31
1152;44
1153;42
1154;35
1155;33
1156;36
1157;34
1158;41
1159;35
1160;39
1161;42
1162;42
1163;27
1164;35
1165;24
1166;35
1167;45
1168;30
1169;36
1170;34
1171;50
1172;39
1173;33
1174;39
1175;24
1176;42
1177;45
1178;38
1179;28
1180;44
1181;34
1182;31
1183;39
1184;30
1185;35
1186;37
1187;45
1188;30
1189;30
1190;31
1191;41
1192;40
1193;31
1194;31
1195;19
1196;34
1197;45
1198;41
1199;39
1200;43
1201;23
1202;33
1203;39
1204;34
1205;35
1206;39
1207;33
1208;34
1209;38
1210;19
1211;46
1212;29
1213;38
1214;31
1215;30
1216;36
1217;31
1218;30
1219;37
1220;47
1221;35
1222;25
1223;37
1224;29
1225;33
1226;25
1227;21
1228;28
1229;24
1230;27
1231;25
1232;27
1233;26
1234;37
1235;40
1236;21
1237;28
1238;18
1239;31
1240;32
1241;25
1242;37
1243;30
1244;34
1245;30
1246;31
1247;32
1248;33
1249;39
1250;30
1251;35
1252;31
1253;30
1254;33
1255;30
1256;29
1257;31
1258;40
1259;22
1260;22
1261;30
1262;32
1263;25
1264;38
1265;25
1266;33
1267;27
1268;25
1269;22
1270;28
1271;20
1272;26
1273;31
1274;27
1275;22
1276;30
1277;30
1278;31
1279;34
1280;28
1281;26
1282;28
1283;22
1284;31
1285;35
1286;18
1287;30
1288;24
1289;24
1290;34
1291;23
1292;32
1293;19
1294;26
1295;28
1296;24
1297;23
1298;21
1299;36
1300;32
1301;27
1302;29
1303;28
1304;25
1305;23
1306;25
1307;20
1308;24
1309;25
1310;28
1311;27
1312;26
1313;19
1314;18
1315;27
1316;24
1317;23
1318;27
1319;28
1320;24
1321;12
1322;20
1323;25
1324;30
1325;24
1326;20
1327;28
1328;23
1329;25
1330;16
1331;20
1332;16
1333;18
1334;21
1335;23
1336;16
1337;21
1338;24
1339;25
1340;18
1341;30
1342;15
1343;14
1344;14
1345;19
1346;22
1347;23
1348;24
1349;20
1350;25
1351;12
1352;30
1353;27
1354;19
1355;21
1356;20
1357;19
1358;27
1359;20
1360;16
1361;17
1362;22
1363;19
1364;18
1365;25
1366;16
1367;25
1368;25
1369;21
1370;18
1371;33
1372;16
1373;24
1374;22
1375;20
1376;21
1377;14
1378;23
1379;20
1380;15
1381;15
1382;24
1383;15
1384;20
1385;18
1386;10
1387;19
1388;22
1389;18
1390;19
1391;16
1392;26
1393;29
1394;18
1395;11
1396;18
1397;10
1398;18
1399;16
1400;22
1401;23
1402;19
1403;14
1404;21
1405;22
1406;20
1407;22
1408;18
1409;11
1410;19
1411;17
1412;16
1413;16
1414;24
1415;21
1416;19
1417;21
1418;16
1419;16
1420;21
1421;21
1422;19
1423;17
1424;22
1425;21
1426;18
1427;9
1428;19
1429;12
1430;13
1431;10
1432;18
1433;10
1434;17
1435;16
1436;20
1437;16
1438;13
1439;10
1440;13
1441;15
1442;15
1443;17
1444;15
1445;17
1446;13
1447;18
1448;13
1449;18
1450;11
1451;9
1452;16
1453;14
1454;14
1455;7
1456;20
1457;14
1458;10
1459;8
1460;16
1461;19
1462;11
1463;22
1464;17
1465;17
1466;15
1467;14
1468;15
1469;13
1470;17
1471;12
1472;9
1473;17
1474;14
1475;15
1476;11
1477;11
1478;8
1479;16
1480;17
1481;9
1482;8
1483;11
1484;17
1485;17
1486;17
1487;6
1488;6
1489;11
1490;15
1491;10
1492;10
1493;10
1494;15
1495;15
1496;9
1497;16
1498;17
1499;7
1500;10
1501;13
1502;13
1503;11
1504;11
1505;12
1506;15
1507;11
1508;7
1509;14
1510;7
1511;13
1512;15
1513;11
1514;8
1515;14
1516;21
1517;13
1518;12
1519;6
1520;9
1521;9
1522;5
1523;13
1524;7
1525;7
1526;11
1527;13
1528;12
1529;7
1530;14
1531;13
1532;13
1533;13
1534;8
1535;12
1536;4
1537;7
1538;6
1539;5
1540;4
1541;8
1542;10
1543;10
1544;7
1545;12
1546;5
1547;12
1548;6
1549;12
1550;9
1551;9
1552;6
1553;15
1554;4
1555;5
1556;7
1557;6
1558;9
1559;9
1560;7
1561;5
1562;10
1563;6
1564;7
1565;6
1566;10
1567;1
1568;5
1569;10
1570;5
1571;13
1572;6
1573;4
1574;4
1575;3
1576;11
1577;6
1578;4
1579;11
1580;7
1581;7
1582;9
1583;7
1584;6
1585;6
1586;7
1587;3
1588;8
1589;8
1590;8
1591;8
1592;3
1593;6
1594;3
1595;9
1596;6
1597;2
1598;4
1599;12
1600;5
1601;5
1602;8
1603;8
1604;14
1605;6
1606;7
1607;4
1608;2
1609;2
1610;5
1611;8
1612;2
1613;3
1614;12
1615;6
1616;9
1617;10
1618;6
1619;5
1620;8
1621;4
1622;7
1623;2
1624;7
1625;6
1626;6
1627;6
1628;5
1629;8
1630;4
1631;6
1632;6
1633;6
1634;2
1635;4
1636;8
1637;5
1638;1
1639;5
1640;5
1641;2
1642;1
1643;5
1644;5
1645;4
1646;6
1647;7
1648;6
1649;7
1650;4
1651;5
1652;3
1653;3
1654;4
1655;3
1656;5
1657;8
1658;9
1659;5
1660;5
1661;6
1662;4
1663;2
1664;3
1665;2
1666;6
1667;6
1668;1
1669;3
1670;4
1671;3
1672;2
1673;2
1674;7
1675;5
1676;3
1677;3
1678;1
1679;1
1680;5
1681;2
1682;1
1683;2
1684;3
1685;3
1686;3
1687;2
1688;3
1689;4
1690;3
1691;4
1692;5
1693;6
1694;0
1695;3
1696;4
1697;1
1698;3
1699;0
1700;2
1701;1
1702;3
1703;2
1704;3
1705;2
1706;1
1707;3
1708;1
1709;4
1710;2
1711;0
1712;1
1713;2
1714;4
1715;4
1716;6
1717;2
1718;3
1719;2
1720;0
1721;4
1722;1
1723;2
1724;3
1725;2
1726;1
1727;3
1728;3
1729;1
1730;1
1731;1
1732;2
1733;4
1734;1
1735;1
1736;0
1737;3
1738;3
1739;5
1740;2
1741;2
1742;0
1743;1
1744;1
1745;2
1746;1
1747;0
1748;1
1749;3
1750;1
1751;1
1752;0
1753;1
1754;1
1755;2
1756;2
1757;5
1758;2
1759;3
1760;2
1761;2
1762;1
1763;3
1764;0
1765;0
1766;2
1767;4
1768;1
1769;1
1770;0
1771;1
1772;1
1773;0
1774;3
1775;1
1776;2
1777;3
1778;4
1779;0
1780;0
1781;2
1782;0
1783;1
1784;2
1785;0
1786;3
1787;0
1788;1
1789;1
1790;0
1791;1
1792;3
1793;1
1794;0
1795;2
1796;0
1797;0
1798;3
1799;0
1800;4
1801;1
1802;0
1803;0
1804;0
1805;0
1806;1
1807;1
1808;2
1809;1
1810;2
1811;1
1812;0
1813;2
1814;1
1815;0
1816;1
1817;0
1818;2
1819;2
1820;0
1821;0
1822;1
1823;0
1824;0
1825;1
1826;0
1827;0
1828;1
1829;1
1830;0
1831;2
1832;0
1833;1
1834;0
1835;2
1836;0
1837;0
1838;1
1839;0
1840;1
1841;3
1842;1
1843;1
1844;0
1845;2
1846;0
1847;1
1848;0
1849;0
1850;0
1851;1
1852;0
1853;0
1854;1
1855;0
1856;0
1857;0
1858;0
1859;2
1860;0
1861;1
1862;0
1863;0
1864;1
1865;1
1866;0
1867;0
1868;0
1869;2
1870;0
1871;1
1872;0
1873;3
1874;0
1875;1
1876;2
1877;0
1878;0
1879;0
1880;0
1881;1
1882;1
1883;0
1884;0
1885;0
1886;0
1887;0
1888;1
1889;1
1890;0
1891;1
1892;0
1893;0
1894;0
1895;0
1896;0
1897;0
1898;0
1899;0
1900;0
1901;0
1902;1
1903;2
1904;0
1905;0
1906;1
1907;0
1908;0
1909;0
1910;0
1911;0
1912;0
1913;0
1914;0
1915;0
1916;1
1917;0
1918;0
1919;0
1920;0
1921;0
1922;0
1923;0
1924;0
1925;0
1926;0
1927;0
1928;0
1929;0
1930;0
1931;0
1932;0
1933;1
1934;0
1935;0
1936;0
1937;0
1938;0
1939;0
1940;0
1941;0
1942;0
1943;0
1944;0
1945;0
1946;0
1947;0
1948;0
1949;0
1950;0
1951;0
1952;0
1953;0
1954;0
1955;0
1956;0
1957;0
1958;0
1959;0
1960;0
1961;0
1962;0
1963;0
1964;0
1965;0
1966;0
1967;0
1968;0
1969;0
1970;0
1971;0
1972;0
1973;0
1974;0
1975;0
1976;0
1977;0
1978;0
1979;0
1980;0
1981;0
1982;0
1983;0
1984;0
1985;0
1986;0
1987;0
1988;0
1989;0
1990;0
1991;0
1992;0
1993;0
1994;0
1995;1
1996;0
1997;0
1998;0
1999;0
2000;0
2001;0
2002;0
2003;0
2004;0
2005;0
2006;0
2007;0
2008;0
2009;0
2010;0
2011;0
2012;0
2013;0
2014;0
2015;0
2016;0
2017;0
2018;0
2019;0
2020;0
2021;0
2022;0
2023;0
2024;0
2025;0
2026;0
2027;0
2028;0
2029;0
2030;0
2031;0
2032;0
2033;0
2034;0
2035;0
2036;0
2037;0
2038;0
2039;0
2040;0
2041;0
2042;0
2043;0
2044;0
2045;0
2046;0
2047;0
2048;0
2049;0
2050;0
2051;0
2052;0
2053;0
2054;0
2055;0
2056;0
2057;0
2058;0
2059;0
2060;0
2061;0
2062;0
2063;0
2064;0
2065;0
2066;0
2067;0
2068;0
2069;0
2070;0
2071;0
2072;0
2073;0
2074;0
2075;0
2076;0
2077;0
2078;0
2079;0
2080;0
2081;0
2082;0
2083;0
2084;0
2085;0
2086;0
2087;0
2088;0
2089;0
2090;0
2091;0
2092;0
2093;0
2094;0
2095;0
2096;0
2097;0
2098;0
2099;0
2100;0
2101;0
2102;0
2103;0
2104;0
2105;0
2106;0
2107;0
2108;0
2109;0
2110;0
2111;0
2112;0
2113;0
2114;0
2115;0
2116;0
2117;0
2118;0
2119;0
2120;0
2121;0
2122;0
2123;0
2124;0
2125;0
2126;0
2127;0
2128;0
2129;0
2130;0
2131;0
2132;0
2133;0
2134;0
2135;0
2136;0
2137;0
2138;0
2139;0
2140;0
2141;0
2142;0
2143;0
2144;0
2145;0
2146;0
2147;0
2148;0
2149;0
2150;0
2151;0
2152;0
2153;0
2154;0
2155;0
2156;0
2157;0
2158;0
2159;0
2160;0
2161;0
2162;0
2163;0
2164;0
2165;0
2166;0
2167;0
2168;0
2169;0
2170;0
2171;0
2172;0
2173;0
2174;0
2175;0
2176;0
2177;0
2178;0
2179;0
2180;0
2181;0
2182;0
2183;0
2184;0
2185;0
2186;0
2187;0
2188;0
2189;0
2190;0
2191;0
2192;0
2193;0
2194;0
2195;0
2196;0
2197;0
2198;0
2199;0
2200;0
2201;0
2202;0
2203;0
2204;0
2205;0
2206;0
2207;0
2208;0
2209;0
2210;0
2211;0
2212;0
2213;0
2214;0
2215;0
2216;0
2217;0
2218;0
2219;0
2220;0
2221;0
2222;0
2223;0
2224;0
2225;0
2226;0
2227;0
2228;0
2229;0
2230;0
2231;0
2232;0
2233;0
2234;0
2235;0
2236;0
2237;0
2238;0
2239;0
2240;0
2241;0
2242;0
2243;0
2244;0
2245;0
2246;0
2247;0
2248;0
2249;0
2250;0
2251;0
2252;0
2253;0
2254;0
2255;0
2256;0
2257;0
2258;0
2259;0
2260;0
2261;0
2262;0
2263;0
2264;0
2265;0
2266;0
2267;0
2268;0
2269;0
2270;0
2271;0
2272;0
2273;0
2274;0
2275;0
2276;0
2277;0
2278;0
2279;0
2280;0
2281;0
2282;0
2283;0
2284;0
2285;0
2286;0
2287;0
2288;0
2289;0
2290;0
2291;0
2292;0
2293;0
2294;0
2295;0
2296;0
2297;0
2298;0
2299;0
2300;0
2301;0
2302;0
2303;0
2304;0
2305;0
2306;0
2307;0
2308;0
2309;0
2310;0
2311;0
2312;0
2313;0
2314;0
2315;0
2316;0
2317;0
2318;0
2319;0
2320;0
2321;0
2322;0
2323;0
2324;0
2325;0
2326;0
2327;0
2328;0
2329;0
2330;0
2331;0
2332;0
2333;0
2334;0
2335;0
2336;0
2337;0
2338;0
2339;0
2340;0
2341;0
2342;0
2343;0
2344;0
2345;0
2346;0
2347;0
2348;0
2349;0
2350;0
2351;0
2352;0
2353;0
2354;0
2355;0
2356;0
2357;0
2358;0
2359;0
2360;0
2361;0
2362;0
2363;0
2364;0
2365;0
2366;0
2367;0
2368;0
2369;0
2370;0
2371;0
2372;0
2373;0
2374;0
2375;0
2376;0
2377;0
2378;0
2379;0
2380;0
2381;0
2382;0
2383;0
2384;0
2385;0
2386;0
2387;0
2388;0
2389;0
2390;0
2391;0
2392;0
2393;0
2394;0
2395;0
2396;0
2397;0
2398;0
2399;0
2400;0
2401;0
2402;0
2403;0
2404;0
2405;0
2406;0
2407;0
2408;0
2409;0
2410;0
2411;0
2412;0
2413;0
2414;0
2415;0
2416;0
2417;0
2418;0
2419;0
2420;0
2421;0
2422;0
2423;0
2424;0
2425;0
2426;0
2427;0
2428;0
2429;0
2430;0
2431;0
2432;0
2433;0
2434;0
2435;0
2436;0
2437;0
2438;0
2439;0
2440;0
2441;0
2442;0
2443;0
2444;0
2445;0
2446;0
2447;0
2448;0
2449;0
2450;0
2451;0
2452;0
2453;0
2454;0
2455;0
2456;0
2457;0
2458;0
2459;0
2460;0
2461;0
2462;0
2463;0
2464;0
2465;0
2466;0
2467;0
2468;0
2469;0
2470;0
2471;0
2472;0
2473;0
2474;0
2475;0
2476;0
2477;0
2478;0
2479;0
2480;0
2481;0
2482;0
2483;0
2484;0
2485;0
2486;0
2487;0
2488;0
2489;0
2490;0
2491;0
2492;0
2493;0
2494;0
2495;0
2496;0
2497;0
2498;0
2499;0
2500;0
2501;0
2502;0
2503;0
2504;0
2505;0
2506;0
2507;0
2508;0
2509;0
2510;0
2511;0
2512;0
2513;0
2514;0
2515;0
2516;0
2517;0
2518;0
2519;0
2520;0
2521;0
2522;0
2523;0
2524;0
2525;0
2526;0
2527;0
2528;0
2529;0
2530;0
2531;0
2532;0
2533;0
2534;0
2535;0
2536;0
2537;0
2538;0
2539;0
2540;0
2541;0
2542;0
2543;0
2544;0
2545;0
2546;0
2547;0
2548;0
2549;0
2550;0
2551;0
2552;0
2553;0
2554;0
2555;0
2556;0
2557;0
2558;0
2559;0
2560;0
2561;0
2562;0
2563;0
2564;0
2565;0
2566;0
2567;0
2568;0
2569;0
2570;0
2571;0
2572;0
2573;0
2574;0
2575;0
2576;0
2577;0
2578;0
2579;0
2580;0
2581;0
2582;0
2583;0
2584;0
2585;0
2586;0
2587;0
2588;0
2589;0
2590;0
2591;0
2592;0
2593;0
2594;0
2595;0
2596;0
2597;0
2598;0
2599;0
2600;0
2601;0
2602;0
2603;0
2604;0
2605;0
2606;0
2607;0
2608;0
2609;0
2610;0
2611;0
2612;0
2613;0
2614;0
2615;0
2616;0
2617;0
2618;0
2619;0
2620;0
2621;0
2622;0
2623;0
2624;0
2625;0
2626;0
2627;0
2628;0
2629;0
2630;0
2631;0
2632;0
2633;0
2634;0
2635;0
2636;0
2637;0
2638;0
2639;0
2640;0
2641;0
2642;0
2643;0
2644;0
2645;0
2646;0
2647;0
2648;0
2649;0
2650;0
2651;0
2652;0
2653;0
2654;0
2655;0
2656;0
2657;0
2658;0
2659;0
2660;0
2661;0
2662;0
2663;0
2664;0
2665;0
2666;0
2667;0
2668;0
2669;0
2670;0
2671;0
2672;0
2673;0
2674;0
2675;0
2676;0
2677;0
2678;0
2679;0
2680;0
2681;0
2682;0
2683;0
2684;0
2685;0
2686;0
2687;0
2688;0
2689;0
2690;0
2691;0
2692;0
2693;0
2694;0
2695;0
2696;0
2697;0
2698;0
2699;0
2700;0
2701;0
2702;0
2703;0
2704;0
2705;0
2706;0
2707;0
2708;0
2709;0
2710;0
2711;0
2712;0
2713;0
2714;0
2715;0
2716;0
2717;0
2718;0
2719;0
2720;0
2721;0
2722;0
2723;0
2724;0
2725;0
2726;0
2727;0
2728;0
2729;0
2730;0
2731;0
2732;0
2733;0
2734;0
2735;0
2736;0
2737;0
2738;0
2739;0
2740;0
2741;0
2742;0
2743;0
2744;0
2745;0
2746;0
2747;0
2748;0
2749;0
2750;0
2751;0
2752;0
2753;0
2754;0
2755;0
2756;0
2757;0
2758;0
2759;0
2760;0
2761;0
2762;0
2763;0
2764;0
2765;0
2766;0
2767;0
2768;0
2769;0
2770;0
2771;0
2772;0
2773;0
2774;0
2775;0
2776;0
2777;0
2778;0
2779;0
2780;0
2781;0
2782;0
2783;0
2784;0
2785;0
2786;0
2787;0
2788;0
2789;0
2790;0
2791;0
2792;0
2793;0
2794;0
2795;0
2796;0
2797;0
2798;0
2799;0
2800;0
2801;0
2802;0
2803;0
2804;0
2805;0
2806;0
2807;0
2808;0
2809;0
2810;0
2811;0
2812;0
2813;0
2814;0
2815;0
2816;0
2817;0
2818;0
2819;0
2820;0
2821;0
2822;0
2823;0
2824;0
2825;0
2826;0
2827;0
2828;0
2829;0
2830;0
2831;0
2832;0
2833;0
2834;0
2835;0
2836;0
2837;0
2838;0
2839;0
2840;0
2841;0
2842;0
2843;0
2844;0
2845;0
2846;0
2847;0
2848;0
2849;0
2850;0
2851;0
2852;0
2853;0
2854;0
2855;0
2856;0
2857;0
2858;0
2859;0
2860;0
2861;0
2862;0
2863;0
2864;0
2865;0
2866;0
2867;0
2868;0
2869;0
2870;0
2871;0
2872;0
2873;0
2874;0
2875;0
2876;0
2877;0
2878;0
2879;0
2880;0
2881;0
2882;0
2883;0
2884;0
2885;0
2886;0
2887;0
2888;0
2889;0
2890;0
2891;0
2892;0
2893;0
2894;0
2895;0
2896;0
2897;0
2898;0
2899;0
2900;0
2901;0
2902;0
2903;0
2904;0
2905;0
2906;0
2907;0
2908;0
2909;0
2910;0
2911;0
2912;0
2913;0
2914;0
2915;0
2916;0
2917;0
2918;0
2919;0
2920;0
2921;0
2922;0
2923;0
2924;0
2925;0
2926;0
2927;0
2928;0
2929;0
2930;0
2931;0
2932;0
2933;0
2934;0
2935;0
2936;0
2937;0
2938;0
2939;0
2940;0
2941;0
2942;0
2943;0
2944;0
2945;0
2946;0
2947;0
2948;0
2949;0
2950;0
2951;0
2952;0
2953;0
2954;0
2955;0
2956;0
2957;0
2958;0
2959;0
2960;0
2961;0
2962;0
2963;0
2964;0
2965;0
2966;0
2967;0
2968;0
2969;0
2970;0
2971;0
2972;0
2973;0
2974;0
2975;0
2976;0
2977;0
2978;0
2979;0
2980;0
2981;0
2982;0
2983;0
2984;0
2985;0
2986;0
2987;0
2988;0
2989;0
2990;0
2991;0
2992;0
2993;0
2994;0
2995;0
2996;0
2997;0
2998;0
2999;0
3000;0
3001;0
3002;0
3003;0
3004;0
3005;0
3006;0
3007;0
3008;0
3009;0
3010;0
3011;0
3012;0
3013;0
3014;0
3015;0
3016;0
3017;0
3018;0
3019;0
3020;0
3021;0
3022;0
3023;0
3024;0
3025;0
3026;0
3027;0
3028;0
3029;0
3030;0
3031;0
3032;0
3033;0
3034;0
3035;0
3036;0
3037;0
3038;0
3039;0
3040;0
3041;0
3042;0
3043;0
3044;0
3045;0
3046;0
3047;0
3048;0
3049;0
3050;0
3051;0
3052;0
3053;0
3054;0
3055;0
3056;0
3057;0
3058;0
3059;0
3060;0
3061;0
3062;0
3063;0
3064;0
3065;0
3066;0
3067;0
3068;0
3069;0
3070;0
3071;0
3072;0
3073;0
3074;0
3075;0
3076;0
3077;0
3078;0
3079;0
3080;0
3081;0
3082;0
3083;0
3084;0
3085;0
3086;0
3087;0
3088;0
3089;0
3090;0
3091;0
3092;0
3093;0
3094;0
3095;0
3096;0
3097;0
3098;0
3099;0
3100;0
3101;0
3102;0
3103;0
3104;0
3105;0
3106;0
3107;0
3108;0
3109;0
3110;0
3111;0
3112;0
3113;0
3114;0
3115;0
3116;0
3117;0
3118;0
3119;0
3120;0
3121;0
3122;0
3123;0
3124;0
3125;0
3126;0
3127;0
3128;0
3129;0
3130;0
3131;0
3132;0
3133;0
3134;0
3135;0
3136;0
3137;0
3138;0
3139;0
3140;0
3141;0
3142;0
3143;0
3144;0
3145;0
3146;0
3147;0
3148;0
3149;0
3150;0
3151;0
3152;0
3153;0
3154;0
3155;0
3156;0
3157;0
3158;0
3159;0
3160;0
3161;0
3162;0
3163;0
3164;0
3165;0
3166;0
3167;0
3168;0
3169;0
3170;0
3171;0
3172;0
3173;0
3174;0
3175;0
3176;0
3177;0
3178;0
3179;0
3180;0
3181;0
3182;0
3183;0
3184;0
3185;0
3186;0
3187;0
3188;0
3189;0
3190;0
3191;0
3192;0
3193;0
3194;0
3195;0
3196;0
3197;0
3198;0
3199;0
3200;0
3201;0
3202;0
3203;0
3204;0
3205;0
3206;0
3207;0
3208;0
3209;0
3210;0
3211;0
3212;0
3213;0
3214;0
3215;0
3216;0
3217;0
3218;0
3219;0
3220;0
3221;0
3222;0
3223;0
3224;0
3225;0
3226;0
3227;0
3228;0
3229;0
3230;0
3231;0
3232;0
3233;0
3234;0
3235;0
3236;0
3237;0
3238;0
3239;0
3240;0
3241;0
3242;0
3243;0
3244;0
3245;0
3246;0
3247;0
3248;0
3249;0
3250;0
3251;0
3252;0
3253;0
3254;0
3255;0
3256;0
3257;0
3258;0
3259;0
3260;0
3261;0
3262;0
3263;0
3264;0
3265;0
3266;0
3267;0
3268;0
3269;0
3270;0
3271;0
3272;0
3273;0
3274;0
3275;0
3276;0
3277;0
3278;0
3279;0
3280;0
3281;0
3282;0
3283;0
3284;0
3285;0
3286;0
3287;0
3288;0
3289;0
3290;0
3291;0
3292;0
3293;0
3294;0
3295;0
3296;0
3297;0
3298;0
3299;0
3300;0
3301;0
3302;0
3303;0
3304;0
3305;0
3306;0
3307;0
3308;0
3309;0
3310;0
3311;0
3312;0
3313;0
3314;0
3315;0
3316;0
3317;0
3318;0
3319;0
3320;0
3321;0
3322;0
3323;0
3324;0
3325;0
3326;0
3327;0
3328;0
3329;0
3330;0
3331;0
3332;0
3333;0
3334;0
3335;0
3336;0
3337;0
3338;0
3339;0
3340;0
3341;0
3342;0
3343;0
3344;0
3345;0
3346;0
3347;0
3348;0
3349;0
3350;0
3351;0
3352;0
3353;0
3354;0
3355;0
3356;0
3357;0
3358;0
3359;0
3360;0
3361;0
3362;0
3363;0
3364;0
3365;0
3366;0
3367;0
3368;0
3369;0
3370;0
3371;0
3372;0
3373;0
3374;0
3375;0
3376;0
3377;0
3378;0
3379;0
3380;0
3381;0
3382;0
3383;0
3384;0
3385;0
3386;0
3387;0
3388;0
3389;0
3390;0
3391;0
3392;0
3393;0
3394;0
3395;0
3396;0
3397;0
3398;0
3399;0
3400;0
3401;0
3402;0
3403;0
3404;0
3405;0
3406;0
3407;0
3408;0
3409;0
3410;0
3411;0
3412;0
3413;0
3414;0
3415;0
3416;0
3417;0
3418;0
3419;0
3420;0
3421;0
3422;0
3423;0
3424;0
3425;0
3426;0
3427;0
3428;0
3429;0
3430;0
3431;0
3432;0
3433;0
3434;0
3435;0
3436;0
3437;0
3438;0
3439;0
3440;0
3441;0
3442;0
3443;0
3444;0
3445;0
3446;0
3447;0
3448;0
3449;0
3450;0
3451;0
3452;0
3453;0
3454;0
3455;0
3456;0
3457;0
3458;0
3459;0
3460;0
3461;0
3462;0
3463;0
3464;0
3465;0
3466;0
3467;0
3468;0
3469;0
3470;0
3471;0
3472;0
3473;0
3474;0
3475;0
3476;0
3477;0
3478;0
3479;0
3480;0
3481;0
3482;0
3483;0
3484;0
3485;0
3486;0
3487;0
3488;0
3489;0
3490;0
3491;0
3492;0
3493;0
3494;0
3495;0
3496;0
3497;0
3498;0
3499;0
3500;0
3501;0
3502;0
3503;0
3504;0
3505;0
3506;0
3507;0
3508;0
3509;0
3510;0
3511;0
3512;0
3513;0
3514;0
3515;0
3516;0
3517;0
3518;0
3519;0
3520;0
3521;0
3522;0
3523;0
3524;0
3525;0
3526;0
3527;0
3528;0
3529;0
3530;0
3531;0
3532;0
3533;0
3534;0
3535;0
3536;0
3537;0
3538;0
3539;0
3540;0
3541;0
3542;0
3543;0
3544;0
3545;0
3546;0
3547;0
3548;0
3549;0
3550;0
3551;0
3552;0
3553;0
3554;0
3555;0
3556;0
3557;0
3558;0
3559;0
3560;0
3561;0
3562;0
3563;0
3564;0
3565;0
3566;0
3567;0
3568;0
3569;0
3570;0
3571;0
3572;0
3573;0
3574;0
3575;0
3576;0
3577;0
3578;0
3579;0
3580;0
3581;0
3582;0
3583;0
3584;0
3585;0
3586;0
3587;0
3588;0
3589;0
3590;0
3591;0
3592;0
3593;0
3594;0
3595;0
3596;0
3597;0
3598;0
3599;0
3600;0
3601;0
3602;0
3603;0
3604;0
3605;0
3606;0
3607;0
3608;0
3609;0
3610;0
3611;0
3612;0
3613;0
3614;0
3615;0
3616;0
3617;0
3618;0
3619;0
3620;0
3621;0
3622;0
3623;0
3624;0
3625;0
3626;0
3627;0
3628;0
3629;0
3630;0
3631;0
3632;0
3633;0
3634;0
3635;0
3636;0
3637;0
3638;0
3639;0
3640;0
3641;0
3642;0
3643;0
3644;0
3645;0
3646;0
3647;0
3648;0
3649;0
3650;0
3651;0
3652;0
3653;0
3654;0
3655;0
3656;0
3657;0
3658;0
3659;0
3660;0
3661;0
3662;0
3663;0
3664;0
3665;0
3666;0
3667;0
3668;0
3669;0
3670;0
3671;0
3672;0
3673;0
3674;0
3675;0
3676;0
3677;0
3678;0
3679;0
3680;0
3681;0
3682;0
3683;0
3684;0
3685;0
3686;0
3687;0
3688;0
3689;0
3690;0
3691;0
3692;0
3693;0
3694;0
3695;0
3696;0
3697;0
3698;0
3699;0
3700;0
3701;0
3702;0
3703;0
3704;0
3705;0
3706;0
3707;0
3708;0
3709;0
3710;0
3711;0
3712;0
3713;0
3714;0
3715;0
3716;0
3717;0
3718;0
3719;0
3720;0
3721;0
3722;0
3723;0
3724;0
3725;0
3726;0
3727;0
3728;0
3729;0
3730;0
3731;0
3732;0
3733;0
3734;0
3735;0
3736;0
3737;0
3738;0
3739;0
3740;0
3741;0
3742;0
3743;0
3744;0
3745;0
3746;0
3747;0
3748;0
3749;0
3750;0
3751;0
3752;0
3753;0
3754;0
3755;0
3756;0
3757;0
3758;0
3759;0
3760;0
3761;0
3762;0
3763;0
3764;0
3765;0
3766;0
3767;0
3768;0
3769;0
3770;0
3771;0
3772;0
3773;0
3774;0
3775;0
3776;0
3777;0
3778;0
3779;0
3780;0
3781;0
3782;0
3783;0
3784;0
3785;0
3786;0
3787;0
3788;0
3789;0
3790;0
3791;0
3792;0
3793;0
3794;0
3795;0
3796;0
3797;0
3798;0
3799;0
3800;0
3801;0
3802;0
3803;0
3804;0
3805;0
3806;0
3807;0
3808;0
3809;0
3810;0
3811;0
3812;0
3813;0
3814;0
3815;0
3816;0
3817;0
3818;0
3819;0
3820;0
3821;0
3822;0
3823;0
3824;0
3825;0
3826;0
3827;0
3828;0
3829;0
3830;0
3831;0
3832;0
3833;0
3834;0
3835;0
3836;0
3837;0
3838;0
3839;0
3840;0
3841;0
3842;0
3843;0
3844;0
3845;0
3846;0
3847;0
3848;0
3849;0
3850;0
3851;0
3852;0
3853;0
3854;0
3855;0
3856;0
3857;0
3858;0
3859;0
3860;0
3861;0
3862;0
3863;0
3864;0
3865;0
3866;0
3867;0
3868;0
3869;0
3870;0
3871;0
3872;0
3873;0
3874;0
3875;0
3876;0
3877;0
3878;0
3879;0
3880;0
3881;0
3882;0
3883;0
3884;0
3885;0
3886;0
3887;0
3888;0
3889;0
3890;0
3891;0
3892;0
3893;0
3894;0
3895;0
3896;0
3897;0
3898;0
3899;0
3900;0
3901;0
3902;0
3903;0
3904;0
3905;0
3906;0
3907;0
3908;0
3909;0
3910;0
3911;0
3912;0
3913;0
3914;0
3915;0
3916;0
3917;0
3918;0
3919;0
3920;0
3921;0
3922;0
3923;0
3924;0
3925;0
3926;0
3927;0
3928;0
3929;0
3930;0
3931;0
3932;0
3933;0
3934;0
3935;0
3936;0
3937;0
3938;0
3939;0
3940;0
3941;0
3942;0
3943;0
3944;0
3945;0
3946;0
3947;0
3948;0
3949;0
3950;0
3951;0
3952;0
3953;0
3954;0
3955;0
3956;0
3957;0
3958;0
3959;0
3960;0
3961;0
3962;0
3963;0
3964;0
3965;0
3966;0
3967;0
3968;0
3969;0
3970;0
3971;0
3972;0
3973;0
3974;0
3975;0
3976;0
3977;0
3978;0
3979;0
3980;0
3981;0
3982;0
3983;0
3984;0
3985;0
3986;0
3987;0
3988;0
3989;0
3990;0
3991;0
3992;0
3993;0
3994;0
3995;0
3996;0
3997;0
3998;0
3999;0
4000;0
4001;0
4002;0
4003;0
4004;0
4005;0
4006;0
4007;0
4008;0
4009;0
4010;0
4011;0
4012;0
4013;0
4014;0
4015;0
4016;0
4017;0
4018;0
4019;0
4020;0
4021;0
4022;0
4023;0
4024;0
4025;0
4026;0
4027;0
4028;0
4029;0
4030;0
4031;0
4032;0
4033;0
4034;0
4035;0
4036;0
4037;0
4038;0
4039;0
4040;0
4041;0
4042;0
4043;0
4044;0
4045;0
4046;0
4047;0
4048;0
4049;0
4050;0
4051;0
4052;0
4053;0
4054;0
4055;0
4056;0
4057;0
4058;0
4059;0
4060;0
4061;0
4062;0
4063;0
4064;0
4065;0
4066;0
4067;0
4068;0
4069;0
4070;0
4071;0
4072;0
4073;0
4074;0
4075;0
4076;0
4077;0
4078;0
4079;0
4080;0
4081;0
4082;0
4083;0
4084;0
4085;0
4086;0
4087;0
4088;0
4089;0
4090;0
4091;0
4092;0
4093;0
4094;0
4095;0
4096;0
