L 64,p 0.593000,Z 100000
/* Tamanio de cluster; Ocurrencias de cada tamaño de cluster */
1;7289381
2;1559478
3;933676
4;604407
5;422869
6;310818
7;239717
8;190772
9;156896
10;130721
11;109840
12;95207
13;83614
14;72661
15;64589
16;57547
17;51383
18;47041
19;42449
20;38835
21;35657
22;32991
23;30395
24;28343
25;26368
26;24237
27;23054
28;21439
29;20203
30;19116
31;17982
32;17199
33;16198
34;15321
35;14692
36;13864
37;13386
38;12669
39;11969
40;11455
41;11084
42;10439
43;10382
44;9577
45;9346
46;8982
47;8673
48;8401
49;7929
50;7666
51;7622
52;7168
53;7057
54;6890
55;6510
56;6543
57;6296
58;5929
59;5990
60;5579
61;5618
62;5308
63;5270
64;5057
65;4816
66;4792
67;4704
68;4471
69;4407
70;4218
71;4191
72;4153
73;3929
74;3965
75;3957
76;3706
77;3682
78;3696
79;3539
80;3396
81;3346
82;3350
83;3249
84;3025
85;3151
86;2979
87;2912
88;2984
89;2958
90;2853
91;2731
92;2665
93;2603
94;2622
95;2513
96;2515
97;2436
98;2443
99;2352
100;2334
101;2315
102;2202
103;2160
104;2150
105;2180
106;2085
107;2113
108;1999
109;2095
110;1962
111;1947
112;1958
113;1886
114;1793
115;1905
116;1784
117;1835
118;1821
119;1759
120;1738
121;1685
122;1682
123;1664
124;1619
125;1605
126;1566
127;1531
128;1526
129;1490
130;1458
131;1503
132;1497
133;1367
134;1408
135;1375
136;1402
137;1420
138;1354
139;1372
140;1311
141;1308
142;1330
143;1238
144;1275
145;1251
146;1229
147;1210
148;1199
149;1161
150;1199
151;1182
152;1113
153;1105
154;1135
155;1140
156;1104
157;1167
158;1039
159;1055
160;1012
161;1057
162;1078
163;973
164;1063
165;990
166;958
167;989
168;992
169;993
170;952
171;930
172;933
173;973
174;929
175;917
176;846
177;899
178;863
179;887
180;799
181;848
182;836
183;809
184;804
185;875
186;838
187;801
188;788
189;765
190;754
191;759
192;777
193;817
194;736
195;733
196;754
197;739
198;700
199;693
200;756
201;694
202;725
203;689
204;707
205;674
206;706
207;665
208;681
209;680
210;680
211;629
212;661
213;673
214;622
215;636
216;648
217;610
218;634
219;634
220;653
221;642
222;603
223;622
224;605
225;544
226;602
227;577
228;548
229;586
230;584
231;516
232;585
233;514
234;533
235;580
236;572
237;533
238;546
239;527
240;560
241;533
242;504
243;519
244;520
245;510
246;515
247;517
248;522
249;498
250;497
251;467
252;490
253;491
254;470
255;480
256;451
257;452
258;476
259;463
260;486
261;469
262;492
263;476
264;468
265;464
266;486
267;446
268;456
269;401
270;420
271;440
272;443
273;415
274;449
275;458
276;430
277;383
278;413
279;397
280;397
281;420
282;415
283;384
284;390
285;431
286;429
287;387
288;399
289;382
290;383
291;382
292;374
293;393
294;378
295;368
296;365
297;351
298;398
299;351
300;346
301;383
302;356
303;347
304;355
305;378
306;346
307;346
308;363
309;351
310;338
311;330
312;344
313;391
314;361
315;323
316;360
317;340
318;349
319;338
320;333
321;333
322;381
323;330
324;334
325;310
326;324
327;308
328;322
329;308
330;321
331;286
332;318
333;341
334;326
335;315
336;309
337;280
338;318
339;302
340;305
341;308
342;288
343;305
344;304
345;276
346;307
347;269
348;294
349;288
350;305
351;290
352;249
353;287
354;299
355;284
356;338
357;286
358;259
359;266
360;288
361;284
362;259
363;274
364;271
365;280
366;264
367;236
368;290
369;252
370;231
371;226
372;244
373;249
374;271
375;260
376;272
377;261
378;241
379;252
380;245
381;247
382;256
383;222
384;243
385;239
386;253
387;250
388;273
389;223
390;235
391;240
392;235
393;250
394;275
395;250
396;234
397;249
398;229
399;210
400;223
401;223
402;205
403;225
404;216
405;209
406;220
407;211
408;234
409;200
410;215
411;226
412;222
413;218
414;220
415;244
416;207
417;202
418;233
419;207
420;220
421;248
422;226
423;210
424;194
425;212
426;199
427;198
428;210
429;228
430;201
431;235
432;206
433;204
434;211
435;200
436;209
437;198
438;202
439;204
440;192
441;217
442;183
443;197
444;198
445;185
446;173
447;207
448;213
449;169
450;226
451;172
452;180
453;212
454;182
455;179
456;189
457;182
458;194
459;193
460;202
461;192
462;196
463;175
464;184
465;188
466;180
467;186
468;193
469;171
470;195
471;173
472;170
473;170
474;196
475;196
476;163
477;177
478;159
479;194
480;144
481;184
482;176
483;159
484;152
485;168
486;165
487;153
488;170
489;147
490;183
491;176
492;184
493;154
494;150
495;171
496;191
497;155
498;180
499;168
500;182
501;179
502;176
503;160
504;166
505;173
506;138
507;151
508;158
509;158
510;158
511;160
512;150
513;168
514;162
515;140
516;137
517;166
518;149
519;161
520;144
521;165
522;145
523;149
524;155
525;162
526;155
527;115
528;132
529;157
530;141
531;133
532;145
533;144
534;159
535;137
536;160
537;141
538;139
539;145
540;147
541;149
542;134
543;150
544;150
545;144
546;172
547;154
548;122
549;142
550;136
551;153
552;132
553;152
554;157
555;161
556;153
557;130
558;126
559;139
560;131
561;135
562;144
563;148
564;134
565;123
566;129
567;127
568;147
569;142
570;147
571;131
572;131
573;137
574;138
575;124
576;104
577;114
578;139
579;129
580;132
581;128
582;125
583;120
584;129
585;112
586;143
587;116
588;120
589;122
590;155
591;115
592;144
593;132
594;136
595;104
596;135
597;142
598;120
599;140
600;155
601;140
602;106
603;124
604;110
605;110
606;120
607;115
608;121
609;121
610;123
611;119
612;120
613;131
614;117
615;99
616;128
617;128
618;116
619;129
620;119
621;133
622;105
623;127
624;107
625;121
626;109
627;120
628;106
629;105
630;113
631;121
632;121
633;106
634;100
635;105
636;119
637;107
638;127
639;120
640;127
641;113
642;105
643;95
644;113
645;109
646;91
647;117
648;90
649;84
650;114
651;110
652;101
653;94
654;96
655;105
656;105
657;103
658;101
659;98
660;131
661;106
662;101
663;97
664;103
665;102
666;110
667;109
668;110
669;94
670;105
671;78
672;101
673;105
674;107
675;123
676;121
677;103
678;79
679;118
680;117
681;110
682;84
683;94
684;94
685;99
686;108
687;100
688;88
689;112
690;123
691;101
692;101
693;95
694;99
695;88
696;91
697;90
698;103
699;73
700;105
701;116
702;90
703;90
704;111
705;89
706;96
707;84
708;96
709;94
710;95
711;102
712;82
713;95
714;100
715;98
716;90
717;93
718;85
719;98
720;91
721;89
722;80
723;107
724;89
725;90
726;106
727;88
728;89
729;85
730;91
731;75
732;87
733;83
734;97
735;105
736;80
737;104
738;92
739;95
740;91
741;106
742;79
743;79
744;78
745;84
746;94
747;75
748;95
749;84
750;86
751;102
752;75
753;79
754;94
755;85
756;88
757;90
758;85
759;98
760;97
761;89
762;89
763;94
764;74
765;60
766;93
767;85
768;97
769;98
770;74
771;78
772;75
773;87
774;85
775;82
776;81
777;85
778;86
779;67
780;86
781;80
782;69
783;79
784;71
785;83
786;77
787;79
788;67
789;67
790;79
791;81
792;96
793;88
794;71
795;84
796;80
797;77
798;67
799;87
800;78
801;69
802;83
803;70
804;73
805;71
806;77
807;82
808;78
809;85
810;67
811;78
812;79
813;78
814;73
815;82
816;88
817;76
818;80
819;59
820;72
821;61
822;81
823;71
824;75
825;76
826;82
827;79
828;58
829;84
830;70
831;70
832;90
833;76
834;67
835;67
836;63
837;78
838;67
839;69
840;64
841;81
842;62
843;67
844;73
845;68
846;73
847;57
848;74
849;66
850;60
851;69
852;81
853;70
854;72
855;60
856;81
857;61
858;63
859;56
860;63
861;77
862;56
863;56
864;68
865;66
866;70
867;65
868;62
869;68
870;72
871;58
872;60
873;75
874;58
875;65
876;72
877;64
878;63
879;72
880;61
881;63
882;72
883;73
884;62
885;67
886;66
887;61
888;75
889;65
890;59
891;57
892;69
893;77
894;52
895;60
896;81
897;56
898;58
899;70
900;69
901;63
902;71
903;57
904;71
905;58
906;75
907;62
908;62
909;57
910;51
911;51
912;52
913;51
914;73
915;51
916;54
917;58
918;55
919;60
920;48
921;55
922;59
923;76
924;75
925;61
926;61
927;49
928;53
929;54
930;53
931;61
932;64
933;60
934;69
935;72
936;59
937;59
938;71
939;59
940;44
941;54
942;65
943;52
944;57
945;58
946;62
947;63
948;48
949;50
950;51
951;64
952;62
953;59
954;63
955;56
956;67
957;48
958;64
959;49
960;53
961;55
962;52
963;72
964;49
965;54
966;42
967;48
968;48
969;46
970;53
971;60
972;58
973;48
974;55
975;50
976;77
977;45
978;63
979;63
980;47
981;54
982;49
983;61
984;48
985;56
986;49
987;59
988;40
989;46
990;48
991;59
992;49
993;61
994;54
995;59
996;54
997;57
998;60
999;59
1000;51
1001;47
1002;46
1003;45
1004;69
1005;45
1006;52
1007;47
1008;44
1009;57
1010;57
1011;53
1012;55
1013;47
1014;44
1015;54
1016;49
1017;45
1018;56
1019;53
1020;51
1021;46
1022;39
1023;46
1024;38
1025;54
1026;55
1027;47
1028;46
1029;48
1030;62
1031;56
1032;46
1033;47
1034;54
1035;50
1036;54
1037;50
1038;59
1039;56
1040;50
1041;42
1042;56
1043;48
1044;39
1045;45
1046;47
1047;44
1048;53
1049;39
1050;64
1051;47
1052;43
1053;49
1054;50
1055;46
1056;46
1057;44
1058;43
1059;31
1060;47
1061;50
1062;42
1063;38
1064;46
1065;53
1066;52
1067;54
1068;50
1069;36
1070;70
1071;36
1072;50
1073;53
1074;39
1075;59
1076;51
1077;52
1078;45
1079;43
1080;36
1081;39
1082;47
1083;32
1084;38
1085;45
1086;39
1087;30
1088;30
1089;50
1090;42
1091;47
1092;36
1093;43
1094;40
1095;37
1096;42
1097;33
1098;57
1099;33
1100;38
1101;46
1102;44
1103;38
1104;46
1105;45
1106;44
1107;34
1108;42
1109;56
1110;51
1111;42
1112;39
1113;43
1114;38
1115;44
1116;37
1117;35
1118;40
1119;42
1120;34
1121;40
1122;38
1123;43
1124;39
1125;56
1126;37
1127;31
1128;31
1129;29
1130;38
1131;39
1132;42
1133;34
1134;39
1135;52
1136;33
1137;36
1138;34
1139;31
1140;34
1141;47
1142;27
1143;33
1144;38
1145;30
1146;40
1147;37
1148;53
1149;59
1150;35
1151;44
1152;30
1153;26
1154;43
1155;36
1156;43
1157;40
1158;37
1159;35
1160;36
1161;36
1162;38
1163;38
1164;31
1165;41
1166;41
1167;28
1168;33
1169;33
1170;54
1171;27
1172;39
1173;43
1174;38
1175;41
1176;31
1177;34
1178;38
1179;25
1180;36
1181;45
1182;30
1183;40
1184;31
1185;32
1186;41
1187;37
1188;29
1189;32
1190;40
1191;41
1192;33
1193;31
1194;39
1195;35
1196;35
1197;41
1198;39
1199;27
1200;46
1201;34
1202;40
1203;24
1204;41
1205;37
1206;29
1207;24
1208;36
1209;41
1210;27
1211;34
1212;27
1213;30
1214;39
1215;27
1216;42
1217;30
1218;33
1219;28
1220;39
1221;32
1222;31
1223;29
1224;41
1225;34
1226;32
1227;32
1228;31
1229;31
1230;32
1231;22
1232;34
1233;30
1234;37
1235;29
1236;36
1237;27
1238;32
1239;19
1240;27
1241;38
1242;25
1243;41
1244;34
1245;30
1246;30
1247;44
1248;25
1249;36
1250;35
1251;32
1252;26
1253;27
1254;33
1255;27
1256;21
1257;34
1258;28
1259;20
1260;27
1261;31
1262;27
1263;35
1264;27
1265;28
1266;34
1267;25
1268;21
1269;37
1270;32
1271;29
1272;25
1273;23
1274;30
1275;27
1276;25
1277;29
1278;31
1279;23
1280;14
1281;33
1282;23
1283;27
1284;24
1285;31
1286;29
1287;25
1288;31
1289;20
1290;23
1291;31
1292;24
1293;27
1294;27
1295;32
1296;32
1297;23
1298;24
1299;25
1300;21
1301;29
1302;33
1303;26
1304;30
1305;26
1306;25
1307;24
1308;22
1309;24
1310;29
1311;33
1312;25
1313;34
1314;30
1315;22
1316;24
1317;18
1318;24
1319;13
1320;26
1321;33
1322;26
1323;25
1324;26
1325;28
1326;21
1327;26
1328;26
1329;21
1330;24
1331;22
1332;27
1333;28
1334;20
1335;25
1336;27
1337;21
1338;23
1339;26
1340;37
1341;18
1342;28
1343;24
1344;25
1345;18
1346;29
1347;22
1348;30
1349;12
1350;28
1351;23
1352;18
1353;23
1354;21
1355;18
1356;22
1357;22
1358;19
1359;23
1360;22
1361;26
1362;18
1363;21
1364;22
1365;18
1366;24
1367;12
1368;20
1369;23
1370;17
1371;15
1372;24
1373;32
1374;23
1375;19
1376;21
1377;21
1378;19
1379;18
1380;21
1381;23
1382;19
1383;24
1384;13
1385;22
1386;21
1387;25
1388;18
1389;21
1390;16
1391;11
1392;22
1393;15
1394;10
1395;17
1396;20
1397;9
1398;15
1399;18
1400;17
1401;21
1402;17
1403;21
1404;25
1405;25
1406;15
1407;19
1408;24
1409;15
1410;17
1411;23
1412;18
1413;21
1414;14
1415;19
1416;18
1417;21
1418;14
1419;12
1420;20
1421;8
1422;16
1423;18
1424;25
1425;15
1426;15
1427;19
1428;12
1429;17
1430;14
1431;26
1432;14
1433;13
1434;14
1435;17
1436;14
1437;13
1438;19
1439;12
1440;11
1441;11
1442;20
1443;13
1444;10
1445;14
1446;15
1447;21
1448;12
1449;12
1450;18
1451;7
1452;13
1453;22
1454;18
1455;17
1456;22
1457;12
1458;18
1459;17
1460;19
1461;8
1462;16
1463;26
1464;16
1465;12
1466;8
1467;12
1468;13
1469;17
1470;12
1471;13
1472;16
1473;11
1474;14
1475;15
1476;14
1477;12
1478;9
1479;13
1480;8
1481;14
1482;10
1483;7
1484;10
1485;15
1486;9
1487;14
1488;18
1489;12
1490;12
1491;16
1492;16
1493;13
1494;13
1495;9
1496;8
1497;10
1498;11
1499;13
1500;11
1501;16
1502;18
1503;15
1504;15
1505;15
1506;14
1507;9
1508;13
1509;9
1510;9
1511;10
1512;16
1513;11
1514;7
1515;11
1516;10
1517;10
1518;14
1519;8
1520;5
1521;7
1522;15
1523;7
1524;8
1525;10
1526;13
1527;11
1528;13
1529;9
1530;15
1531;12
1532;9
1533;6
1534;12
1535;6
1536;6
1537;10
1538;10
1539;10
1540;13
1541;6
1542;10
1543;9
1544;14
1545;11
1546;8
1547;11
1548;10
1549;10
1550;11
1551;11
1552;7
1553;13
1554;6
1555;11
1556;11
1557;5
1558;15
1559;5
1560;10
1561;10
1562;7
1563;4
1564;6
1565;9
1566;6
1567;14
1568;10
1569;12
1570;2
1571;8
1572;8
1573;4
1574;6
1575;8
1576;8
1577;3
1578;4
1579;10
1580;12
1581;8
1582;5
1583;9
1584;10
1585;10
1586;10
1587;5
1588;10
1589;8
1590;5
1591;7
1592;4
1593;9
1594;8
1595;11
1596;8
1597;4
1598;9
1599;5
1600;7
1601;8
1602;3
1603;9
1604;4
1605;6
1606;4
1607;7
1608;4
1609;6
1610;9
1611;8
1612;6
1613;7
1614;11
1615;5
1616;8
1617;11
1618;4
1619;8
1620;4
1621;3
1622;7
1623;9
1624;4
1625;5
1626;9
1627;2
1628;6
1629;4
1630;3
1631;6
1632;3
1633;5
1634;4
1635;6
1636;6
1637;4
1638;3
1639;8
1640;5
1641;3
1642;9
1643;5
1644;4
1645;7
1646;6
1647;5
1648;6
1649;6
1650;6
1651;1
1652;1
1653;4
1654;3
1655;1
1656;8
1657;8
1658;3
1659;7
1660;2
1661;6
1662;4
1663;7
1664;10
1665;4
1666;4
1667;5
1668;5
1669;0
1670;3
1671;4
1672;8
1673;2
1674;5
1675;3
1676;3
1677;4
1678;2
1679;5
1680;3
1681;7
1682;3
1683;4
1684;3
1685;4
1686;5
1687;4
1688;0
1689;2
1690;5
1691;1
1692;4
1693;1
1694;3
1695;3
1696;4
1697;4
1698;2
1699;3
1700;4
1701;0
1702;1
1703;6
1704;2
1705;1
1706;1
1707;2
1708;2
1709;4
1710;3
1711;3
1712;5
1713;4
1714;1
1715;3
1716;1
1717;3
1718;0
1719;2
1720;4
1721;1
1722;5
1723;4
1724;3
1725;2
1726;2
1727;0
1728;5
1729;1
1730;6
1731;3
1732;2
1733;2
1734;1
1735;0
1736;1
1737;2
1738;3
1739;1
1740;1
1741;1
1742;4
1743;4
1744;2
1745;1
1746;3
1747;1
1748;2
1749;3
1750;4
1751;3
1752;3
1753;2
1754;4
1755;2
1756;2
1757;4
1758;1
1759;2
1760;4
1761;1
1762;2
1763;2
1764;2
1765;1
1766;4
1767;4
1768;2
1769;1
1770;3
1771;2
1772;3
1773;2
1774;2
1775;4
1776;1
1777;3
1778;0
1779;3
1780;4
1781;4
1782;1
1783;1
1784;0
1785;3
1786;3
1787;2
1788;3
1789;0
1790;0
1791;2
1792;0
1793;1
1794;1
1795;0
1796;0
1797;2
1798;0
1799;1
1800;2
1801;2
1802;2
1803;2
1804;1
1805;0
1806;0
1807;1
1808;1
1809;0
1810;1
1811;0
1812;4
1813;3
1814;2
1815;0
1816;0
1817;0
1818;2
1819;0
1820;0
1821;0
1822;3
1823;2
1824;2
1825;1
1826;2
1827;1
1828;2
1829;1
1830;1
1831;3
1832;1
1833;1
1834;1
1835;0
1836;0
1837;1
1838;0
1839;3
1840;0
1841;0
1842;1
1843;0
1844;1
1845;0
1846;1
1847;0
1848;0
1849;1
1850;1
1851;2
1852;0
1853;0
1854;0
1855;2
1856;0
1857;1
1858;1
1859;0
1860;1
1861;1
1862;1
1863;2
1864;0
1865;1
1866;1
1867;0
1868;0
1869;0
1870;0
1871;0
1872;0
1873;2
1874;1
1875;0
1876;0
1877;1
1878;1
1879;0
1880;0
1881;1
1882;0
1883;1
1884;0
1885;0
1886;0
1887;0
1888;0
1889;1
1890;1
1891;0
1892;0
1893;2
1894;0
1895;1
1896;0
1897;0
1898;1
1899;0
1900;0
1901;0
1902;0
1903;0
1904;0
1905;0
1906;1
1907;2
1908;0
1909;0
1910;0
1911;0
1912;0
1913;0
1914;0
1915;3
1916;1
1917;0
1918;0
1919;0
1920;0
1921;0
1922;0
1923;1
1924;0
1925;0
1926;0
1927;0
1928;0
1929;0
1930;0
1931;0
1932;1
1933;0
1934;1
1935;1
1936;0
1937;0
1938;0
1939;0
1940;0
1941;0
1942;0
1943;0
1944;0
1945;0
1946;0
1947;0
1948;0
1949;0
1950;0
1951;1
1952;0
1953;0
1954;0
1955;0
1956;0
1957;0
1958;1
1959;0
1960;0
1961;0
1962;0
1963;0
1964;0
1965;0
1966;0
1967;1
1968;0
1969;0
1970;0
1971;0
1972;0
1973;0
1974;0
1975;0
1976;0
1977;0
1978;0
1979;0
1980;1
1981;0
1982;0
1983;0
1984;0
1985;0
1986;0
1987;0
1988;0
1989;0
1990;0
1991;0
1992;0
1993;0
1994;0
1995;0
1996;0
1997;0
1998;0
1999;0
2000;0
2001;0
2002;0
2003;0
2004;0
2005;0
2006;0
2007;0
2008;0
2009;0
2010;0
2011;0
2012;0
2013;0
2014;0
2015;0
2016;0
2017;0
2018;0
2019;0
2020;0
2021;0
2022;0
2023;0
2024;0
2025;0
2026;0
2027;0
2028;0
2029;0
2030;0
2031;0
2032;0
2033;0
2034;0
2035;0
2036;0
2037;0
2038;0
2039;0
2040;0
2041;0
2042;0
2043;0
2044;0
2045;0
2046;0
2047;0
2048;0
2049;0
2050;0
2051;0
2052;0
2053;0
2054;0
2055;0
2056;0
2057;0
2058;0
2059;0
2060;0
2061;0
2062;0
2063;0
2064;0
2065;0
2066;0
2067;1
2068;0
2069;0
2070;0
2071;0
2072;0
2073;0
2074;0
2075;0
2076;0
2077;0
2078;0
2079;0
2080;0
2081;0
2082;0
2083;0
2084;0
2085;0
2086;0
2087;0
2088;0
2089;0
2090;0
2091;0
2092;0
2093;0
2094;0
2095;0
2096;0
2097;0
2098;0
2099;0
2100;0
2101;0
2102;0
2103;0
2104;0
2105;0
2106;0
2107;0
2108;0
2109;0
2110;0
2111;0
2112;0
2113;0
2114;0
2115;0
2116;0
2117;0
2118;0
2119;0
2120;0
2121;0
2122;0
2123;0
2124;0
2125;0
2126;0
2127;0
2128;0
2129;0
2130;0
2131;0
2132;0
2133;0
2134;0
2135;0
2136;0
2137;0
2138;0
2139;0
2140;0
2141;0
2142;0
2143;0
2144;0
2145;0
2146;0
2147;0
2148;0
2149;0
2150;0
2151;0
2152;0
2153;0
2154;0
2155;0
2156;0
2157;0
2158;0
2159;0
2160;0
2161;0
2162;0
2163;0
2164;0
2165;0
2166;0
2167;0
2168;0
2169;0
2170;0
2171;0
2172;0
2173;0
2174;0
2175;0
2176;0
2177;0
2178;0
2179;0
2180;0
2181;0
2182;0
2183;0
2184;0
2185;0
2186;0
2187;0
2188;0
2189;0
2190;0
2191;0
2192;0
2193;0
2194;0
2195;0
2196;0
2197;0
2198;0
2199;0
2200;0
2201;0
2202;0
2203;0
2204;0
2205;0
2206;0
2207;0
2208;0
2209;0
2210;0
2211;0
2212;0
2213;0
2214;0
2215;0
2216;0
2217;0
2218;0
2219;0
2220;0
2221;0
2222;0
2223;0
2224;0
2225;0
2226;0
2227;0
2228;0
2229;0
2230;0
2231;0
2232;0
2233;0
2234;0
2235;0
2236;0
2237;0
2238;0
2239;0
2240;0
2241;0
2242;0
2243;0
2244;0
2245;0
2246;0
2247;0
2248;0
2249;0
2250;0
2251;0
2252;0
2253;0
2254;0
2255;0
2256;0
2257;0
2258;0
2259;0
2260;0
2261;0
2262;0
2263;0
2264;0
2265;0
2266;0
2267;0
2268;0
2269;0
2270;0
2271;0
2272;0
2273;0
2274;0
2275;0
2276;0
2277;0
2278;0
2279;0
2280;0
2281;0
2282;0
2283;0
2284;0
2285;0
2286;0
2287;0
2288;0
2289;0
2290;0
2291;0
2292;0
2293;0
2294;0
2295;0
2296;0
2297;0
2298;0
2299;0
2300;0
2301;0
2302;0
2303;0
2304;0
2305;0
2306;0
2307;0
2308;0
2309;0
2310;0
2311;0
2312;0
2313;0
2314;0
2315;0
2316;0
2317;0
2318;0
2319;0
2320;0
2321;0
2322;0
2323;0
2324;0
2325;0
2326;0
2327;0
2328;0
2329;0
2330;0
2331;0
2332;0
2333;0
2334;0
2335;0
2336;0
2337;0
2338;0
2339;0
2340;0
2341;0
2342;0
2343;0
2344;0
2345;0
2346;0
2347;0
2348;0
2349;0
2350;0
2351;0
2352;0
2353;0
2354;0
2355;0
2356;0
2357;0
2358;0
2359;0
2360;0
2361;0
2362;0
2363;0
2364;0
2365;0
2366;0
2367;0
2368;0
2369;0
2370;0
2371;0
2372;0
2373;0
2374;0
2375;0
2376;0
2377;0
2378;0
2379;0
2380;0
2381;0
2382;0
2383;0
2384;0
2385;0
2386;0
2387;0
2388;0
2389;0
2390;0
2391;0
2392;0
2393;0
2394;0
2395;0
2396;0
2397;0
2398;0
2399;0
2400;0
2401;0
2402;0
2403;0
2404;0
2405;0
2406;0
2407;0
2408;0
2409;0
2410;0
2411;0
2412;0
2413;0
2414;0
2415;0
2416;0
2417;0
2418;0
2419;0
2420;0
2421;0
2422;0
2423;0
2424;0
2425;0
2426;0
2427;0
2428;0
2429;0
2430;0
2431;0
2432;0
2433;0
2434;0
2435;0
2436;0
2437;0
2438;0
2439;0
2440;0
2441;0
2442;0
2443;0
2444;0
2445;0
2446;0
2447;0
2448;0
2449;0
2450;0
2451;0
2452;0
2453;0
2454;0
2455;0
2456;0
2457;0
2458;0
2459;0
2460;0
2461;0
2462;0
2463;0
2464;0
2465;0
2466;0
2467;0
2468;0
2469;0
2470;0
2471;0
2472;0
2473;0
2474;0
2475;0
2476;0
2477;0
2478;0
2479;0
2480;0
2481;0
2482;0
2483;0
2484;0
2485;0
2486;0
2487;0
2488;0
2489;0
2490;0
2491;0
2492;0
2493;0
2494;0
2495;0
2496;0
2497;0
2498;0
2499;0
2500;0
2501;0
2502;0
2503;0
2504;0
2505;0
2506;0
2507;0
2508;0
2509;0
2510;0
2511;0
2512;0
2513;0
2514;0
2515;0
2516;0
2517;0
2518;0
2519;0
2520;0
2521;0
2522;0
2523;0
2524;0
2525;0
2526;0
2527;0
2528;0
2529;0
2530;0
2531;0
2532;0
2533;0
2534;0
2535;0
2536;0
2537;0
2538;0
2539;0
2540;0
2541;0
2542;0
2543;0
2544;0
2545;0
2546;0
2547;0
2548;0
2549;0
2550;0
2551;0
2552;0
2553;0
2554;0
2555;0
2556;0
2557;0
2558;0
2559;0
2560;0
2561;0
2562;0
2563;0
2564;0
2565;0
2566;0
2567;0
2568;0
2569;0
2570;0
2571;0
2572;0
2573;0
2574;0
2575;0
2576;0
2577;0
2578;0
2579;0
2580;0
2581;0
2582;0
2583;0
2584;0
2585;0
2586;0
2587;0
2588;0
2589;0
2590;0
2591;0
2592;0
2593;0
2594;0
2595;0
2596;0
2597;0
2598;0
2599;0
2600;0
2601;0
2602;0
2603;0
2604;0
2605;0
2606;0
2607;0
2608;0
2609;0
2610;0
2611;0
2612;0
2613;0
2614;0
2615;0
2616;0
2617;0
2618;0
2619;0
2620;0
2621;0
2622;0
2623;0
2624;0
2625;0
2626;0
2627;0
2628;0
2629;0
2630;0
2631;0
2632;0
2633;0
2634;0
2635;0
2636;0
2637;0
2638;0
2639;0
2640;0
2641;0
2642;0
2643;0
2644;0
2645;0
2646;0
2647;0
2648;0
2649;0
2650;0
2651;0
2652;0
2653;0
2654;0
2655;0
2656;0
2657;0
2658;0
2659;0
2660;0
2661;0
2662;0
2663;0
2664;0
2665;0
2666;0
2667;0
2668;0
2669;0
2670;0
2671;0
2672;0
2673;0
2674;0
2675;0
2676;0
2677;0
2678;0
2679;0
2680;0
2681;0
2682;0
2683;0
2684;0
2685;0
2686;0
2687;0
2688;0
2689;0
2690;0
2691;0
2692;0
2693;0
2694;0
2695;0
2696;0
2697;0
2698;0
2699;0
2700;0
2701;0
2702;0
2703;0
2704;0
2705;0
2706;0
2707;0
2708;0
2709;0
2710;0
2711;0
2712;0
2713;0
2714;0
2715;0
2716;0
2717;0
2718;0
2719;0
2720;0
2721;0
2722;0
2723;0
2724;0
2725;0
2726;0
2727;0
2728;0
2729;0
2730;0
2731;0
2732;0
2733;0
2734;0
2735;0
2736;0
2737;0
2738;0
2739;0
2740;0
2741;0
2742;0
2743;0
2744;0
2745;0
2746;0
2747;0
2748;0
2749;0
2750;0
2751;0
2752;0
2753;0
2754;0
2755;0
2756;0
2757;0
2758;0
2759;0
2760;0
2761;0
2762;0
2763;0
2764;0
2765;0
2766;0
2767;0
2768;0
2769;0
2770;0
2771;0
2772;0
2773;0
2774;0
2775;0
2776;0
2777;0
2778;0
2779;0
2780;0
2781;0
2782;0
2783;0
2784;0
2785;0
2786;0
2787;0
2788;0
2789;0
2790;0
2791;0
2792;0
2793;0
2794;0
2795;0
2796;0
2797;0
2798;0
2799;0
2800;0
2801;0
2802;0
2803;0
2804;0
2805;0
2806;0
2807;0
2808;0
2809;0
2810;0
2811;0
2812;0
2813;0
2814;0
2815;0
2816;0
2817;0
2818;0
2819;0
2820;0
2821;0
2822;0
2823;0
2824;0
2825;0
2826;0
2827;0
2828;0
2829;0
2830;0
2831;0
2832;0
2833;0
2834;0
2835;0
2836;0
2837;0
2838;0
2839;0
2840;0
2841;0
2842;0
2843;0
2844;0
2845;0
2846;0
2847;0
2848;0
2849;0
2850;0
2851;0
2852;0
2853;0
2854;0
2855;0
2856;0
2857;0
2858;0
2859;0
2860;0
2861;0
2862;0
2863;0
2864;0
2865;0
2866;0
2867;0
2868;0
2869;0
2870;0
2871;0
2872;0
2873;0
2874;0
2875;0
2876;0
2877;0
2878;0
2879;0
2880;0
2881;0
2882;0
2883;0
2884;0
2885;0
2886;0
2887;0
2888;0
2889;0
2890;0
2891;0
2892;0
2893;0
2894;0
2895;0
2896;0
2897;0
2898;0
2899;0
2900;0
2901;0
2902;0
2903;0
2904;0
2905;0
2906;0
2907;0
2908;0
2909;0
2910;0
2911;0
2912;0
2913;0
2914;0
2915;0
2916;0
2917;0
2918;0
2919;0
2920;0
2921;0
2922;0
2923;0
2924;0
2925;0
2926;0
2927;0
2928;0
2929;0
2930;0
2931;0
2932;0
2933;0
2934;0
2935;0
2936;0
2937;0
2938;0
2939;0
2940;0
2941;0
2942;0
2943;0
2944;0
2945;0
2946;0
2947;0
2948;0
2949;0
2950;0
2951;0
2952;0
2953;0
2954;0
2955;0
2956;0
2957;0
2958;0
2959;0
2960;0
2961;0
2962;0
2963;0
2964;0
2965;0
2966;0
2967;0
2968;0
2969;0
2970;0
2971;0
2972;0
2973;0
2974;0
2975;0
2976;0
2977;0
2978;0
2979;0
2980;0
2981;0
2982;0
2983;0
2984;0
2985;0
2986;0
2987;0
2988;0
2989;0
2990;0
2991;0
2992;0
2993;0
2994;0
2995;0
2996;0
2997;0
2998;0
2999;0
3000;0
3001;0
3002;0
3003;0
3004;0
3005;0
3006;0
3007;0
3008;0
3009;0
3010;0
3011;0
3012;0
3013;0
3014;0
3015;0
3016;0
3017;0
3018;0
3019;0
3020;0
3021;0
3022;0
3023;0
3024;0
3025;0
3026;0
3027;0
3028;0
3029;0
3030;0
3031;0
3032;0
3033;0
3034;0
3035;0
3036;0
3037;0
3038;0
3039;0
3040;0
3041;0
3042;0
3043;0
3044;0
3045;0
3046;0
3047;0
3048;0
3049;0
3050;0
3051;0
3052;0
3053;0
3054;0
3055;0
3056;0
3057;0
3058;0
3059;0
3060;0
3061;0
3062;0
3063;0
3064;0
3065;0
3066;0
3067;0
3068;0
3069;0
3070;0
3071;0
3072;0
3073;0
3074;0
3075;0
3076;0
3077;0
3078;0
3079;0
3080;0
3081;0
3082;0
3083;0
3084;0
3085;0
3086;0
3087;0
3088;0
3089;0
3090;0
3091;0
3092;0
3093;0
3094;0
3095;0
3096;0
3097;0
3098;0
3099;0
3100;0
3101;0
3102;0
3103;0
3104;0
3105;0
3106;0
3107;0
3108;0
3109;0
3110;0
3111;0
3112;0
3113;0
3114;0
3115;0
3116;0
3117;0
3118;0
3119;0
3120;0
3121;0
3122;0
3123;0
3124;0
3125;0
3126;0
3127;0
3128;0
3129;0
3130;0
3131;0
3132;0
3133;0
3134;0
3135;0
3136;0
3137;0
3138;0
3139;0
3140;0
3141;0
3142;0
3143;0
3144;0
3145;0
3146;0
3147;0
3148;0
3149;0
3150;0
3151;0
3152;0
3153;0
3154;0
3155;0
3156;0
3157;0
3158;0
3159;0
3160;0
3161;0
3162;0
3163;0
3164;0
3165;0
3166;0
3167;0
3168;0
3169;0
3170;0
3171;0
3172;0
3173;0
3174;0
3175;0
3176;0
3177;0
3178;0
3179;0
3180;0
3181;0
3182;0
3183;0
3184;0
3185;0
3186;0
3187;0
3188;0
3189;0
3190;0
3191;0
3192;0
3193;0
3194;0
3195;0
3196;0
3197;0
3198;0
3199;0
3200;0
3201;0
3202;0
3203;0
3204;0
3205;0
3206;0
3207;0
3208;0
3209;0
3210;0
3211;0
3212;0
3213;0
3214;0
3215;0
3216;0
3217;0
3218;0
3219;0
3220;0
3221;0
3222;0
3223;0
3224;0
3225;0
3226;0
3227;0
3228;0
3229;0
3230;0
3231;0
3232;0
3233;0
3234;0
3235;0
3236;0
3237;0
3238;0
3239;0
3240;0
3241;0
3242;0
3243;0
3244;0
3245;0
3246;0
3247;0
3248;0
3249;0
3250;0
3251;0
3252;0
3253;0
3254;0
3255;0
3256;0
3257;0
3258;0
3259;0
3260;0
3261;0
3262;0
3263;0
3264;0
3265;0
3266;0
3267;0
3268;0
3269;0
3270;0
3271;0
3272;0
3273;0
3274;0
3275;0
3276;0
3277;0
3278;0
3279;0
3280;0
3281;0
3282;0
3283;0
3284;0
3285;0
3286;0
3287;0
3288;0
3289;0
3290;0
3291;0
3292;0
3293;0
3294;0
3295;0
3296;0
3297;0
3298;0
3299;0
3300;0
3301;0
3302;0
3303;0
3304;0
3305;0
3306;0
3307;0
3308;0
3309;0
3310;0
3311;0
3312;0
3313;0
3314;0
3315;0
3316;0
3317;0
3318;0
3319;0
3320;0
3321;0
3322;0
3323;0
3324;0
3325;0
3326;0
3327;0
3328;0
3329;0
3330;0
3331;0
3332;0
3333;0
3334;0
3335;0
3336;0
3337;0
3338;0
3339;0
3340;0
3341;0
3342;0
3343;0
3344;0
3345;0
3346;0
3347;0
3348;0
3349;0
3350;0
3351;0
3352;0
3353;0
3354;0
3355;0
3356;0
3357;0
3358;0
3359;0
3360;0
3361;0
3362;0
3363;0
3364;0
3365;0
3366;0
3367;0
3368;0
3369;0
3370;0
3371;0
3372;0
3373;0
3374;0
3375;0
3376;0
3377;0
3378;0
3379;0
3380;0
3381;0
3382;0
3383;0
3384;0
3385;0
3386;0
3387;0
3388;0
3389;0
3390;0
3391;0
3392;0
3393;0
3394;0
3395;0
3396;0
3397;0
3398;0
3399;0
3400;0
3401;0
3402;0
3403;0
3404;0
3405;0
3406;0
3407;0
3408;0
3409;0
3410;0
3411;0
3412;0
3413;0
3414;0
3415;0
3416;0
3417;0
3418;0
3419;0
3420;0
3421;0
3422;0
3423;0
3424;0
3425;0
3426;0
3427;0
3428;0
3429;0
3430;0
3431;0
3432;0
3433;0
3434;0
3435;0
3436;0
3437;0
3438;0
3439;0
3440;0
3441;0
3442;0
3443;0
3444;0
3445;0
3446;0
3447;0
3448;0
3449;0
3450;0
3451;0
3452;0
3453;0
3454;0
3455;0
3456;0
3457;0
3458;0
3459;0
3460;0
3461;0
3462;0
3463;0
3464;0
3465;0
3466;0
3467;0
3468;0
3469;0
3470;0
3471;0
3472;0
3473;0
3474;0
3475;0
3476;0
3477;0
3478;0
3479;0
3480;0
3481;0
3482;0
3483;0
3484;0
3485;0
3486;0
3487;0
3488;0
3489;0
3490;0
3491;0
3492;0
3493;0
3494;0
3495;0
3496;0
3497;0
3498;0
3499;0
3500;0
3501;0
3502;0
3503;0
3504;0
3505;0
3506;0
3507;0
3508;0
3509;0
3510;0
3511;0
3512;0
3513;0
3514;0
3515;0
3516;0
3517;0
3518;0
3519;0
3520;0
3521;0
3522;0
3523;0
3524;0
3525;0
3526;0
3527;0
3528;0
3529;0
3530;0
3531;0
3532;0
3533;0
3534;0
3535;0
3536;0
3537;0
3538;0
3539;0
3540;0
3541;0
3542;0
3543;0
3544;0
3545;0
3546;0
3547;0
3548;0
3549;0
3550;0
3551;0
3552;0
3553;0
3554;0
3555;0
3556;0
3557;0
3558;0
3559;0
3560;0
3561;0
3562;0
3563;0
3564;0
3565;0
3566;0
3567;0
3568;0
3569;0
3570;0
3571;0
3572;0
3573;0
3574;0
3575;0
3576;0
3577;0
3578;0
3579;0
3580;0
3581;0
3582;0
3583;0
3584;0
3585;0
3586;0
3587;0
3588;0
3589;0
3590;0
3591;0
3592;0
3593;0
3594;0
3595;0
3596;0
3597;0
3598;0
3599;0
3600;0
3601;0
3602;0
3603;0
3604;0
3605;0
3606;0
3607;0
3608;0
3609;0
3610;0
3611;0
3612;0
3613;0
3614;0
3615;0
3616;0
3617;0
3618;0
3619;0
3620;0
3621;0
3622;0
3623;0
3624;0
3625;0
3626;0
3627;0
3628;0
3629;0
3630;0
3631;0
3632;0
3633;0
3634;0
3635;0
3636;0
3637;0
3638;0
3639;0
3640;0
3641;0
3642;0
3643;0
3644;0
3645;0
3646;0
3647;0
3648;0
3649;0
3650;0
3651;0
3652;0
3653;0
3654;0
3655;0
3656;0
3657;0
3658;0
3659;0
3660;0
3661;0
3662;0
3663;0
3664;0
3665;0
3666;0
3667;0
3668;0
3669;0
3670;0
3671;0
3672;0
3673;0
3674;0
3675;0
3676;0
3677;0
3678;0
3679;0
3680;0
3681;0
3682;0
3683;0
3684;0
3685;0
3686;0
3687;0
3688;0
3689;0
3690;0
3691;0
3692;0
3693;0
3694;0
3695;0
3696;0
3697;0
3698;0
3699;0
3700;0
3701;0
3702;0
3703;0
3704;0
3705;0
3706;0
3707;0
3708;0
3709;0
3710;0
3711;0
3712;0
3713;0
3714;0
3715;0
3716;0
3717;0
3718;0
3719;0
3720;0
3721;0
3722;0
3723;0
3724;0
3725;0
3726;0
3727;0
3728;0
3729;0
3730;0
3731;0
3732;0
3733;0
3734;0
3735;0
3736;0
3737;0
3738;0
3739;0
3740;0
3741;0
3742;0
3743;0
3744;0
3745;0
3746;0
3747;0
3748;0
3749;0
3750;0
3751;0
3752;0
3753;0
3754;0
3755;0
3756;0
3757;0
3758;0
3759;0
3760;0
3761;0
3762;0
3763;0
3764;0
3765;0
3766;0
3767;0
3768;0
3769;0
3770;0
3771;0
3772;0
3773;0
3774;0
3775;0
3776;0
3777;0
3778;0
3779;0
3780;0
3781;0
3782;0
3783;0
3784;0
3785;0
3786;0
3787;0
3788;0
3789;0
3790;0
3791;0
3792;0
3793;0
3794;0
3795;0
3796;0
3797;0
3798;0
3799;0
3800;0
3801;0
3802;0
3803;0
3804;0
3805;0
3806;0
3807;0
3808;0
3809;0
3810;0
3811;0
3812;0
3813;0
3814;0
3815;0
3816;0
3817;0
3818;0
3819;0
3820;0
3821;0
3822;0
3823;0
3824;0
3825;0
3826;0
3827;0
3828;0
3829;0
3830;0
3831;0
3832;0
3833;0
3834;0
3835;0
3836;0
3837;0
3838;0
3839;0
3840;0
3841;0
3842;0
3843;0
3844;0
3845;0
3846;0
3847;0
3848;0
3849;0
3850;0
3851;0
3852;0
3853;0
3854;0
3855;0
3856;0
3857;0
3858;0
3859;0
3860;0
3861;0
3862;0
3863;0
3864;0
3865;0
3866;0
3867;0
3868;0
3869;0
3870;0
3871;0
3872;0
3873;0
3874;0
3875;0
3876;0
3877;0
3878;0
3879;0
3880;0
3881;0
3882;0
3883;0
3884;0
3885;0
3886;0
3887;0
3888;0
3889;0
3890;0
3891;0
3892;0
3893;0
3894;0
3895;0
3896;0
3897;0
3898;0
3899;0
3900;0
3901;0
3902;0
3903;0
3904;0
3905;0
3906;0
3907;0
3908;0
3909;0
3910;0
3911;0
3912;0
3913;0
3914;0
3915;0
3916;0
3917;0
3918;0
3919;0
3920;0
3921;0
3922;0
3923;0
3924;0
3925;0
3926;0
3927;0
3928;0
3929;0
3930;0
3931;0
3932;0
3933;0
3934;0
3935;0
3936;0
3937;0
3938;0
3939;0
3940;0
3941;0
3942;0
3943;0
3944;0
3945;0
3946;0
3947;0
3948;0
3949;0
3950;0
3951;0
3952;0
3953;0
3954;0
3955;0
3956;0
3957;0
3958;0
3959;0
3960;0
3961;0
3962;0
3963;0
3964;0
3965;0
3966;0
3967;0
3968;0
3969;0
3970;0
3971;0
3972;0
3973;0
3974;0
3975;0
3976;0
3977;0
3978;0
3979;0
3980;0
3981;0
3982;0
3983;0
3984;0
3985;0
3986;0
3987;0
3988;0
3989;0
3990;0
3991;0
3992;0
3993;0
3994;0
3995;0
3996;0
3997;0
3998;0
3999;0
4000;0
4001;0
4002;0
4003;0
4004;0
4005;0
4006;0
4007;0
4008;0
4009;0
4010;0
4011;0
4012;0
4013;0
4014;0
4015;0
4016;0
4017;0
4018;0
4019;0
4020;0
4021;0
4022;0
4023;0
4024;0
4025;0
4026;0
4027;0
4028;0
4029;0
4030;0
4031;0
4032;0
4033;0
4034;0
4035;0
4036;0
4037;0
4038;0
4039;0
4040;0
4041;0
4042;0
4043;0
4044;0
4045;0
4046;0
4047;0
4048;0
4049;0
4050;0
4051;0
4052;0
4053;0
4054;0
4055;0
4056;0
4057;0
4058;0
4059;0
4060;0
4061;0
4062;0
4063;0
4064;0
4065;0
4066;0
4067;0
4068;0
4069;0
4070;0
4071;0
4072;0
4073;0
4074;0
4075;0
4076;0
4077;0
4078;0
4079;0
4080;0
4081;0
4082;0
4083;0
4084;0
4085;0
4086;0
4087;0
4088;0
4089;0
4090;0
4091;0
4092;0
4093;0
4094;0
4095;0
4096;0
