L 64,p 0.593800,Z 100000
/* Tamanio de cluster; Ocurrencias de cada tamaño de cluster */
1;7245343
2;1547299
3;925540
4;599961
5;417394
6;308104
7;237067
8;188683
9;154272
10;128613
11;109599
12;93792
13;81497
14;71922
15;63613
16;57096
17;50795
18;45947
19;42329
20;38120
21;35094
22;32218
23;30033
24;27974
25;26142
26;23987
27;22683
28;21224
29;19899
30;18702
31;17794
32;16641
33;15785
34;14886
35;14279
36;13418
37;12913
38;12240
39;11979
40;11457
41;10930
42;10252
43;9988
44;9610
45;9205
46;8938
47;8527
48;8234
49;7953
50;7645
51;7343
52;7183
53;6980
54;6754
55;6536
56;6323
57;6028
58;5856
59;5742
60;5491
61;5313
62;5141
63;5245
64;5040
65;4920
66;4748
67;4596
68;4509
69;4325
70;4258
71;4050
72;3997
73;4059
74;3884
75;3794
76;3732
77;3705
78;3602
79;3440
80;3292
81;3211
82;3088
83;3280
84;3139
85;3028
86;2999
87;2881
88;2786
89;2804
90;2850
91;2678
92;2687
93;2605
94;2549
95;2457
96;2491
97;2479
98;2255
99;2301
100;2295
101;2209
102;2168
103;2156
104;2153
105;2075
106;2093
107;1996
108;2058
109;1943
110;1942
111;1805
112;1929
113;1873
114;1822
115;1891
116;1744
117;1741
118;1665
119;1703
120;1721
121;1651
122;1701
123;1633
124;1639
125;1538
126;1558
127;1594
128;1470
129;1568
130;1521
131;1432
132;1500
133;1322
134;1399
135;1455
136;1367
137;1374
138;1346
139;1330
140;1351
141;1323
142;1246
143;1224
144;1273
145;1243
146;1187
147;1163
148;1197
149;1179
150;1165
151;1093
152;1209
153;1150
154;1152
155;1069
156;1093
157;1096
158;1115
159;1016
160;1058
161;1028
162;1049
163;1002
164;1006
165;936
166;959
167;1002
168;930
169;909
170;980
171;938
172;894
173;900
174;936
175;838
176;874
177;921
178;848
179;858
180;859
181;856
182;863
183;846
184;775
185;800
186;828
187;804
188;778
189;808
190;796
191;713
192;772
193;736
194;694
195;725
196;665
197;736
198;743
199;767
200;739
201;697
202;734
203;659
204;621
205;728
206;695
207;647
208;654
209;685
210;678
211;672
212;659
213;623
214;657
215;624
216;635
217;602
218;612
219;579
220;639
221;584
222;616
223;585
224;540
225;623
226;582
227;519
228;579
229;546
230;534
231;520
232;567
233;536
234;537
235;557
236;514
237;529
238;532
239;505
240;556
241;512
242;490
243;519
244;470
245;495
246;518
247;487
248;459
249;535
250;503
251;494
252;507
253;522
254;467
255;442
256;424
257;446
258;439
259;446
260;444
261;446
262;458
263;446
264;464
265;444
266;465
267;478
268;449
269;440
270;449
271;439
272;438
273;387
274;423
275;448
276;391
277;409
278;388
279;412
280;380
281;412
282;418
283;400
284;378
285;390
286;390
287;394
288;392
289;390
290;385
291;403
292;394
293;408
294;365
295;373
296;383
297;384
298;359
299;354
300;363
301;360
302;351
303;340
304;375
305;367
306;322
307;355
308;368
309;338
310;342
311;352
312;345
313;322
314;319
315;335
316;326
317;343
318;324
319;322
320;311
321;311
322;303
323;312
324;312
325;343
326;315
327;333
328;309
329;270
330;299
331;331
332;292
333;307
334;318
335;299
336;289
337;314
338;315
339;269
340;304
341;302
342;297
343;295
344;316
345;287
346;278
347;281
348;287
349;256
350;279
351;291
352;286
353;256
354;283
355;315
356;291
357;306
358;269
359;308
360;257
361;256
362;272
363;277
364;286
365;300
366;262
367;261
368;261
369;240
370;265
371;266
372;260
373;240
374;253
375;221
376;276
377;251
378;247
379;241
380;268
381;263
382;239
383;246
384;207
385;247
386;246
387;230
388;241
389;215
390;257
391;246
392;222
393;226
394;203
395;242
396;224
397;203
398;235
399;252
400;214
401;252
402;212
403;259
404;221
405;230
406;194
407;237
408;222
409;250
410;206
411;225
412;243
413;207
414;203
415;203
416;226
417;239
418;213
419;233
420;221
421;205
422;188
423;187
424;202
425;198
426;182
427;204
428;198
429;199
430;214
431;219
432;204
433;209
434;185
435;186
436;180
437;218
438;185
439;199
440;185
441;213
442;197
443;164
444;197
445;193
446;175
447;185
448;187
449;211
450;171
451;191
452;196
453;196
454;166
455;195
456;221
457;171
458;177
459;193
460;177
461;189
462;166
463;180
464;194
465;131
466;155
467;167
468;164
469;158
470;170
471;173
472;166
473;198
474;171
475;167
476;163
477;162
478;182
479;188
480;162
481;152
482;169
483;173
484;172
485;177
486;159
487;160
488;151
489;160
490;148
491;184
492;180
493;179
494;152
495;167
496;152
497;159
498;154
499;164
500;176
501;151
502;172
503;151
504;155
505;149
506;150
507;170
508;157
509;144
510;166
511;123
512;161
513;172
514;153
515;146
516;160
517;126
518;160
519;171
520;150
521;156
522;136
523;137
524;164
525;136
526;142
527;140
528;154
529;149
530;137
531;163
532;147
533;131
534;141
535;140
536;129
537;153
538;155
539;151
540;138
541;140
542;118
543;114
544;133
545;134
546;126
547;143
548;137
549;129
550;153
551;107
552;136
553;139
554;147
555;129
556;133
557;149
558;127
559;125
560;130
561;125
562;129
563;123
564;126
565;131
566;131
567;129
568;121
569;140
570;146
571;128
572;134
573;138
574;106
575;116
576;126
577;117
578;125
579;138
580;118
581;114
582;135
583;130
584;121
585;107
586;115
587;129
588;129
589;128
590;137
591;116
592;105
593;121
594;139
595;121
596;115
597;128
598;109
599;146
600;107
601;113
602;116
603;122
604;127
605;102
606;122
607;115
608;118
609;99
610;136
611;133
612;126
613;129
614;102
615;106
616;110
617;112
618;143
619;111
620;109
621;99
622;106
623;129
624;98
625;107
626;106
627;119
628;108
629;106
630;105
631;98
632;95
633;104
634;118
635;108
636;113
637;109
638;119
639;108
640;113
641;112
642;105
643;101
644;115
645;120
646;117
647;103
648;109
649;116
650;100
651;101
652;90
653;107
654;110
655;93
656;100
657;104
658;119
659;116
660;94
661;97
662;111
663;97
664;119
665;89
666;90
667;95
668;106
669;93
670;111
671;90
672;108
673;90
674;88
675;88
676;94
677;104
678;108
679;84
680;95
681;88
682;104
683;97
684;97
685;99
686;100
687;82
688;86
689;97
690;98
691;97
692;95
693;88
694;77
695;94
696;92
697;95
698;92
699;82
700;90
701;82
702;91
703;79
704;92
705;88
706;97
707;77
708;75
709;77
710;81
711;81
712;80
713;107
714;95
715;89
716;88
717;96
718;75
719;93
720;86
721;96
722;88
723;79
724;84
725;87
726;85
727;78
728;92
729;82
730;103
731;90
732;102
733;85
734;84
735;84
736;90
737;98
738;89
739;95
740;78
741;89
742;80
743;61
744;92
745;89
746;81
747;75
748;80
749;80
750;83
751;88
752;92
753;85
754;85
755;79
756;109
757;92
758;84
759;88
760;84
761;93
762;93
763;81
764;75
765;71
766;83
767;85
768;92
769;73
770;85
771;89
772;86
773;86
774;76
775;78
776;79
777;80
778;73
779;74
780;80
781;72
782;69
783;70
784;80
785;79
786;72
787;78
788;86
789;76
790;77
791;64
792;80
793;91
794;69
795;69
796;80
797;78
798;84
799;75
800;69
801;62
802;71
803;83
804;69
805;93
806;82
807;81
808;79
809;78
810;63
811;79
812;88
813;76
814;60
815;62
816;69
817;55
818;74
819;67
820;71
821;65
822;69
823;85
824;79
825;83
826;61
827;62
828;65
829;59
830;72
831;73
832;63
833;66
834;78
835;60
836;73
837;92
838;64
839;52
840;69
841;71
842;75
843;64
844;80
845;62
846;79
847;74
848;64
849;78
850;63
851;68
852;67
853;77
854;77
855;55
856;66
857;68
858;74
859;70
860;53
861;74
862;73
863;72
864;59
865;78
866;52
867;69
868;70
869;65
870;70
871;62
872;69
873;71
874;56
875;60
876;56
877;63
878;57
879;56
880;54
881;64
882;75
883;63
884;87
885;58
886;64
887;74
888;58
889;66
890;68
891;69
892;50
893;58
894;64
895;63
896;58
897;63
898;54
899;55
900;53
901;55
902;57
903;54
904;56
905;72
906;52
907;73
908;62
909;81
910;47
911;53
912;68
913;64
914;57
915;83
916;60
917;58
918;83
919;49
920;61
921;68
922;64
923;59
924;69
925;59
926;62
927;67
928;65
929;51
930;56
931;55
932;61
933;70
934;50
935;53
936;56
937;70
938;49
939;38
940;54
941;68
942;51
943;63
944;69
945;61
946;63
947;59
948;56
949;56
950;60
951;51
952;61
953;53
954;52
955;56
956;55
957;61
958;54
959;53
960;63
961;58
962;60
963;48
964;66
965;49
966;49
967;58
968;55
969;60
970;57
971;56
972;61
973;51
974;46
975;54
976;57
977;52
978;46
979;50
980;56
981;37
982;57
983;53
984;51
985;56
986;55
987;52
988;54
989;56
990;42
991;48
992;41
993;52
994;57
995;61
996;54
997;50
998;55
999;44
1000;49
1001;48
1002;37
1003;40
1004;61
1005;55
1006;53
1007;59
1008;43
1009;47
1010;62
1011;44
1012;51
1013;46
1014;44
1015;65
1016;41
1017;47
1018;48
1019;43
1020;50
1021;46
1022;53
1023;56
1024;44
1025;53
1026;49
1027;54
1028;43
1029;48
1030;39
1031;50
1032;44
1033;57
1034;42
1035;44
1036;40
1037;42
1038;31
1039;47
1040;45
1041;49
1042;44
1043;52
1044;47
1045;49
1046;54
1047;49
1048;46
1049;51
1050;41
1051;35
1052;37
1053;47
1054;42
1055;51
1056;40
1057;38
1058;50
1059;45
1060;44
1061;45
1062;48
1063;48
1064;41
1065;52
1066;44
1067;42
1068;35
1069;38
1070;54
1071;44
1072;38
1073;58
1074;41
1075;61
1076;49
1077;57
1078;48
1079;47
1080;44
1081;36
1082;51
1083;38
1084;39
1085;35
1086;46
1087;34
1088;42
1089;34
1090;42
1091;30
1092;39
1093;42
1094;33
1095;41
1096;48
1097;48
1098;47
1099;35
1100;36
1101;35
1102;42
1103;42
1104;53
1105;49
1106;39
1107;40
1108;57
1109;46
1110;50
1111;43
1112;47
1113;43
1114;41
1115;43
1116;47
1117;42
1118;46
1119;37
1120;41
1121;51
1122;52
1123;29
1124;39
1125;37
1126;45
1127;32
1128;47
1129;41
1130;46
1131;35
1132;40
1133;43
1134;42
1135;38
1136;34
1137;41
1138;37
1139;42
1140;40
1141;41
1142;44
1143;36
1144;37
1145;37
1146;35
1147;37
1148;43
1149;37
1150;32
1151;41
1152;43
1153;45
1154;44
1155;40
1156;36
1157;32
1158;33
1159;52
1160;37
1161;32
1162;35
1163;37
1164;31
1165;33
1166;43
1167;44
1168;33
1169;34
1170;29
1171;26
1172;45
1173;40
1174;32
1175;39
1176;33
1177;30
1178;38
1179;45
1180;36
1181;38
1182;30
1183;33
1184;36
1185;33
1186;23
1187;27
1188;26
1189;56
1190;29
1191;35
1192;26
1193;37
1194;39
1195;38
1196;32
1197;33
1198;38
1199;29
1200;30
1201;41
1202;29
1203;43
1204;45
1205;40
1206;40
1207;31
1208;33
1209;28
1210;41
1211;34
1212;31
1213;26
1214;31
1215;29
1216;29
1217;25
1218;32
1219;24
1220;35
1221;32
1222;35
1223;32
1224;37
1225;32
1226;26
1227;29
1228;30
1229;18
1230;31
1231;28
1232;43
1233;28
1234;23
1235;37
1236;37
1237;33
1238;34
1239;36
1240;34
1241;31
1242;30
1243;28
1244;29
1245;21
1246;23
1247;30
1248;41
1249;29
1250;35
1251;26
1252;36
1253;33
1254;26
1255;29
1256;26
1257;28
1258;29
1259;29
1260;27
1261;40
1262;25
1263;25
1264;31
1265;26
1266;34
1267;41
1268;32
1269;33
1270;38
1271;29
1272;25
1273;36
1274;29
1275;20
1276;39
1277;28
1278;35
1279;29
1280;22
1281;27
1282;32
1283;31
1284;29
1285;29
1286;20
1287;22
1288;31
1289;26
1290;30
1291;42
1292;27
1293;28
1294;27
1295;19
1296;33
1297;23
1298;13
1299;24
1300;25
1301;27
1302;27
1303;22
1304;29
1305;20
1306;29
1307;30
1308;25
1309;35
1310;27
1311;31
1312;26
1313;28
1314;20
1315;25
1316;37
1317;20
1318;27
1319;28
1320;28
1321;35
1322;32
1323;23
1324;19
1325;32
1326;22
1327;22
1328;14
1329;24
1330;28
1331;33
1332;21
1333;27
1334;22
1335;19
1336;20
1337;24
1338;22
1339;22
1340;28
1341;19
1342;24
1343;19
1344;19
1345;16
1346;27
1347;19
1348;19
1349;26
1350;21
1351;21
1352;20
1353;28
1354;23
1355;17
1356;26
1357;24
1358;22
1359;26
1360;36
1361;24
1362;17
1363;24
1364;23
1365;14
1366;22
1367;23
1368;21
1369;26
1370;23
1371;19
1372;18
1373;17
1374;21
1375;25
1376;21
1377;15
1378;29
1379;20
1380;26
1381;15
1382;21
1383;18
1384;19
1385;21
1386;15
1387;13
1388;21
1389;21
1390;11
1391;21
1392;25
1393;19
1394;19
1395;14
1396;10
1397;16
1398;22
1399;20
1400;14
1401;21
1402;13
1403;22
1404;16
1405;15
1406;26
1407;17
1408;25
1409;20
1410;19
1411;17
1412;20
1413;15
1414;13
1415;18
1416;17
1417;24
1418;18
1419;17
1420;21
1421;19
1422;16
1423;13
1424;17
1425;20
1426;16
1427;7
1428;21
1429;20
1430;13
1431;11
1432;12
1433;19
1434;16
1435;14
1436;15
1437;24
1438;8
1439;13
1440;13
1441;13
1442;12
1443;11
1444;13
1445;18
1446;18
1447;16
1448;18
1449;25
1450;16
1451;18
1452;16
1453;19
1454;12
1455;10
1456;19
1457;17
1458;20
1459;17
1460;16
1461;17
1462;16
1463;16
1464;20
1465;14
1466;15
1467;15
1468;13
1469;12
1470;17
1471;28
1472;15
1473;20
1474;19
1475;13
1476;11
1477;15
1478;17
1479;5
1480;9
1481;17
1482;17
1483;10
1484;13
1485;9
1486;12
1487;11
1488;10
1489;14
1490;13
1491;14
1492;12
1493;17
1494;14
1495;8
1496;10
1497;21
1498;15
1499;12
1500;15
1501;7
1502;17
1503;13
1504;20
1505;11
1506;9
1507;16
1508;18
1509;11
1510;14
1511;14
1512;15
1513;11
1514;8
1515;20
1516;11
1517;15
1518;11
1519;14
1520;10
1521;16
1522;8
1523;16
1524;12
1525;10
1526;13
1527;10
1528;12
1529;15
1530;17
1531;11
1532;13
1533;9
1534;8
1535;10
1536;13
1537;11
1538;7
1539;20
1540;10
1541;9
1542;8
1543;7
1544;10
1545;9
1546;17
1547;11
1548;10
1549;8
1550;7
1551;12
1552;9
1553;8
1554;9
1555;12
1556;5
1557;10
1558;8
1559;8
1560;7
1561;9
1562;10
1563;10
1564;9
1565;10
1566;7
1567;14
1568;15
1569;8
1570;7
1571;6
1572;11
1573;12
1574;8
1575;5
1576;7
1577;4
1578;13
1579;8
1580;3
1581;11
1582;12
1583;11
1584;13
1585;8
1586;9
1587;6
1588;10
1589;7
1590;10
1591;6
1592;12
1593;8
1594;7
1595;7
1596;8
1597;5
1598;7
1599;5
1600;7
1601;6
1602;5
1603;6
1604;10
1605;10
1606;3
1607;5
1608;10
1609;6
1610;11
1611;7
1612;5
1613;6
1614;8
1615;8
1616;6
1617;3
1618;7
1619;9
1620;8
1621;9
1622;7
1623;8
1624;5
1625;11
1626;8
1627;9
1628;9
1629;7
1630;1
1631;3
1632;5
1633;9
1634;8
1635;3
1636;3
1637;7
1638;4
1639;3
1640;6
1641;4
1642;2
1643;5
1644;2
1645;6
1646;5
1647;6
1648;7
1649;6
1650;6
1651;5
1652;4
1653;4
1654;5
1655;6
1656;4
1657;4
1658;6
1659;5
1660;4
1661;4
1662;6
1663;4
1664;5
1665;1
1666;4
1667;1
1668;3
1669;2
1670;2
1671;4
1672;3
1673;3
1674;4
1675;7
1676;4
1677;5
1678;2
1679;1
1680;2
1681;7
1682;2
1683;2
1684;2
1685;4
1686;2
1687;1
1688;4
1689;6
1690;4
1691;6
1692;1
1693;3
1694;4
1695;5
1696;4
1697;4
1698;3
1699;4
1700;5
1701;3
1702;4
1703;4
1704;2
1705;3
1706;5
1707;3
1708;3
1709;3
1710;4
1711;4
1712;2
1713;2
1714;2
1715;5
1716;4
1717;6
1718;3
1719;6
1720;4
1721;2
1722;4
1723;5
1724;3
1725;2
1726;2
1727;3
1728;2
1729;2
1730;3
1731;4
1732;4
1733;4
1734;1
1735;4
1736;0
1737;2
1738;3
1739;2
1740;0
1741;1
1742;3
1743;3
1744;4
1745;2
1746;2
1747;1
1748;1
1749;2
1750;1
1751;5
1752;3
1753;2
1754;1
1755;4
1756;4
1757;2
1758;5
1759;1
1760;1
1761;3
1762;1
1763;2
1764;3
1765;1
1766;0
1767;2
1768;2
1769;3
1770;3
1771;0
1772;3
1773;2
1774;2
1775;3
1776;1
1777;2
1778;2
1779;5
1780;0
1781;0
1782;2
1783;2
1784;4
1785;2
1786;0
1787;3
1788;0
1789;3
1790;3
1791;2
1792;3
1793;2
1794;0
1795;1
1796;1
1797;0
1798;1
1799;1
1800;2
1801;1
1802;2
1803;2
1804;5
1805;0
1806;1
1807;1
1808;2
1809;2
1810;2
1811;1
1812;0
1813;0
1814;0
1815;0
1816;2
1817;0
1818;0
1819;0
1820;0
1821;0
1822;0
1823;2
1824;2
1825;0
1826;2
1827;0
1828;2
1829;1
1830;2
1831;3
1832;0
1833;1
1834;2
1835;1
1836;1
1837;0
1838;2
1839;1
1840;1
1841;1
1842;0
1843;1
1844;2
1845;2
1846;2
1847;1
1848;1
1849;0
1850;2
1851;2
1852;1
1853;1
1854;2
1855;0
1856;0
1857;1
1858;0
1859;1
1860;1
1861;0
1862;0
1863;1
1864;1
1865;1
1866;2
1867;1
1868;1
1869;0
1870;0
1871;0
1872;1
1873;0
1874;0
1875;0
1876;0
1877;0
1878;0
1879;0
1880;0
1881;1
1882;0
1883;1
1884;2
1885;0
1886;0
1887;0
1888;1
1889;1
1890;0
1891;1
1892;0
1893;1
1894;1
1895;0
1896;0
1897;0
1898;0
1899;0
1900;0
1901;1
1902;0
1903;1
1904;1
1905;0
1906;0
1907;0
1908;0
1909;0
1910;0
1911;0
1912;1
1913;0
1914;0
1915;0
1916;2
1917;0
1918;1
1919;0
1920;0
1921;0
1922;1
1923;1
1924;0
1925;0
1926;0
1927;0
1928;1
1929;0
1930;0
1931;0
1932;0
1933;0
1934;0
1935;0
1936;1
1937;0
1938;1
1939;0
1940;0
1941;0
1942;0
1943;0
1944;0
1945;1
1946;0
1947;0
1948;0
1949;1
1950;0
1951;0
1952;0
1953;0
1954;0
1955;0
1956;1
1957;0
1958;0
1959;1
1960;0
1961;0
1962;0
1963;0
1964;0
1965;0
1966;0
1967;0
1968;0
1969;0
1970;0
1971;0
1972;0
1973;0
1974;0
1975;0
1976;0
1977;0
1978;0
1979;0
1980;0
1981;1
1982;0
1983;0
1984;0
1985;0
1986;0
1987;0
1988;0
1989;0
1990;0
1991;0
1992;1
1993;0
1994;0
1995;0
1996;0
1997;0
1998;0
1999;0
2000;0
2001;0
2002;0
2003;1
2004;0
2005;0
2006;0
2007;0
2008;0
2009;0
2010;0
2011;0
2012;0
2013;0
2014;0
2015;0
2016;0
2017;0
2018;0
2019;0
2020;0
2021;0
2022;0
2023;0
2024;0
2025;0
2026;0
2027;0
2028;0
2029;0
2030;0
2031;0
2032;0
2033;0
2034;0
2035;0
2036;0
2037;0
2038;0
2039;0
2040;0
2041;0
2042;0
2043;0
2044;0
2045;0
2046;0
2047;0
2048;0
2049;0
2050;0
2051;0
2052;0
2053;0
2054;0
2055;0
2056;0
2057;0
2058;0
2059;0
2060;0
2061;0
2062;0
2063;0
2064;0
2065;0
2066;0
2067;0
2068;0
2069;0
2070;0
2071;0
2072;0
2073;0
2074;0
2075;0
2076;0
2077;0
2078;0
2079;0
2080;0
2081;0
2082;0
2083;0
2084;0
2085;0
2086;0
2087;0
2088;0
2089;0
2090;0
2091;0
2092;0
2093;0
2094;0
2095;0
2096;0
2097;0
2098;0
2099;0
2100;0
2101;0
2102;0
2103;0
2104;0
2105;0
2106;0
2107;0
2108;0
2109;0
2110;0
2111;0
2112;0
2113;0
2114;0
2115;0
2116;0
2117;0
2118;0
2119;0
2120;0
2121;0
2122;0
2123;0
2124;0
2125;0
2126;0
2127;0
2128;0
2129;0
2130;0
2131;0
2132;0
2133;0
2134;0
2135;0
2136;0
2137;0
2138;0
2139;0
2140;0
2141;0
2142;0
2143;0
2144;0
2145;0
2146;0
2147;0
2148;0
2149;0
2150;0
2151;0
2152;0
2153;0
2154;0
2155;0
2156;0
2157;0
2158;0
2159;0
2160;0
2161;0
2162;0
2163;0
2164;0
2165;0
2166;0
2167;0
2168;0
2169;0
2170;0
2171;0
2172;0
2173;0
2174;0
2175;0
2176;0
2177;0
2178;0
2179;0
2180;0
2181;0
2182;0
2183;0
2184;0
2185;0
2186;0
2187;0
2188;0
2189;0
2190;0
2191;0
2192;0
2193;0
2194;0
2195;0
2196;0
2197;0
2198;0
2199;0
2200;0
2201;0
2202;0
2203;0
2204;0
2205;0
2206;0
2207;0
2208;0
2209;0
2210;0
2211;0
2212;0
2213;0
2214;0
2215;0
2216;0
2217;0
2218;0
2219;0
2220;0
2221;0
2222;0
2223;0
2224;0
2225;0
2226;0
2227;0
2228;0
2229;0
2230;0
2231;0
2232;0
2233;0
2234;0
2235;0
2236;0
2237;0
2238;0
2239;0
2240;0
2241;0
2242;0
2243;0
2244;0
2245;0
2246;0
2247;0
2248;0
2249;0
2250;0
2251;0
2252;0
2253;0
2254;0
2255;0
2256;0
2257;0
2258;0
2259;0
2260;0
2261;0
2262;0
2263;0
2264;0
2265;0
2266;0
2267;0
2268;0
2269;0
2270;0
2271;0
2272;0
2273;0
2274;0
2275;0
2276;0
2277;0
2278;0
2279;0
2280;0
2281;0
2282;0
2283;0
2284;0
2285;0
2286;0
2287;0
2288;0
2289;0
2290;0
2291;0
2292;0
2293;0
2294;0
2295;0
2296;0
2297;0
2298;0
2299;0
2300;0
2301;0
2302;0
2303;0
2304;0
2305;0
2306;0
2307;0
2308;0
2309;0
2310;0
2311;0
2312;0
2313;0
2314;0
2315;0
2316;0
2317;0
2318;0
2319;0
2320;0
2321;0
2322;0
2323;0
2324;0
2325;0
2326;0
2327;0
2328;0
2329;0
2330;0
2331;0
2332;0
2333;0
2334;0
2335;0
2336;0
2337;0
2338;0
2339;0
2340;0
2341;0
2342;0
2343;0
2344;0
2345;0
2346;0
2347;0
2348;0
2349;0
2350;0
2351;0
2352;0
2353;0
2354;0
2355;0
2356;0
2357;0
2358;0
2359;0
2360;0
2361;0
2362;0
2363;0
2364;0
2365;0
2366;0
2367;0
2368;0
2369;0
2370;0
2371;0
2372;0
2373;0
2374;0
2375;0
2376;0
2377;0
2378;0
2379;0
2380;0
2381;0
2382;0
2383;0
2384;0
2385;0
2386;0
2387;0
2388;0
2389;0
2390;0
2391;0
2392;0
2393;0
2394;0
2395;0
2396;0
2397;0
2398;0
2399;0
2400;0
2401;0
2402;0
2403;0
2404;0
2405;0
2406;0
2407;0
2408;0
2409;0
2410;0
2411;0
2412;0
2413;0
2414;0
2415;0
2416;0
2417;0
2418;0
2419;0
2420;0
2421;0
2422;0
2423;0
2424;0
2425;0
2426;0
2427;0
2428;0
2429;0
2430;0
2431;0
2432;0
2433;0
2434;0
2435;0
2436;0
2437;0
2438;0
2439;0
2440;0
2441;0
2442;0
2443;0
2444;0
2445;0
2446;0
2447;0
2448;0
2449;0
2450;0
2451;0
2452;0
2453;0
2454;0
2455;0
2456;0
2457;0
2458;0
2459;0
2460;0
2461;0
2462;0
2463;0
2464;0
2465;0
2466;0
2467;0
2468;0
2469;0
2470;0
2471;0
2472;0
2473;0
2474;0
2475;0
2476;0
2477;0
2478;0
2479;0
2480;0
2481;0
2482;0
2483;0
2484;0
2485;0
2486;0
2487;0
2488;0
2489;0
2490;0
2491;0
2492;0
2493;0
2494;0
2495;0
2496;0
2497;0
2498;0
2499;0
2500;0
2501;0
2502;0
2503;0
2504;0
2505;0
2506;0
2507;0
2508;0
2509;0
2510;0
2511;0
2512;0
2513;0
2514;0
2515;0
2516;0
2517;0
2518;0
2519;0
2520;0
2521;0
2522;0
2523;0
2524;0
2525;0
2526;0
2527;0
2528;0
2529;0
2530;0
2531;0
2532;0
2533;0
2534;0
2535;0
2536;0
2537;0
2538;0
2539;0
2540;0
2541;0
2542;0
2543;0
2544;0
2545;0
2546;0
2547;0
2548;0
2549;0
2550;0
2551;0
2552;0
2553;0
2554;0
2555;0
2556;0
2557;0
2558;0
2559;0
2560;0
2561;0
2562;0
2563;0
2564;0
2565;0
2566;0
2567;0
2568;0
2569;0
2570;0
2571;0
2572;0
2573;0
2574;0
2575;0
2576;0
2577;0
2578;0
2579;0
2580;0
2581;0
2582;0
2583;0
2584;0
2585;0
2586;0
2587;0
2588;0
2589;0
2590;0
2591;0
2592;0
2593;0
2594;0
2595;0
2596;0
2597;0
2598;0
2599;0
2600;0
2601;0
2602;0
2603;0
2604;0
2605;0
2606;0
2607;0
2608;0
2609;0
2610;0
2611;0
2612;0
2613;0
2614;0
2615;0
2616;0
2617;0
2618;0
2619;0
2620;0
2621;0
2622;0
2623;0
2624;0
2625;0
2626;0
2627;0
2628;0
2629;0
2630;0
2631;0
2632;0
2633;0
2634;0
2635;0
2636;0
2637;0
2638;0
2639;0
2640;0
2641;0
2642;0
2643;0
2644;0
2645;0
2646;0
2647;0
2648;0
2649;0
2650;0
2651;0
2652;0
2653;0
2654;0
2655;0
2656;0
2657;0
2658;0
2659;0
2660;0
2661;0
2662;0
2663;0
2664;0
2665;0
2666;0
2667;0
2668;0
2669;0
2670;0
2671;0
2672;0
2673;0
2674;0
2675;0
2676;0
2677;0
2678;0
2679;0
2680;0
2681;0
2682;0
2683;0
2684;0
2685;0
2686;0
2687;0
2688;0
2689;0
2690;0
2691;0
2692;0
2693;0
2694;0
2695;0
2696;0
2697;0
2698;0
2699;0
2700;0
2701;0
2702;0
2703;0
2704;0
2705;0
2706;0
2707;0
2708;0
2709;0
2710;0
2711;0
2712;0
2713;0
2714;0
2715;0
2716;0
2717;0
2718;0
2719;0
2720;0
2721;0
2722;0
2723;0
2724;0
2725;0
2726;0
2727;0
2728;0
2729;0
2730;0
2731;0
2732;0
2733;0
2734;0
2735;0
2736;0
2737;0
2738;0
2739;0
2740;0
2741;0
2742;0
2743;0
2744;0
2745;0
2746;0
2747;0
2748;0
2749;0
2750;0
2751;0
2752;0
2753;0
2754;0
2755;0
2756;0
2757;0
2758;0
2759;0
2760;0
2761;0
2762;0
2763;0
2764;0
2765;0
2766;0
2767;0
2768;0
2769;0
2770;0
2771;0
2772;0
2773;0
2774;0
2775;0
2776;0
2777;0
2778;0
2779;0
2780;0
2781;0
2782;0
2783;0
2784;0
2785;0
2786;0
2787;0
2788;0
2789;0
2790;0
2791;0
2792;0
2793;0
2794;0
2795;0
2796;0
2797;0
2798;0
2799;0
2800;0
2801;0
2802;0
2803;0
2804;0
2805;0
2806;0
2807;0
2808;0
2809;0
2810;0
2811;0
2812;0
2813;0
2814;0
2815;0
2816;0
2817;0
2818;0
2819;0
2820;0
2821;0
2822;0
2823;0
2824;0
2825;0
2826;0
2827;0
2828;0
2829;0
2830;0
2831;0
2832;0
2833;0
2834;0
2835;0
2836;0
2837;0
2838;0
2839;0
2840;0
2841;0
2842;0
2843;0
2844;0
2845;0
2846;0
2847;0
2848;0
2849;0
2850;0
2851;0
2852;0
2853;0
2854;0
2855;0
2856;0
2857;0
2858;0
2859;0
2860;0
2861;0
2862;0
2863;0
2864;0
2865;0
2866;0
2867;0
2868;0
2869;0
2870;0
2871;0
2872;0
2873;0
2874;0
2875;0
2876;0
2877;0
2878;0
2879;0
2880;0
2881;0
2882;0
2883;0
2884;0
2885;0
2886;0
2887;0
2888;0
2889;0
2890;0
2891;0
2892;0
2893;0
2894;0
2895;0
2896;0
2897;0
2898;0
2899;0
2900;0
2901;0
2902;0
2903;0
2904;0
2905;0
2906;0
2907;0
2908;0
2909;0
2910;0
2911;0
2912;0
2913;0
2914;0
2915;0
2916;0
2917;0
2918;0
2919;0
2920;0
2921;0
2922;0
2923;0
2924;0
2925;0
2926;0
2927;0
2928;0
2929;0
2930;0
2931;0
2932;0
2933;0
2934;0
2935;0
2936;0
2937;0
2938;0
2939;0
2940;0
2941;0
2942;0
2943;0
2944;0
2945;0
2946;0
2947;0
2948;0
2949;0
2950;0
2951;0
2952;0
2953;0
2954;0
2955;0
2956;0
2957;0
2958;0
2959;0
2960;0
2961;0
2962;0
2963;0
2964;0
2965;0
2966;0
2967;0
2968;0
2969;0
2970;0
2971;0
2972;0
2973;0
2974;0
2975;0
2976;0
2977;0
2978;0
2979;0
2980;0
2981;0
2982;0
2983;0
2984;0
2985;0
2986;0
2987;0
2988;0
2989;0
2990;0
2991;0
2992;0
2993;0
2994;0
2995;0
2996;0
2997;0
2998;0
2999;0
3000;0
3001;0
3002;0
3003;0
3004;0
3005;0
3006;0
3007;0
3008;0
3009;0
3010;0
3011;0
3012;0
3013;0
3014;0
3015;0
3016;0
3017;0
3018;0
3019;0
3020;0
3021;0
3022;0
3023;0
3024;0
3025;0
3026;0
3027;0
3028;0
3029;0
3030;0
3031;0
3032;0
3033;0
3034;0
3035;0
3036;0
3037;0
3038;0
3039;0
3040;0
3041;0
3042;0
3043;0
3044;0
3045;0
3046;0
3047;0
3048;0
3049;0
3050;0
3051;0
3052;0
3053;0
3054;0
3055;0
3056;0
3057;0
3058;0
3059;0
3060;0
3061;0
3062;0
3063;0
3064;0
3065;0
3066;0
3067;0
3068;0
3069;0
3070;0
3071;0
3072;0
3073;0
3074;0
3075;0
3076;0
3077;0
3078;0
3079;0
3080;0
3081;0
3082;0
3083;0
3084;0
3085;0
3086;0
3087;0
3088;0
3089;0
3090;0
3091;0
3092;0
3093;0
3094;0
3095;0
3096;0
3097;0
3098;0
3099;0
3100;0
3101;0
3102;0
3103;0
3104;0
3105;0
3106;0
3107;0
3108;0
3109;0
3110;0
3111;0
3112;0
3113;0
3114;0
3115;0
3116;0
3117;0
3118;0
3119;0
3120;0
3121;0
3122;0
3123;0
3124;0
3125;0
3126;0
3127;0
3128;0
3129;0
3130;0
3131;0
3132;0
3133;0
3134;0
3135;0
3136;0
3137;0
3138;0
3139;0
3140;0
3141;0
3142;0
3143;0
3144;0
3145;0
3146;0
3147;0
3148;0
3149;0
3150;0
3151;0
3152;0
3153;0
3154;0
3155;0
3156;0
3157;0
3158;0
3159;0
3160;0
3161;0
3162;0
3163;0
3164;0
3165;0
3166;0
3167;0
3168;0
3169;0
3170;0
3171;0
3172;0
3173;0
3174;0
3175;0
3176;0
3177;0
3178;0
3179;0
3180;0
3181;0
3182;0
3183;0
3184;0
3185;0
3186;0
3187;0
3188;0
3189;0
3190;0
3191;0
3192;0
3193;0
3194;0
3195;0
3196;0
3197;0
3198;0
3199;0
3200;0
3201;0
3202;0
3203;0
3204;0
3205;0
3206;0
3207;0
3208;0
3209;0
3210;0
3211;0
3212;0
3213;0
3214;0
3215;0
3216;0
3217;0
3218;0
3219;0
3220;0
3221;0
3222;0
3223;0
3224;0
3225;0
3226;0
3227;0
3228;0
3229;0
3230;0
3231;0
3232;0
3233;0
3234;0
3235;0
3236;0
3237;0
3238;0
3239;0
3240;0
3241;0
3242;0
3243;0
3244;0
3245;0
3246;0
3247;0
3248;0
3249;0
3250;0
3251;0
3252;0
3253;0
3254;0
3255;0
3256;0
3257;0
3258;0
3259;0
3260;0
3261;0
3262;0
3263;0
3264;0
3265;0
3266;0
3267;0
3268;0
3269;0
3270;0
3271;0
3272;0
3273;0
3274;0
3275;0
3276;0
3277;0
3278;0
3279;0
3280;0
3281;0
3282;0
3283;0
3284;0
3285;0
3286;0
3287;0
3288;0
3289;0
3290;0
3291;0
3292;0
3293;0
3294;0
3295;0
3296;0
3297;0
3298;0
3299;0
3300;0
3301;0
3302;0
3303;0
3304;0
3305;0
3306;0
3307;0
3308;0
3309;0
3310;0
3311;0
3312;0
3313;0
3314;0
3315;0
3316;0
3317;0
3318;0
3319;0
3320;0
3321;0
3322;0
3323;0
3324;0
3325;0
3326;0
3327;0
3328;0
3329;0
3330;0
3331;0
3332;0
3333;0
3334;0
3335;0
3336;0
3337;0
3338;0
3339;0
3340;0
3341;0
3342;0
3343;0
3344;0
3345;0
3346;0
3347;0
3348;0
3349;0
3350;0
3351;0
3352;0
3353;0
3354;0
3355;0
3356;0
3357;0
3358;0
3359;0
3360;0
3361;0
3362;0
3363;0
3364;0
3365;0
3366;0
3367;0
3368;0
3369;0
3370;0
3371;0
3372;0
3373;0
3374;0
3375;0
3376;0
3377;0
3378;0
3379;0
3380;0
3381;0
3382;0
3383;0
3384;0
3385;0
3386;0
3387;0
3388;0
3389;0
3390;0
3391;0
3392;0
3393;0
3394;0
3395;0
3396;0
3397;0
3398;0
3399;0
3400;0
3401;0
3402;0
3403;0
3404;0
3405;0
3406;0
3407;0
3408;0
3409;0
3410;0
3411;0
3412;0
3413;0
3414;0
3415;0
3416;0
3417;0
3418;0
3419;0
3420;0
3421;0
3422;0
3423;0
3424;0
3425;0
3426;0
3427;0
3428;0
3429;0
3430;0
3431;0
3432;0
3433;0
3434;0
3435;0
3436;0
3437;0
3438;0
3439;0
3440;0
3441;0
3442;0
3443;0
3444;0
3445;0
3446;0
3447;0
3448;0
3449;0
3450;0
3451;0
3452;0
3453;0
3454;0
3455;0
3456;0
3457;0
3458;0
3459;0
3460;0
3461;0
3462;0
3463;0
3464;0
3465;0
3466;0
3467;0
3468;0
3469;0
3470;0
3471;0
3472;0
3473;0
3474;0
3475;0
3476;0
3477;0
3478;0
3479;0
3480;0
3481;0
3482;0
3483;0
3484;0
3485;0
3486;0
3487;0
3488;0
3489;0
3490;0
3491;0
3492;0
3493;0
3494;0
3495;0
3496;0
3497;0
3498;0
3499;0
3500;0
3501;0
3502;0
3503;0
3504;0
3505;0
3506;0
3507;0
3508;0
3509;0
3510;0
3511;0
3512;0
3513;0
3514;0
3515;0
3516;0
3517;0
3518;0
3519;0
3520;0
3521;0
3522;0
3523;0
3524;0
3525;0
3526;0
3527;0
3528;0
3529;0
3530;0
3531;0
3532;0
3533;0
3534;0
3535;0
3536;0
3537;0
3538;0
3539;0
3540;0
3541;0
3542;0
3543;0
3544;0
3545;0
3546;0
3547;0
3548;0
3549;0
3550;0
3551;0
3552;0
3553;0
3554;0
3555;0
3556;0
3557;0
3558;0
3559;0
3560;0
3561;0
3562;0
3563;0
3564;0
3565;0
3566;0
3567;0
3568;0
3569;0
3570;0
3571;0
3572;0
3573;0
3574;0
3575;0
3576;0
3577;0
3578;0
3579;0
3580;0
3581;0
3582;0
3583;0
3584;0
3585;0
3586;0
3587;0
3588;0
3589;0
3590;0
3591;0
3592;0
3593;0
3594;0
3595;0
3596;0
3597;0
3598;0
3599;0
3600;0
3601;0
3602;0
3603;0
3604;0
3605;0
3606;0
3607;0
3608;0
3609;0
3610;0
3611;0
3612;0
3613;0
3614;0
3615;0
3616;0
3617;0
3618;0
3619;0
3620;0
3621;0
3622;0
3623;0
3624;0
3625;0
3626;0
3627;0
3628;0
3629;0
3630;0
3631;0
3632;0
3633;0
3634;0
3635;0
3636;0
3637;0
3638;0
3639;0
3640;0
3641;0
3642;0
3643;0
3644;0
3645;0
3646;0
3647;0
3648;0
3649;0
3650;0
3651;0
3652;0
3653;0
3654;0
3655;0
3656;0
3657;0
3658;0
3659;0
3660;0
3661;0
3662;0
3663;0
3664;0
3665;0
3666;0
3667;0
3668;0
3669;0
3670;0
3671;0
3672;0
3673;0
3674;0
3675;0
3676;0
3677;0
3678;0
3679;0
3680;0
3681;0
3682;0
3683;0
3684;0
3685;0
3686;0
3687;0
3688;0
3689;0
3690;0
3691;0
3692;0
3693;0
3694;0
3695;0
3696;0
3697;0
3698;0
3699;0
3700;0
3701;0
3702;0
3703;0
3704;0
3705;0
3706;0
3707;0
3708;0
3709;0
3710;0
3711;0
3712;0
3713;0
3714;0
3715;0
3716;0
3717;0
3718;0
3719;0
3720;0
3721;0
3722;0
3723;0
3724;0
3725;0
3726;0
3727;0
3728;0
3729;0
3730;0
3731;0
3732;0
3733;0
3734;0
3735;0
3736;0
3737;0
3738;0
3739;0
3740;0
3741;0
3742;0
3743;0
3744;0
3745;0
3746;0
3747;0
3748;0
3749;0
3750;0
3751;0
3752;0
3753;0
3754;0
3755;0
3756;0
3757;0
3758;0
3759;0
3760;0
3761;0
3762;0
3763;0
3764;0
3765;0
3766;0
3767;0
3768;0
3769;0
3770;0
3771;0
3772;0
3773;0
3774;0
3775;0
3776;0
3777;0
3778;0
3779;0
3780;0
3781;0
3782;0
3783;0
3784;0
3785;0
3786;0
3787;0
3788;0
3789;0
3790;0
3791;0
3792;0
3793;0
3794;0
3795;0
3796;0
3797;0
3798;0
3799;0
3800;0
3801;0
3802;0
3803;0
3804;0
3805;0
3806;0
3807;0
3808;0
3809;0
3810;0
3811;0
3812;0
3813;0
3814;0
3815;0
3816;0
3817;0
3818;0
3819;0
3820;0
3821;0
3822;0
3823;0
3824;0
3825;0
3826;0
3827;0
3828;0
3829;0
3830;0
3831;0
3832;0
3833;0
3834;0
3835;0
3836;0
3837;0
3838;0
3839;0
3840;0
3841;0
3842;0
3843;0
3844;0
3845;0
3846;0
3847;0
3848;0
3849;0
3850;0
3851;0
3852;0
3853;0
3854;0
3855;0
3856;0
3857;0
3858;0
3859;0
3860;0
3861;0
3862;0
3863;0
3864;0
3865;0
3866;0
3867;0
3868;0
3869;0
3870;0
3871;0
3872;0
3873;0
3874;0
3875;0
3876;0
3877;0
3878;0
3879;0
3880;0
3881;0
3882;0
3883;0
3884;0
3885;0
3886;0
3887;0
3888;0
3889;0
3890;0
3891;0
3892;0
3893;0
3894;0
3895;0
3896;0
3897;0
3898;0
3899;0
3900;0
3901;0
3902;0
3903;0
3904;0
3905;0
3906;0
3907;0
3908;0
3909;0
3910;0
3911;0
3912;0
3913;0
3914;0
3915;0
3916;0
3917;0
3918;0
3919;0
3920;0
3921;0
3922;0
3923;0
3924;0
3925;0
3926;0
3927;0
3928;0
3929;0
3930;0
3931;0
3932;0
3933;0
3934;0
3935;0
3936;0
3937;0
3938;0
3939;0
3940;0
3941;0
3942;0
3943;0
3944;0
3945;0
3946;0
3947;0
3948;0
3949;0
3950;0
3951;0
3952;0
3953;0
3954;0
3955;0
3956;0
3957;0
3958;0
3959;0
3960;0
3961;0
3962;0
3963;0
3964;0
3965;0
3966;0
3967;0
3968;0
3969;0
3970;0
3971;0
3972;0
3973;0
3974;0
3975;0
3976;0
3977;0
3978;0
3979;0
3980;0
3981;0
3982;0
3983;0
3984;0
3985;0
3986;0
3987;0
3988;0
3989;0
3990;0
3991;0
3992;0
3993;0
3994;0
3995;0
3996;0
3997;0
3998;0
3999;0
4000;0
4001;0
4002;0
4003;0
4004;0
4005;0
4006;0
4007;0
4008;0
4009;0
4010;0
4011;0
4012;0
4013;0
4014;0
4015;0
4016;0
4017;0
4018;0
4019;0
4020;0
4021;0
4022;0
4023;0
4024;0
4025;0
4026;0
4027;0
4028;0
4029;0
4030;0
4031;0
4032;0
4033;0
4034;0
4035;0
4036;0
4037;0
4038;0
4039;0
4040;0
4041;0
4042;0
4043;0
4044;0
4045;0
4046;0
4047;0
4048;0
4049;0
4050;0
4051;0
4052;0
4053;0
4054;0
4055;0
4056;0
4057;0
4058;0
4059;0
4060;0
4061;0
4062;0
4063;0
4064;0
4065;0
4066;0
4067;0
4068;0
4069;0
4070;0
4071;0
4072;0
4073;0
4074;0
4075;0
4076;0
4077;0
4078;0
4079;0
4080;0
4081;0
4082;0
4083;0
4084;0
4085;0
4086;0
4087;0
4088;0
4089;0
4090;0
4091;0
4092;0
4093;0
4094;0
4095;0
4096;0
