L 64,p 0.589300,Z 100000
/* Tamanio de cluster; Ocurrencias de cada tamaño de cluster */
1;7500629
2;1621705
3;972159
4;631736
5;442179
6;326150
7;252735
8;201407
9;165819
10;137866
11;116935
12;101196
13;87607
14;77505
15;68478
16;60815
17;54986
18;49978
19;45401
20;41889
21;38444
22;35312
23;32320
24;30159
25;28323
26;26350
27;24672
28;23038
29;21679
30;20899
31;19429
32;18451
33;17087
34;16627
35;15892
36;14833
37;14232
38;13650
39;12930
40;12447
41;11918
42;11291
43;10719
44;10524
45;10090
46;9848
47;9447
48;9147
49;8743
50;8473
51;8330
52;7809
53;7530
54;7435
55;7239
56;6940
57;6889
58;6530
59;6288
60;6143
61;6098
62;5695
63;5727
64;5667
65;5437
66;5246
67;5100
68;5014
69;4830
70;4817
71;4661
72;4548
73;4394
74;4182
75;4256
76;4076
77;4030
78;3947
79;3808
80;3625
81;3674
82;3415
83;3494
84;3400
85;3446
86;3317
87;3227
88;3172
89;3099
90;3105
91;2979
92;3013
93;2848
94;2858
95;2845
96;2799
97;2738
98;2592
99;2577
100;2528
101;2617
102;2453
103;2429
104;2340
105;2406
106;2360
107;2228
108;2184
109;2169
110;2132
111;2186
112;2135
113;2071
114;2067
115;2044
116;1995
117;1941
118;1963
119;1877
120;1896
121;1824
122;1846
123;1840
124;1729
125;1794
126;1729
127;1745
128;1606
129;1669
130;1625
131;1645
132;1645
133;1659
134;1604
135;1528
136;1593
137;1447
138;1442
139;1432
140;1435
141;1422
142;1395
143;1436
144;1446
145;1434
146;1369
147;1319
148;1290
149;1363
150;1340
151;1270
152;1264
153;1270
154;1267
155;1275
156;1223
157;1213
158;1150
159;1215
160;1226
161;1178
162;1149
163;1175
164;1100
165;1091
166;1110
167;1092
168;1106
169;1019
170;1024
171;1045
172;996
173;1085
174;992
175;1017
176;955
177;953
178;1030
179;967
180;873
181;938
182;974
183;956
184;893
185;882
186;876
187;878
188;918
189;898
190;910
191;858
192;868
193;827
194;857
195;866
196;834
197;779
198;834
199;817
200;780
201;798
202;787
203;787
204;781
205;787
206;812
207;784
208;740
209;726
210;726
211;717
212;746
213;751
214;714
215;710
216;700
217;660
218;705
219;695
220;722
221;740
222;662
223;684
224;607
225;674
226;632
227;679
228;671
229;643
230;627
231;614
232;643
233;587
234;650
235;671
236;607
237;613
238;605
239;613
240;640
241;585
242;641
243;604
244;579
245;576
246;552
247;601
248;549
249;576
250;533
251;529
252;557
253;549
254;556
255;509
256;557
257;509
258;516
259;508
260;480
261;553
262;484
263;529
264;506
265;537
266;555
267;488
268;452
269;488
270;456
271;527
272;461
273;543
274;483
275;488
276;467
277;486
278;461
279;465
280;477
281;462
282;463
283;448
284;440
285;443
286;419
287;455
288;442
289;435
290;435
291;406
292;447
293;468
294;415
295;416
296;412
297;438
298;381
299;401
300;424
301;446
302;402
303;424
304;387
305;447
306;410
307;390
308;429
309;411
310;389
311;386
312;395
313;413
314;379
315;396
316;394
317;387
318;342
319;381
320;347
321;418
322;389
323;361
324;366
325;347
326;360
327;375
328;370
329;381
330;372
331;341
332;357
333;370
334;336
335;314
336;356
337;362
338;339
339;381
340;306
341;323
342;364
343;323
344;361
345;302
346;357
347;349
348;304
349;291
350;285
351;324
352;336
353;332
354;296
355;315
356;323
357;311
358;327
359;277
360;298
361;312
362;280
363;310
364;280
365;318
366;339
367;287
368;283
369;329
370;254
371;272
372;267
373;287
374;293
375;271
376;259
377;278
378;307
379;302
380;274
381;295
382;270
383;307
384;300
385;261
386;302
387;267
388;268
389;251
390;262
391;289
392;248
393;286
394;284
395;239
396;249
397;266
398;264
399;279
400;250
401;268
402;263
403;258
404;245
405;258
406;260
407;230
408;229
409;223
410;257
411;278
412;243
413;276
414;230
415;267
416;255
417;229
418;219
419;249
420;233
421;242
422;266
423;251
424;217
425;244
426;233
427;204
428;209
429;236
430;219
431;216
432;231
433;210
434;232
435;247
436;213
437;204
438;214
439;218
440;214
441;210
442;210
443;200
444;239
445;192
446;210
447;210
448;224
449;224
450;223
451;225
452;212
453;208
454;187
455;205
456;190
457;211
458;181
459;209
460;186
461;174
462;194
463;203
464;219
465;216
466;193
467;198
468;195
469;201
470;214
471;193
472;196
473;176
474;178
475;182
476;198
477;187
478;179
479;179
480;199
481;214
482;204
483;169
484;187
485;187
486;165
487;193
488;200
489;170
490;182
491;182
492;195
493;171
494;211
495;193
496;184
497;189
498;201
499;162
500;157
501;182
502;167
503;146
504;183
505;200
506;147
507;165
508;167
509;159
510;170
511;173
512;190
513;192
514;159
515;189
516;153
517;162
518;174
519;160
520;188
521;184
522;157
523;167
524;172
525;166
526;157
527;190
528;185
529;192
530;163
531;169
532;165
533;171
534;149
535;153
536;154
537;153
538;150
539;141
540;160
541;161
542;156
543;163
544;149
545;156
546;154
547;165
548;138
549;165
550;168
551;139
552;130
553;159
554;135
555;156
556;137
557;166
558;167
559;152
560;161
561;135
562;153
563;154
564;174
565;144
566;144
567;139
568;149
569;150
570;152
571;130
572;157
573;153
574;180
575;150
576;158
577;153
578;131
579;152
580;136
581;129
582;136
583;158
584;152
585;128
586;153
587;137
588;129
589;126
590;138
591;134
592;117
593;135
594;140
595;129
596;137
597;129
598;133
599;148
600;127
601;120
602;138
603;141
604;119
605;133
606;132
607;132
608;120
609;104
610;143
611;115
612;107
613;111
614;109
615;112
616;145
617;124
618;106
619;115
620;131
621;123
622;143
623;125
624;115
625;122
626;119
627;110
628;140
629;132
630;111
631;115
632;120
633;105
634;117
635;92
636;106
637;124
638;113
639;110
640;121
641;113
642;116
643;124
644;129
645;115
646;103
647;99
648;124
649;121
650;114
651;109
652;110
653;114
654;118
655;134
656;128
657;129
658;112
659;120
660;116
661;137
662;94
663;121
664;106
665;109
666;109
667;104
668;102
669;118
670;115
671;106
672;91
673;109
674;112
675;107
676;123
677;91
678;94
679;109
680;113
681;98
682;100
683;108
684;84
685;108
686;97
687;101
688;130
689;113
690;106
691;109
692;112
693;125
694;104
695;116
696;105
697;90
698;113
699;114
700;123
701;104
702;89
703;86
704;106
705;99
706;116
707;99
708;98
709;92
710;101
711;109
712;97
713;109
714;96
715;102
716;104
717;84
718;114
719;95
720;102
721;106
722;95
723;103
724;96
725;101
726;98
727;94
728;98
729;88
730;103
731;95
732;97
733;106
734;92
735;113
736;100
737;81
738;86
739;75
740;84
741;87
742;83
743;107
744;118
745;96
746;71
747;101
748;85
749;77
750;83
751;84
752;97
753;92
754;82
755;98
756;90
757;78
758;104
759;93
760;95
761;84
762;84
763;73
764;86
765;82
766;84
767;73
768;83
769;99
770;81
771;75
772;88
773;84
774;100
775;92
776;82
777;99
778;88
779;89
780;77
781;108
782;85
783;82
784;88
785;74
786;79
787;76
788;88
789;87
790;90
791;61
792;89
793;83
794;90
795;82
796;76
797;99
798;69
799;73
800;74
801;93
802;81
803;83
804;84
805;90
806;73
807;92
808;89
809;80
810;64
811;86
812;88
813;74
814;66
815;75
816;83
817;73
818;81
819;75
820;80
821;87
822;88
823;90
824;75
825;67
826;78
827;70
828;79
829;81
830;85
831;77
832;76
833;74
834;78
835;68
836;66
837;84
838;80
839;68
840;76
841;71
842;90
843;72
844;63
845;80
846;82
847;60
848;93
849;67
850;71
851;60
852;72
853;69
854;82
855;58
856;64
857;71
858;78
859;64
860;58
861;72
862;68
863;73
864;79
865;58
866;69
867;76
868;62
869;86
870;65
871;48
872;74
873;76
874;74
875;64
876;72
877;77
878;75
879;68
880;67
881;66
882;64
883;62
884;66
885;83
886;69
887;76
888;72
889;65
890;65
891;74
892;75
893;72
894;79
895;64
896;75
897;81
898;81
899;67
900;59
901;66
902;74
903;66
904;71
905;75
906;69
907;75
908;69
909;58
910;71
911;78
912;66
913;64
914;77
915;89
916;74
917;64
918;66
919;66
920;67
921;69
922;64
923;65
924;52
925;61
926;59
927;68
928;66
929;67
930;61
931;61
932;70
933;54
934;63
935;47
936;55
937;85
938;58
939;61
940;76
941;62
942;65
943;42
944;55
945;56
946;52
947;54
948;49
949;54
950;49
951;48
952;72
953;55
954;69
955;63
956;67
957;59
958;51
959;57
960;65
961;58
962;51
963;51
964;57
965;64
966;54
967;52
968;63
969;57
970;52
971;52
972;50
973;67
974;41
975;55
976;74
977;47
978;53
979;55
980;58
981;58
982;55
983;57
984;60
985;47
986;42
987;58
988;63
989;48
990;57
991;43
992;59
993;55
994;59
995;48
996;59
997;54
998;88
999;48
1000;45
1001;60
1002;50
1003;64
1004;56
1005;48
1006;55
1007;75
1008;48
1009;53
1010;50
1011;55
1012;47
1013;53
1014;59
1015;55
1016;30
1017;46
1018;52
1019;63
1020;62
1021;48
1022;57
1023;51
1024;56
1025;49
1026;51
1027;47
1028;44
1029;45
1030;38
1031;47
1032;57
1033;53
1034;64
1035;62
1036;41
1037;41
1038;67
1039;43
1040;45
1041;45
1042;41
1043;39
1044;46
1045;46
1046;52
1047;48
1048;54
1049;44
1050;46
1051;44
1052;56
1053;46
1054;51
1055;50
1056;57
1057;30
1058;51
1059;46
1060;48
1061;42
1062;41
1063;48
1064;54
1065;48
1066;54
1067;46
1068;41
1069;53
1070;45
1071;47
1072;52
1073;51
1074;43
1075;47
1076;47
1077;45
1078;48
1079;45
1080;39
1081;45
1082;39
1083;47
1084;53
1085;44
1086;66
1087;43
1088;34
1089;55
1090;37
1091;42
1092;49
1093;50
1094;46
1095;39
1096;45
1097;35
1098;45
1099;44
1100;43
1101;30
1102;56
1103;44
1104;43
1105;53
1106;53
1107;50
1108;53
1109;36
1110;42
1111;40
1112;32
1113;47
1114;52
1115;42
1116;35
1117;41
1118;40
1119;32
1120;47
1121;47
1122;32
1123;34
1124;33
1125;33
1126;38
1127;40
1128;28
1129;47
1130;46
1131;47
1132;41
1133;45
1134;42
1135;49
1136;39
1137;56
1138;43
1139;36
1140;46
1141;41
1142;33
1143;37
1144;40
1145;40
1146;38
1147;45
1148;33
1149;45
1150;52
1151;37
1152;38
1153;48
1154;34
1155;46
1156;36
1157;29
1158;45
1159;33
1160;31
1161;39
1162;36
1163;43
1164;36
1165;36
1166;39
1167;33
1168;44
1169;33
1170;36
1171;43
1172;33
1173;41
1174;36
1175;48
1176;30
1177;38
1178;32
1179;39
1180;40
1181;39
1182;50
1183;44
1184;37
1185;35
1186;34
1187;38
1188;37
1189;38
1190;34
1191;29
1192;31
1193;30
1194;39
1195;38
1196;35
1197;34
1198;31
1199;42
1200;36
1201;31
1202;43
1203;27
1204;37
1205;31
1206;29
1207;36
1208;25
1209;27
1210;32
1211;37
1212;39
1213;31
1214;38
1215;27
1216;42
1217;35
1218;32
1219;36
1220;26
1221;28
1222;30
1223;32
1224;49
1225;27
1226;29
1227;31
1228;39
1229;42
1230;26
1231;30
1232;34
1233;28
1234;34
1235;32
1236;23
1237;32
1238;28
1239;27
1240;29
1241;30
1242;27
1243;27
1244;34
1245;32
1246;25
1247;29
1248;23
1249;27
1250;26
1251;25
1252;33
1253;25
1254;32
1255;35
1256;21
1257;23
1258;22
1259;34
1260;38
1261;31
1262;32
1263;36
1264;30
1265;27
1266;27
1267;33
1268;26
1269;24
1270;33
1271;23
1272;26
1273;26
1274;24
1275;28
1276;21
1277;25
1278;31
1279;39
1280;23
1281;29
1282;27
1283;18
1284;24
1285;31
1286;31
1287;23
1288;25
1289;26
1290;24
1291;26
1292;29
1293;25
1294;25
1295;33
1296;30
1297;31
1298;21
1299;24
1300;28
1301;22
1302;25
1303;19
1304;25
1305;30
1306;24
1307;24
1308;22
1309;28
1310;21
1311;21
1312;15
1313;21
1314;28
1315;18
1316;18
1317;22
1318;27
1319;23
1320;23
1321;21
1322;21
1323;24
1324;25
1325;24
1326;22
1327;22
1328;18
1329;23
1330;10
1331;23
1332;22
1333;23
1334;23
1335;29
1336;17
1337;26
1338;19
1339;22
1340;32
1341;21
1342;15
1343;22
1344;16
1345;16
1346;20
1347;15
1348;22
1349;17
1350;22
1351;17
1352;17
1353;17
1354;30
1355;18
1356;30
1357;17
1358;15
1359;18
1360;17
1361;14
1362;20
1363;14
1364;13
1365;22
1366;29
1367;25
1368;22
1369;19
1370;12
1371;11
1372;21
1373;25
1374;32
1375;23
1376;20
1377;18
1378;16
1379;16
1380;18
1381;23
1382;17
1383;26
1384;20
1385;18
1386;10
1387;18
1388;18
1389;22
1390;22
1391;17
1392;22
1393;12
1394;17
1395;9
1396;12
1397;23
1398;17
1399;23
1400;11
1401;15
1402;11
1403;17
1404;12
1405;17
1406;21
1407;11
1408;24
1409;17
1410;5
1411;9
1412;9
1413;26
1414;15
1415;18
1416;13
1417;13
1418;21
1419;22
1420;13
1421;10
1422;11
1423;22
1424;16
1425;21
1426;14
1427;11
1428;9
1429;19
1430;16
1431;10
1432;10
1433;13
1434;11
1435;14
1436;11
1437;15
1438;16
1439;14
1440;9
1441;9
1442;24
1443;17
1444;16
1445;21
1446;13
1447;20
1448;17
1449;13
1450;14
1451;10
1452;11
1453;10
1454;16
1455;12
1456;11
1457;6
1458;13
1459;15
1460;9
1461;17
1462;10
1463;9
1464;10
1465;14
1466;11
1467;13
1468;15
1469;12
1470;12
1471;12
1472;9
1473;16
1474;16
1475;20
1476;10
1477;8
1478;18
1479;9
1480;12
1481;10
1482;14
1483;13
1484;13
1485;11
1486;14
1487;11
1488;11
1489;6
1490;12
1491;11
1492;13
1493;10
1494;16
1495;11
1496;9
1497;8
1498;10
1499;12
1500;11
1501;17
1502;4
1503;9
1504;13
1505;10
1506;10
1507;6
1508;8
1509;5
1510;7
1511;9
1512;17
1513;10
1514;12
1515;9
1516;15
1517;13
1518;11
1519;10
1520;7
1521;10
1522;9
1523;3
1524;5
1525;9
1526;7
1527;5
1528;6
1529;3
1530;12
1531;6
1532;9
1533;7
1534;2
1535;12
1536;7
1537;12
1538;10
1539;2
1540;8
1541;11
1542;13
1543;6
1544;11
1545;6
1546;11
1547;9
1548;9
1549;8
1550;10
1551;7
1552;6
1553;8
1554;11
1555;11
1556;4
1557;4
1558;13
1559;12
1560;4
1561;5
1562;12
1563;6
1564;10
1565;8
1566;4
1567;6
1568;7
1569;6
1570;6
1571;6
1572;6
1573;9
1574;9
1575;7
1576;11
1577;4
1578;7
1579;3
1580;7
1581;7
1582;5
1583;9
1584;4
1585;3
1586;6
1587;5
1588;9
1589;3
1590;6
1591;4
1592;3
1593;7
1594;1
1595;6
1596;5
1597;4
1598;3
1599;5
1600;6
1601;4
1602;9
1603;7
1604;3
1605;5
1606;11
1607;7
1608;6
1609;5
1610;3
1611;8
1612;7
1613;5
1614;5
1615;4
1616;6
1617;4
1618;10
1619;3
1620;5
1621;3
1622;5
1623;6
1624;2
1625;2
1626;6
1627;8
1628;5
1629;8
1630;5
1631;5
1632;4
1633;0
1634;3
1635;3
1636;4
1637;7
1638;5
1639;2
1640;5
1641;6
1642;5
1643;4
1644;4
1645;6
1646;8
1647;2
1648;3
1649;3
1650;2
1651;2
1652;3
1653;3
1654;1
1655;6
1656;5
1657;2
1658;6
1659;3
1660;1
1661;6
1662;3
1663;4
1664;3
1665;7
1666;7
1667;4
1668;2
1669;4
1670;2
1671;5
1672;0
1673;1
1674;4
1675;3
1676;5
1677;2
1678;3
1679;4
1680;3
1681;5
1682;3
1683;0
1684;4
1685;1
1686;5
1687;3
1688;0
1689;3
1690;2
1691;2
1692;4
1693;2
1694;2
1695;3
1696;1
1697;1
1698;2
1699;3
1700;4
1701;2
1702;3
1703;2
1704;1
1705;2
1706;2
1707;1
1708;5
1709;3
1710;0
1711;3
1712;2
1713;1
1714;1
1715;2
1716;0
1717;2
1718;1
1719;3
1720;5
1721;1
1722;1
1723;0
1724;1
1725;2
1726;1
1727;3
1728;2
1729;1
1730;2
1731;2
1732;2
1733;1
1734;1
1735;4
1736;0
1737;2
1738;1
1739;1
1740;0
1741;4
1742;4
1743;2
1744;2
1745;2
1746;0
1747;3
1748;1
1749;3
1750;1
1751;2
1752;2
1753;1
1754;0
1755;2
1756;0
1757;0
1758;2
1759;2
1760;0
1761;0
1762;2
1763;0
1764;2
1765;3
1766;0
1767;1
1768;2
1769;0
1770;3
1771;2
1772;1
1773;2
1774;2
1775;1
1776;1
1777;1
1778;3
1779;0
1780;1
1781;1
1782;0
1783;1
1784;0
1785;0
1786;1
1787;2
1788;1
1789;2
1790;1
1791;1
1792;1
1793;1
1794;0
1795;3
1796;1
1797;1
1798;1
1799;0
1800;0
1801;0
1802;3
1803;0
1804;0
1805;1
1806;0
1807;0
1808;0
1809;2
1810;1
1811;0
1812;0
1813;1
1814;2
1815;1
1816;1
1817;1
1818;1
1819;0
1820;0
1821;0
1822;0
1823;0
1824;1
1825;0
1826;0
1827;0
1828;1
1829;1
1830;0
1831;0
1832;0
1833;0
1834;0
1835;0
1836;0
1837;2
1838;0
1839;1
1840;1
1841;0
1842;0
1843;0
1844;1
1845;0
1846;0
1847;1
1848;0
1849;1
1850;0
1851;1
1852;1
1853;0
1854;0
1855;2
1856;2
1857;0
1858;2
1859;0
1860;2
1861;0
1862;0
1863;0
1864;0
1865;0
1866;1
1867;0
1868;0
1869;0
1870;0
1871;0
1872;2
1873;0
1874;0
1875;0
1876;2
1877;0
1878;0
1879;1
1880;0
1881;0
1882;0
1883;1
1884;0
1885;0
1886;0
1887;0
1888;1
1889;1
1890;0
1891;0
1892;0
1893;1
1894;0
1895;0
1896;0
1897;0
1898;0
1899;0
1900;0
1901;0
1902;0
1903;0
1904;0
1905;0
1906;0
1907;0
1908;0
1909;0
1910;0
1911;1
1912;0
1913;0
1914;0
1915;0
1916;0
1917;0
1918;0
1919;0
1920;0
1921;0
1922;1
1923;0
1924;0
1925;0
1926;0
1927;0
1928;0
1929;1
1930;0
1931;0
1932;0
1933;0
1934;0
1935;0
1936;0
1937;0
1938;0
1939;1
1940;0
1941;0
1942;0
1943;0
1944;0
1945;0
1946;0
1947;0
1948;0
1949;0
1950;0
1951;0
1952;0
1953;0
1954;0
1955;0
1956;0
1957;0
1958;0
1959;0
1960;0
1961;0
1962;0
1963;0
1964;0
1965;0
1966;0
1967;0
1968;0
1969;0
1970;0
1971;0
1972;0
1973;1
1974;0
1975;0
1976;0
1977;0
1978;0
1979;0
1980;0
1981;0
1982;0
1983;0
1984;0
1985;0
1986;0
1987;0
1988;0
1989;0
1990;0
1991;0
1992;0
1993;0
1994;1
1995;0
1996;0
1997;0
1998;0
1999;0
2000;0
2001;0
2002;0
2003;0
2004;0
2005;0
2006;0
2007;0
2008;0
2009;0
2010;0
2011;0
2012;0
2013;0
2014;0
2015;0
2016;0
2017;0
2018;0
2019;0
2020;0
2021;0
2022;0
2023;0
2024;0
2025;0
2026;0
2027;0
2028;0
2029;0
2030;0
2031;0
2032;0
2033;0
2034;0
2035;0
2036;0
2037;0
2038;0
2039;0
2040;0
2041;0
2042;0
2043;0
2044;0
2045;0
2046;0
2047;0
2048;0
2049;0
2050;0
2051;0
2052;0
2053;0
2054;0
2055;0
2056;0
2057;0
2058;0
2059;0
2060;0
2061;0
2062;0
2063;0
2064;0
2065;0
2066;0
2067;0
2068;0
2069;0
2070;0
2071;0
2072;0
2073;0
2074;0
2075;0
2076;0
2077;0
2078;0
2079;0
2080;0
2081;0
2082;0
2083;0
2084;0
2085;0
2086;0
2087;0
2088;0
2089;0
2090;0
2091;0
2092;0
2093;0
2094;0
2095;0
2096;0
2097;0
2098;0
2099;0
2100;0
2101;0
2102;0
2103;0
2104;0
2105;0
2106;0
2107;0
2108;0
2109;0
2110;0
2111;0
2112;0
2113;0
2114;0
2115;0
2116;0
2117;0
2118;0
2119;0
2120;0
2121;0
2122;0
2123;0
2124;0
2125;0
2126;0
2127;0
2128;0
2129;0
2130;0
2131;0
2132;0
2133;0
2134;0
2135;0
2136;0
2137;0
2138;0
2139;0
2140;0
2141;0
2142;0
2143;0
2144;0
2145;0
2146;0
2147;0
2148;0
2149;0
2150;0
2151;0
2152;0
2153;0
2154;0
2155;0
2156;0
2157;0
2158;0
2159;0
2160;0
2161;0
2162;0
2163;0
2164;0
2165;0
2166;0
2167;0
2168;0
2169;0
2170;0
2171;0
2172;0
2173;0
2174;0
2175;0
2176;0
2177;0
2178;0
2179;0
2180;0
2181;0
2182;0
2183;0
2184;0
2185;0
2186;0
2187;0
2188;0
2189;0
2190;0
2191;0
2192;0
2193;0
2194;0
2195;0
2196;0
2197;0
2198;0
2199;0
2200;0
2201;0
2202;0
2203;0
2204;0
2205;0
2206;0
2207;0
2208;0
2209;0
2210;0
2211;0
2212;0
2213;0
2214;0
2215;0
2216;0
2217;0
2218;0
2219;0
2220;0
2221;0
2222;0
2223;0
2224;0
2225;0
2226;0
2227;0
2228;0
2229;0
2230;0
2231;0
2232;0
2233;0
2234;0
2235;0
2236;0
2237;0
2238;0
2239;0
2240;0
2241;0
2242;0
2243;0
2244;0
2245;0
2246;0
2247;0
2248;0
2249;0
2250;0
2251;0
2252;0
2253;0
2254;0
2255;0
2256;0
2257;0
2258;0
2259;0
2260;0
2261;0
2262;0
2263;0
2264;0
2265;0
2266;0
2267;0
2268;0
2269;0
2270;0
2271;0
2272;0
2273;0
2274;0
2275;0
2276;0
2277;0
2278;0
2279;0
2280;0
2281;0
2282;0
2283;0
2284;0
2285;0
2286;0
2287;0
2288;0
2289;0
2290;0
2291;0
2292;0
2293;0
2294;0
2295;0
2296;0
2297;0
2298;0
2299;0
2300;0
2301;0
2302;0
2303;0
2304;0
2305;0
2306;0
2307;0
2308;0
2309;0
2310;0
2311;0
2312;0
2313;0
2314;0
2315;0
2316;0
2317;0
2318;0
2319;0
2320;0
2321;0
2322;0
2323;0
2324;0
2325;0
2326;0
2327;0
2328;0
2329;0
2330;0
2331;0
2332;0
2333;0
2334;0
2335;0
2336;0
2337;0
2338;0
2339;0
2340;0
2341;0
2342;0
2343;0
2344;0
2345;0
2346;0
2347;0
2348;0
2349;0
2350;0
2351;0
2352;0
2353;0
2354;0
2355;0
2356;0
2357;0
2358;0
2359;0
2360;0
2361;0
2362;0
2363;0
2364;0
2365;0
2366;0
2367;0
2368;0
2369;0
2370;0
2371;0
2372;0
2373;0
2374;0
2375;0
2376;0
2377;0
2378;0
2379;0
2380;0
2381;0
2382;0
2383;0
2384;0
2385;0
2386;0
2387;0
2388;0
2389;0
2390;0
2391;0
2392;0
2393;0
2394;0
2395;0
2396;0
2397;0
2398;0
2399;0
2400;0
2401;0
2402;0
2403;0
2404;0
2405;0
2406;0
2407;0
2408;0
2409;0
2410;0
2411;0
2412;0
2413;0
2414;0
2415;0
2416;0
2417;0
2418;0
2419;0
2420;0
2421;0
2422;0
2423;0
2424;0
2425;0
2426;0
2427;0
2428;0
2429;0
2430;0
2431;0
2432;0
2433;0
2434;0
2435;0
2436;0
2437;0
2438;0
2439;0
2440;0
2441;0
2442;0
2443;0
2444;0
2445;0
2446;0
2447;0
2448;0
2449;0
2450;0
2451;0
2452;0
2453;0
2454;0
2455;0
2456;0
2457;0
2458;0
2459;0
2460;0
2461;0
2462;0
2463;0
2464;0
2465;0
2466;0
2467;0
2468;0
2469;0
2470;0
2471;0
2472;0
2473;0
2474;0
2475;0
2476;0
2477;0
2478;0
2479;0
2480;0
2481;0
2482;0
2483;0
2484;0
2485;0
2486;0
2487;0
2488;0
2489;0
2490;0
2491;0
2492;0
2493;0
2494;0
2495;0
2496;0
2497;0
2498;0
2499;0
2500;0
2501;0
2502;0
2503;0
2504;0
2505;0
2506;0
2507;0
2508;0
2509;0
2510;0
2511;0
2512;0
2513;0
2514;0
2515;0
2516;0
2517;0
2518;0
2519;0
2520;0
2521;0
2522;0
2523;0
2524;0
2525;0
2526;0
2527;0
2528;0
2529;0
2530;0
2531;0
2532;0
2533;0
2534;0
2535;0
2536;0
2537;0
2538;0
2539;0
2540;0
2541;0
2542;0
2543;0
2544;0
2545;0
2546;0
2547;0
2548;0
2549;0
2550;0
2551;0
2552;0
2553;0
2554;0
2555;0
2556;0
2557;0
2558;0
2559;0
2560;0
2561;0
2562;0
2563;0
2564;0
2565;0
2566;0
2567;0
2568;0
2569;0
2570;0
2571;0
2572;0
2573;0
2574;0
2575;0
2576;0
2577;0
2578;0
2579;0
2580;0
2581;0
2582;0
2583;0
2584;0
2585;0
2586;0
2587;0
2588;0
2589;0
2590;0
2591;0
2592;0
2593;0
2594;0
2595;0
2596;0
2597;0
2598;0
2599;0
2600;0
2601;0
2602;0
2603;0
2604;0
2605;0
2606;0
2607;0
2608;0
2609;0
2610;0
2611;0
2612;0
2613;0
2614;0
2615;0
2616;0
2617;0
2618;0
2619;0
2620;0
2621;0
2622;0
2623;0
2624;0
2625;0
2626;0
2627;0
2628;0
2629;0
2630;0
2631;0
2632;0
2633;0
2634;0
2635;0
2636;0
2637;0
2638;0
2639;0
2640;0
2641;0
2642;0
2643;0
2644;0
2645;0
2646;0
2647;0
2648;0
2649;0
2650;0
2651;0
2652;0
2653;0
2654;0
2655;0
2656;0
2657;0
2658;0
2659;0
2660;0
2661;0
2662;0
2663;0
2664;0
2665;0
2666;0
2667;0
2668;0
2669;0
2670;0
2671;0
2672;0
2673;0
2674;0
2675;0
2676;0
2677;0
2678;0
2679;0
2680;0
2681;0
2682;0
2683;0
2684;0
2685;0
2686;0
2687;0
2688;0
2689;0
2690;0
2691;0
2692;0
2693;0
2694;0
2695;0
2696;0
2697;0
2698;0
2699;0
2700;0
2701;0
2702;0
2703;0
2704;0
2705;0
2706;0
2707;0
2708;0
2709;0
2710;0
2711;0
2712;0
2713;0
2714;0
2715;0
2716;0
2717;0
2718;0
2719;0
2720;0
2721;0
2722;0
2723;0
2724;0
2725;0
2726;0
2727;0
2728;0
2729;0
2730;0
2731;0
2732;0
2733;0
2734;0
2735;0
2736;0
2737;0
2738;0
2739;0
2740;0
2741;0
2742;0
2743;0
2744;0
2745;0
2746;0
2747;0
2748;0
2749;0
2750;0
2751;0
2752;0
2753;0
2754;0
2755;0
2756;0
2757;0
2758;0
2759;0
2760;0
2761;0
2762;0
2763;0
2764;0
2765;0
2766;0
2767;0
2768;0
2769;0
2770;0
2771;0
2772;0
2773;0
2774;0
2775;0
2776;0
2777;0
2778;0
2779;0
2780;0
2781;0
2782;0
2783;0
2784;0
2785;0
2786;0
2787;0
2788;0
2789;0
2790;0
2791;0
2792;0
2793;0
2794;0
2795;0
2796;0
2797;0
2798;0
2799;0
2800;0
2801;0
2802;0
2803;0
2804;0
2805;0
2806;0
2807;0
2808;0
2809;0
2810;0
2811;0
2812;0
2813;0
2814;0
2815;0
2816;0
2817;0
2818;0
2819;0
2820;0
2821;0
2822;0
2823;0
2824;0
2825;0
2826;0
2827;0
2828;0
2829;0
2830;0
2831;0
2832;0
2833;0
2834;0
2835;0
2836;0
2837;0
2838;0
2839;0
2840;0
2841;0
2842;0
2843;0
2844;0
2845;0
2846;0
2847;0
2848;0
2849;0
2850;0
2851;0
2852;0
2853;0
2854;0
2855;0
2856;0
2857;0
2858;0
2859;0
2860;0
2861;0
2862;0
2863;0
2864;0
2865;0
2866;0
2867;0
2868;0
2869;0
2870;0
2871;0
2872;0
2873;0
2874;0
2875;0
2876;0
2877;0
2878;0
2879;0
2880;0
2881;0
2882;0
2883;0
2884;0
2885;0
2886;0
2887;0
2888;0
2889;0
2890;0
2891;0
2892;0
2893;0
2894;0
2895;0
2896;0
2897;0
2898;0
2899;0
2900;0
2901;0
2902;0
2903;0
2904;0
2905;0
2906;0
2907;0
2908;0
2909;0
2910;0
2911;0
2912;0
2913;0
2914;0
2915;0
2916;0
2917;0
2918;0
2919;0
2920;0
2921;0
2922;0
2923;0
2924;0
2925;0
2926;0
2927;0
2928;0
2929;0
2930;0
2931;0
2932;0
2933;0
2934;0
2935;0
2936;0
2937;0
2938;0
2939;0
2940;0
2941;0
2942;0
2943;0
2944;0
2945;0
2946;0
2947;0
2948;0
2949;0
2950;0
2951;0
2952;0
2953;0
2954;0
2955;0
2956;0
2957;0
2958;0
2959;0
2960;0
2961;0
2962;0
2963;0
2964;0
2965;0
2966;0
2967;0
2968;0
2969;0
2970;0
2971;0
2972;0
2973;0
2974;0
2975;0
2976;0
2977;0
2978;0
2979;0
2980;0
2981;0
2982;0
2983;0
2984;0
2985;0
2986;0
2987;0
2988;0
2989;0
2990;0
2991;0
2992;0
2993;0
2994;0
2995;0
2996;0
2997;0
2998;0
2999;0
3000;0
3001;0
3002;0
3003;0
3004;0
3005;0
3006;0
3007;0
3008;0
3009;0
3010;0
3011;0
3012;0
3013;0
3014;0
3015;0
3016;0
3017;0
3018;0
3019;0
3020;0
3021;0
3022;0
3023;0
3024;0
3025;0
3026;0
3027;0
3028;0
3029;0
3030;0
3031;0
3032;0
3033;0
3034;0
3035;0
3036;0
3037;0
3038;0
3039;0
3040;0
3041;0
3042;0
3043;0
3044;0
3045;0
3046;0
3047;0
3048;0
3049;0
3050;0
3051;0
3052;0
3053;0
3054;0
3055;0
3056;0
3057;0
3058;0
3059;0
3060;0
3061;0
3062;0
3063;0
3064;0
3065;0
3066;0
3067;0
3068;0
3069;0
3070;0
3071;0
3072;0
3073;0
3074;0
3075;0
3076;0
3077;0
3078;0
3079;0
3080;0
3081;0
3082;0
3083;0
3084;0
3085;0
3086;0
3087;0
3088;0
3089;0
3090;0
3091;0
3092;0
3093;0
3094;0
3095;0
3096;0
3097;0
3098;0
3099;0
3100;0
3101;0
3102;0
3103;0
3104;0
3105;0
3106;0
3107;0
3108;0
3109;0
3110;0
3111;0
3112;0
3113;0
3114;0
3115;0
3116;0
3117;0
3118;0
3119;0
3120;0
3121;0
3122;0
3123;0
3124;0
3125;0
3126;0
3127;0
3128;0
3129;0
3130;0
3131;0
3132;0
3133;0
3134;0
3135;0
3136;0
3137;0
3138;0
3139;0
3140;0
3141;0
3142;0
3143;0
3144;0
3145;0
3146;0
3147;0
3148;0
3149;0
3150;0
3151;0
3152;0
3153;0
3154;0
3155;0
3156;0
3157;0
3158;0
3159;0
3160;0
3161;0
3162;0
3163;0
3164;0
3165;0
3166;0
3167;0
3168;0
3169;0
3170;0
3171;0
3172;0
3173;0
3174;0
3175;0
3176;0
3177;0
3178;0
3179;0
3180;0
3181;0
3182;0
3183;0
3184;0
3185;0
3186;0
3187;0
3188;0
3189;0
3190;0
3191;0
3192;0
3193;0
3194;0
3195;0
3196;0
3197;0
3198;0
3199;0
3200;0
3201;0
3202;0
3203;0
3204;0
3205;0
3206;0
3207;0
3208;0
3209;0
3210;0
3211;0
3212;0
3213;0
3214;0
3215;0
3216;0
3217;0
3218;0
3219;0
3220;0
3221;0
3222;0
3223;0
3224;0
3225;0
3226;0
3227;0
3228;0
3229;0
3230;0
3231;0
3232;0
3233;0
3234;0
3235;0
3236;0
3237;0
3238;0
3239;0
3240;0
3241;0
3242;0
3243;0
3244;0
3245;0
3246;0
3247;0
3248;0
3249;0
3250;0
3251;0
3252;0
3253;0
3254;0
3255;0
3256;0
3257;0
3258;0
3259;0
3260;0
3261;0
3262;0
3263;0
3264;0
3265;0
3266;0
3267;0
3268;0
3269;0
3270;0
3271;0
3272;0
3273;0
3274;0
3275;0
3276;0
3277;0
3278;0
3279;0
3280;0
3281;0
3282;0
3283;0
3284;0
3285;0
3286;0
3287;0
3288;0
3289;0
3290;0
3291;0
3292;0
3293;0
3294;0
3295;0
3296;0
3297;0
3298;0
3299;0
3300;0
3301;0
3302;0
3303;0
3304;0
3305;0
3306;0
3307;0
3308;0
3309;0
3310;0
3311;0
3312;0
3313;0
3314;0
3315;0
3316;0
3317;0
3318;0
3319;0
3320;0
3321;0
3322;0
3323;0
3324;0
3325;0
3326;0
3327;0
3328;0
3329;0
3330;0
3331;0
3332;0
3333;0
3334;0
3335;0
3336;0
3337;0
3338;0
3339;0
3340;0
3341;0
3342;0
3343;0
3344;0
3345;0
3346;0
3347;0
3348;0
3349;0
3350;0
3351;0
3352;0
3353;0
3354;0
3355;0
3356;0
3357;0
3358;0
3359;0
3360;0
3361;0
3362;0
3363;0
3364;0
3365;0
3366;0
3367;0
3368;0
3369;0
3370;0
3371;0
3372;0
3373;0
3374;0
3375;0
3376;0
3377;0
3378;0
3379;0
3380;0
3381;0
3382;0
3383;0
3384;0
3385;0
3386;0
3387;0
3388;0
3389;0
3390;0
3391;0
3392;0
3393;0
3394;0
3395;0
3396;0
3397;0
3398;0
3399;0
3400;0
3401;0
3402;0
3403;0
3404;0
3405;0
3406;0
3407;0
3408;0
3409;0
3410;0
3411;0
3412;0
3413;0
3414;0
3415;0
3416;0
3417;0
3418;0
3419;0
3420;0
3421;0
3422;0
3423;0
3424;0
3425;0
3426;0
3427;0
3428;0
3429;0
3430;0
3431;0
3432;0
3433;0
3434;0
3435;0
3436;0
3437;0
3438;0
3439;0
3440;0
3441;0
3442;0
3443;0
3444;0
3445;0
3446;0
3447;0
3448;0
3449;0
3450;0
3451;0
3452;0
3453;0
3454;0
3455;0
3456;0
3457;0
3458;0
3459;0
3460;0
3461;0
3462;0
3463;0
3464;0
3465;0
3466;0
3467;0
3468;0
3469;0
3470;0
3471;0
3472;0
3473;0
3474;0
3475;0
3476;0
3477;0
3478;0
3479;0
3480;0
3481;0
3482;0
3483;0
3484;0
3485;0
3486;0
3487;0
3488;0
3489;0
3490;0
3491;0
3492;0
3493;0
3494;0
3495;0
3496;0
3497;0
3498;0
3499;0
3500;0
3501;0
3502;0
3503;0
3504;0
3505;0
3506;0
3507;0
3508;0
3509;0
3510;0
3511;0
3512;0
3513;0
3514;0
3515;0
3516;0
3517;0
3518;0
3519;0
3520;0
3521;0
3522;0
3523;0
3524;0
3525;0
3526;0
3527;0
3528;0
3529;0
3530;0
3531;0
3532;0
3533;0
3534;0
3535;0
3536;0
3537;0
3538;0
3539;0
3540;0
3541;0
3542;0
3543;0
3544;0
3545;0
3546;0
3547;0
3548;0
3549;0
3550;0
3551;0
3552;0
3553;0
3554;0
3555;0
3556;0
3557;0
3558;0
3559;0
3560;0
3561;0
3562;0
3563;0
3564;0
3565;0
3566;0
3567;0
3568;0
3569;0
3570;0
3571;0
3572;0
3573;0
3574;0
3575;0
3576;0
3577;0
3578;0
3579;0
3580;0
3581;0
3582;0
3583;0
3584;0
3585;0
3586;0
3587;0
3588;0
3589;0
3590;0
3591;0
3592;0
3593;0
3594;0
3595;0
3596;0
3597;0
3598;0
3599;0
3600;0
3601;0
3602;0
3603;0
3604;0
3605;0
3606;0
3607;0
3608;0
3609;0
3610;0
3611;0
3612;0
3613;0
3614;0
3615;0
3616;0
3617;0
3618;0
3619;0
3620;0
3621;0
3622;0
3623;0
3624;0
3625;0
3626;0
3627;0
3628;0
3629;0
3630;0
3631;0
3632;0
3633;0
3634;0
3635;0
3636;0
3637;0
3638;0
3639;0
3640;0
3641;0
3642;0
3643;0
3644;0
3645;0
3646;0
3647;0
3648;0
3649;0
3650;0
3651;0
3652;0
3653;0
3654;0
3655;0
3656;0
3657;0
3658;0
3659;0
3660;0
3661;0
3662;0
3663;0
3664;0
3665;0
3666;0
3667;0
3668;0
3669;0
3670;0
3671;0
3672;0
3673;0
3674;0
3675;0
3676;0
3677;0
3678;0
3679;0
3680;0
3681;0
3682;0
3683;0
3684;0
3685;0
3686;0
3687;0
3688;0
3689;0
3690;0
3691;0
3692;0
3693;0
3694;0
3695;0
3696;0
3697;0
3698;0
3699;0
3700;0
3701;0
3702;0
3703;0
3704;0
3705;0
3706;0
3707;0
3708;0
3709;0
3710;0
3711;0
3712;0
3713;0
3714;0
3715;0
3716;0
3717;0
3718;0
3719;0
3720;0
3721;0
3722;0
3723;0
3724;0
3725;0
3726;0
3727;0
3728;0
3729;0
3730;0
3731;0
3732;0
3733;0
3734;0
3735;0
3736;0
3737;0
3738;0
3739;0
3740;0
3741;0
3742;0
3743;0
3744;0
3745;0
3746;0
3747;0
3748;0
3749;0
3750;0
3751;0
3752;0
3753;0
3754;0
3755;0
3756;0
3757;0
3758;0
3759;0
3760;0
3761;0
3762;0
3763;0
3764;0
3765;0
3766;0
3767;0
3768;0
3769;0
3770;0
3771;0
3772;0
3773;0
3774;0
3775;0
3776;0
3777;0
3778;0
3779;0
3780;0
3781;0
3782;0
3783;0
3784;0
3785;0
3786;0
3787;0
3788;0
3789;0
3790;0
3791;0
3792;0
3793;0
3794;0
3795;0
3796;0
3797;0
3798;0
3799;0
3800;0
3801;0
3802;0
3803;0
3804;0
3805;0
3806;0
3807;0
3808;0
3809;0
3810;0
3811;0
3812;0
3813;0
3814;0
3815;0
3816;0
3817;0
3818;0
3819;0
3820;0
3821;0
3822;0
3823;0
3824;0
3825;0
3826;0
3827;0
3828;0
3829;0
3830;0
3831;0
3832;0
3833;0
3834;0
3835;0
3836;0
3837;0
3838;0
3839;0
3840;0
3841;0
3842;0
3843;0
3844;0
3845;0
3846;0
3847;0
3848;0
3849;0
3850;0
3851;0
3852;0
3853;0
3854;0
3855;0
3856;0
3857;0
3858;0
3859;0
3860;0
3861;0
3862;0
3863;0
3864;0
3865;0
3866;0
3867;0
3868;0
3869;0
3870;0
3871;0
3872;0
3873;0
3874;0
3875;0
3876;0
3877;0
3878;0
3879;0
3880;0
3881;0
3882;0
3883;0
3884;0
3885;0
3886;0
3887;0
3888;0
3889;0
3890;0
3891;0
3892;0
3893;0
3894;0
3895;0
3896;0
3897;0
3898;0
3899;0
3900;0
3901;0
3902;0
3903;0
3904;0
3905;0
3906;0
3907;0
3908;0
3909;0
3910;0
3911;0
3912;0
3913;0
3914;0
3915;0
3916;0
3917;0
3918;0
3919;0
3920;0
3921;0
3922;0
3923;0
3924;0
3925;0
3926;0
3927;0
3928;0
3929;0
3930;0
3931;0
3932;0
3933;0
3934;0
3935;0
3936;0
3937;0
3938;0
3939;0
3940;0
3941;0
3942;0
3943;0
3944;0
3945;0
3946;0
3947;0
3948;0
3949;0
3950;0
3951;0
3952;0
3953;0
3954;0
3955;0
3956;0
3957;0
3958;0
3959;0
3960;0
3961;0
3962;0
3963;0
3964;0
3965;0
3966;0
3967;0
3968;0
3969;0
3970;0
3971;0
3972;0
3973;0
3974;0
3975;0
3976;0
3977;0
3978;0
3979;0
3980;0
3981;0
3982;0
3983;0
3984;0
3985;0
3986;0
3987;0
3988;0
3989;0
3990;0
3991;0
3992;0
3993;0
3994;0
3995;0
3996;0
3997;0
3998;0
3999;0
4000;0
4001;0
4002;0
4003;0
4004;0
4005;0
4006;0
4007;0
4008;0
4009;0
4010;0
4011;0
4012;0
4013;0
4014;0
4015;0
4016;0
4017;0
4018;0
4019;0
4020;0
4021;0
4022;0
4023;0
4024;0
4025;0
4026;0
4027;0
4028;0
4029;0
4030;0
4031;0
4032;0
4033;0
4034;0
4035;0
4036;0
4037;0
4038;0
4039;0
4040;0
4041;0
4042;0
4043;0
4044;0
4045;0
4046;0
4047;0
4048;0
4049;0
4050;0
4051;0
4052;0
4053;0
4054;0
4055;0
4056;0
4057;0
4058;0
4059;0
4060;0
4061;0
4062;0
4063;0
4064;0
4065;0
4066;0
4067;0
4068;0
4069;0
4070;0
4071;0
4072;0
4073;0
4074;0
4075;0
4076;0
4077;0
4078;0
4079;0
4080;0
4081;0
4082;0
4083;0
4084;0
4085;0
4086;0
4087;0
4088;0
4089;0
4090;0
4091;0
4092;0
4093;0
4094;0
4095;0
4096;0
