L 64,p 0.586900,Z 100000
/* Tamanio de cluster; Ocurrencias de cada tamaño de cluster */
1;7630827
2;1661733
3;995573
4;651456
5;454628
6;336488
7;260486
8;206969
9;169905
10;143060
11;121333
12;104364
13;90862
14;80617
15;71553
16;63259
17;57100
18;52088
19;47425
20;43352
21;40061
22;36632
23;34310
24;31315
25;29410
26;27473
27;25992
28;24081
29;22775
30;21607
31;20245
32;19180
33;18077
34;17373
35;16333
36;15560
37;14913
38;14366
39;13548
40;12959
41;12587
42;11978
43;11553
44;11159
45;10503
46;10281
47;9896
48;9473
49;8964
50;8797
51;8603
52;8373
53;8057
54;7777
55;7740
56;7320
57;7055
58;6967
59;6642
60;6434
61;6242
62;6037
63;5962
64;5833
65;5568
66;5405
67;5351
68;5234
69;5130
70;4972
71;4835
72;4717
73;4678
74;4433
75;4509
76;4325
77;4190
78;4196
79;3963
80;3965
81;3873
82;3842
83;3774
84;3526
85;3560
86;3537
87;3403
88;3279
89;3331
90;3366
91;3288
92;3106
93;3133
94;3010
95;3098
96;3000
97;2892
98;2735
99;2732
100;2703
101;2605
102;2573
103;2554
104;2558
105;2531
106;2451
107;2425
108;2403
109;2342
110;2319
111;2231
112;2151
113;2203
114;2112
115;2118
116;2137
117;2129
118;2038
119;2070
120;1968
121;1946
122;1983
123;1964
124;1811
125;1877
126;1846
127;1747
128;1843
129;1749
130;1735
131;1770
132;1733
133;1718
134;1638
135;1598
136;1624
137;1572
138;1615
139;1529
140;1628
141;1484
142;1539
143;1418
144;1541
145;1437
146;1395
147;1430
148;1411
149;1379
150;1428
151;1305
152;1323
153;1297
154;1308
155;1274
156;1367
157;1218
158;1235
159;1261
160;1215
161;1249
162;1225
163;1151
164;1205
165;1106
166;1153
167;1195
168;1176
169;1079
170;1120
171;1144
172;1084
173;1073
174;1097
175;1072
176;1036
177;1063
178;1015
179;1006
180;1022
181;1026
182;1050
183;966
184;1000
185;985
186;974
187;941
188;906
189;927
190;911
191;915
192;907
193;921
194;907
195;914
196;879
197;889
198;852
199;888
200;840
201;822
202;809
203;877
204;813
205;843
206;830
207;777
208;775
209;787
210;790
211;762
212;772
213;793
214;806
215;806
216;742
217;736
218;765
219;746
220;718
221;743
222;763
223;694
224;699
225;679
226;712
227;692
228;646
229;686
230;641
231;687
232;716
233;648
234;649
235;692
236;630
237;609
238;654
239;656
240;629
241;610
242;599
243;598
244;606
245;616
246;592
247;551
248;592
249;572
250;565
251;605
252;569
253;564
254;568
255;545
256;580
257;552
258;575
259;543
260;528
261;550
262;547
263;548
264;594
265;573
266;505
267;548
268;558
269;524
270;491
271;478
272;475
273;505
274;484
275;515
276;508
277;517
278;460
279;448
280;472
281;522
282;466
283;466
284;450
285;479
286;479
287;466
288;440
289;500
290;466
291;463
292;442
293;461
294;411
295;453
296;462
297;440
298;443
299;416
300;424
301;440
302;442
303;453
304;426
305;425
306;443
307;384
308;440
309;429
310;408
311;407
312;386
313;431
314;388
315;370
316;394
317;378
318;400
319;400
320;389
321;389
322;371
323;387
324;398
325;371
326;394
327;432
328;392
329;345
330;386
331;380
332;363
333;376
334;398
335;355
336;393
337;378
338;378
339;357
340;382
341;384
342;343
343;326
344;347
345;340
346;337
347;352
348;338
349;345
350;365
351;343
352;343
353;345
354;355
355;348
356;335
357;321
358;343
359;296
360;329
361;299
362;316
363;314
364;341
365;340
366;322
367;301
368;325
369;285
370;279
371;282
372;276
373;306
374;310
375;335
376;297
377;298
378;337
379;299
380;287
381;261
382;305
383;281
384;295
385;288
386;265
387;253
388;266
389;288
390;312
391;303
392;293
393;267
394;283
395;283
396;322
397;289
398;293
399;251
400;274
401;273
402;255
403;251
404;272
405;308
406;253
407;234
408;272
409;250
410;253
411;249
412;246
413;247
414;235
415;283
416;243
417;245
418;273
419;250
420;239
421;272
422;267
423;261
424;238
425;261
426;265
427;276
428;225
429;251
430;241
431;257
432;216
433;258
434;266
435;250
436;245
437;235
438;227
439;258
440;224
441;236
442;218
443;236
444;236
445;256
446;237
447;223
448;214
449;242
450;241
451;229
452;222
453;233
454;208
455;220
456;194
457;206
458;246
459;209
460;240
461;200
462;225
463;221
464;229
465;225
466;183
467;202
468;187
469;186
470;218
471;197
472;217
473;218
474;219
475;179
476;190
477;195
478;176
479;174
480;204
481;227
482;203
483;213
484;171
485;200
486;195
487;193
488;172
489;177
490;207
491;192
492;190
493;191
494;197
495;190
496;189
497;215
498;193
499;203
500;190
501;192
502;169
503;210
504;165
505;193
506;204
507;176
508;193
509;194
510;198
511;157
512;171
513;196
514;205
515;176
516;183
517;174
518;173
519;184
520;164
521;168
522;154
523;175
524;175
525;193
526;153
527;139
528;150
529;149
530;176
531;164
532;173
533;171
534;176
535;145
536;177
537;181
538;166
539;174
540;185
541;157
542;176
543;165
544;184
545;165
546;155
547;172
548;163
549;156
550;150
551;153
552;179
553;158
554;142
555;148
556;144
557;174
558;160
559;148
560;167
561;145
562;162
563;151
564;146
565;165
566;139
567;134
568;169
569;178
570;157
571;171
572;160
573;154
574;150
575;179
576;126
577;136
578;182
579;143
580;146
581;152
582;152
583;173
584;157
585;153
586;130
587;174
588;143
589;123
590;130
591;163
592;133
593;132
594;132
595;152
596;131
597;136
598;142
599;148
600;134
601;136
602;142
603;131
604;131
605;128
606;162
607;157
608;136
609;156
610;135
611;120
612;143
613;133
614;142
615;128
616;140
617;132
618;147
619;124
620;140
621;142
622;142
623;117
624;131
625;122
626;133
627;128
628;131
629;125
630;120
631;129
632;123
633;120
634;147
635;124
636;146
637;115
638;146
639;130
640;117
641;129
642;123
643;129
644;142
645;133
646;140
647;114
648;110
649;108
650;113
651;129
652;107
653;104
654;107
655;121
656;111
657;126
658;126
659;114
660;134
661;122
662;112
663;111
664;134
665;124
666;120
667;114
668;114
669;135
670;113
671;120
672;124
673;115
674;116
675;98
676;110
677;128
678;113
679;121
680;110
681;106
682;104
683;109
684;117
685;131
686;115
687;125
688;111
689;109
690;113
691;118
692;119
693;89
694;99
695;95
696;122
697;105
698;105
699;118
700;94
701;104
702;108
703;101
704;103
705;106
706;104
707;113
708;121
709;107
710;105
711;99
712;109
713;101
714;97
715;110
716;108
717;114
718;109
719;110
720;105
721;112
722;106
723;98
724;102
725;100
726;89
727;117
728;105
729;95
730;92
731;116
732;108
733;83
734;99
735;104
736;106
737;96
738;99
739;96
740;108
741;108
742;85
743;100
744;103
745;106
746;103
747;102
748;94
749;89
750;82
751;83
752;85
753;87
754;89
755;99
756;110
757;102
758;99
759;93
760;91
761;99
762;97
763;89
764;98
765;83
766;98
767;78
768;86
769;84
770;95
771;109
772;98
773;80
774;93
775;90
776;100
777;102
778;85
779;94
780;84
781;77
782;92
783;80
784;95
785;86
786;93
787;105
788;81
789;92
790;95
791;91
792;91
793;80
794;100
795;90
796;117
797;74
798;82
799;89
800;88
801;99
802;103
803;89
804;79
805;64
806;78
807;98
808;92
809;95
810;76
811;92
812;89
813;91
814;84
815;84
816;75
817;96
818;81
819;72
820;85
821;82
822;77
823;76
824;90
825;97
826;75
827;65
828;79
829;94
830;83
831;90
832;80
833;70
834;80
835;84
836;81
837;75
838;74
839;69
840;74
841;90
842;79
843;85
844;67
845;81
846;85
847;79
848;68
849;77
850;87
851;75
852;86
853;71
854;70
855;82
856;85
857;75
858;72
859;79
860;68
861;72
862;75
863;66
864;72
865;80
866;69
867;83
868;75
869;78
870;79
871;59
872;78
873;76
874;83
875;64
876;73
877;76
878;85
879;90
880;86
881;59
882;64
883;71
884;72
885;76
886;71
887;70
888;68
889;72
890;67
891;71
892;70
893;62
894;58
895;80
896;71
897;80
898;66
899;78
900;81
901;71
902;68
903;60
904;72
905;65
906;81
907;52
908;84
909;64
910;46
911;47
912;58
913;66
914;66
915;67
916;58
917;51
918;67
919;60
920;69
921;55
922;55
923;72
924;74
925;60
926;61
927;57
928;71
929;65
930;70
931;70
932;56
933;59
934;57
935;60
936;61
937;70
938;52
939;55
940;46
941;67
942;62
943;61
944;57
945;68
946;60
947;52
948;69
949;58
950;61
951;52
952;63
953;51
954;70
955;59
956;65
957;63
958;59
959;67
960;44
961;63
962;66
963;62
964;55
965;41
966;61
967;55
968;56
969;66
970;55
971;60
972;74
973;56
974;56
975;48
976;64
977;74
978;57
979;55
980;64
981;53
982;56
983;60
984;65
985;53
986;47
987;46
988;56
989;50
990;65
991;56
992;43
993;52
994;63
995;49
996;52
997;58
998;47
999;59
1000;47
1001;45
1002;50
1003;39
1004;59
1005;49
1006;55
1007;46
1008;43
1009;44
1010;56
1011;39
1012;58
1013;56
1014;53
1015;47
1016;52
1017;45
1018;48
1019;52
1020;55
1021;49
1022;65
1023;35
1024;54
1025;50
1026;43
1027;50
1028;52
1029;62
1030;64
1031;46
1032;50
1033;43
1034;45
1035;44
1036;63
1037;53
1038;57
1039;39
1040;52
1041;53
1042;45
1043;54
1044;48
1045;43
1046;48
1047;50
1048;49
1049;42
1050;56
1051;44
1052;47
1053;47
1054;50
1055;51
1056;57
1057;47
1058;57
1059;52
1060;57
1061;46
1062;47
1063;40
1064;43
1065;58
1066;47
1067;50
1068;38
1069;55
1070;50
1071;46
1072;55
1073;41
1074;42
1075;48
1076;40
1077;53
1078;45
1079;51
1080;40
1081;41
1082;46
1083;55
1084;47
1085;44
1086;49
1087;43
1088;43
1089;43
1090;43
1091;58
1092;44
1093;45
1094;40
1095;48
1096;39
1097;45
1098;36
1099;52
1100;40
1101;38
1102;47
1103;43
1104;33
1105;42
1106;27
1107;43
1108;36
1109;41
1110;47
1111;38
1112;49
1113;41
1114;36
1115;38
1116;35
1117;41
1118;37
1119;38
1120;47
1121;42
1122;44
1123;34
1124;40
1125;42
1126;44
1127;39
1128;39
1129;52
1130;46
1131;31
1132;43
1133;38
1134;39
1135;40
1136;44
1137;32
1138;43
1139;35
1140;47
1141;47
1142;35
1143;42
1144;32
1145;42
1146;36
1147;25
1148;38
1149;40
1150;30
1151;41
1152;38
1153;31
1154;29
1155;35
1156;30
1157;40
1158;32
1159;33
1160;36
1161;46
1162;35
1163;34
1164;36
1165;38
1166;33
1167;45
1168;35
1169;36
1170;41
1171;35
1172;39
1173;26
1174;27
1175;36
1176;44
1177;38
1178;28
1179;27
1180;31
1181;36
1182;31
1183;38
1184;38
1185;29
1186;27
1187;19
1188;32
1189;31
1190;22
1191;41
1192;29
1193;29
1194;27
1195;34
1196;37
1197;33
1198;27
1199;39
1200;37
1201;24
1202;22
1203;40
1204;32
1205;41
1206;34
1207;30
1208;22
1209;36
1210;22
1211;24
1212;30
1213;26
1214;34
1215;35
1216;33
1217;32
1218;29
1219;35
1220;36
1221;26
1222;33
1223;31
1224;37
1225;36
1226;35
1227;21
1228;26
1229;37
1230;23
1231;27
1232;33
1233;33
1234;27
1235;34
1236;36
1237;26
1238;31
1239;26
1240;28
1241;26
1242;23
1243;26
1244;25
1245;25
1246;15
1247;43
1248;22
1249;22
1250;21
1251;31
1252;29
1253;15
1254;20
1255;20
1256;36
1257;25
1258;19
1259;26
1260;39
1261;22
1262;24
1263;31
1264;31
1265;29
1266;20
1267;17
1268;28
1269;25
1270;28
1271;18
1272;27
1273;19
1274;23
1275;23
1276;17
1277;19
1278;24
1279;23
1280;21
1281;18
1282;16
1283;21
1284;22
1285;16
1286;29
1287;29
1288;31
1289;18
1290;27
1291;18
1292;23
1293;20
1294;23
1295;24
1296;20
1297;25
1298;31
1299;15
1300;17
1301;23
1302;25
1303;27
1304;17
1305;14
1306;30
1307;17
1308;17
1309;31
1310;25
1311;27
1312;29
1313;19
1314;19
1315;31
1316;13
1317;33
1318;14
1319;30
1320;24
1321;32
1322;19
1323;19
1324;20
1325;18
1326;22
1327;21
1328;16
1329;12
1330;19
1331;21
1332;27
1333;25
1334;22
1335;17
1336;16
1337;18
1338;20
1339;21
1340;14
1341;16
1342;22
1343;16
1344;14
1345;11
1346;20
1347;22
1348;18
1349;22
1350;16
1351;23
1352;17
1353;18
1354;20
1355;16
1356;16
1357;24
1358;20
1359;15
1360;15
1361;18
1362;19
1363;16
1364;15
1365;18
1366;14
1367;23
1368;20
1369;18
1370;16
1371;24
1372;9
1373;32
1374;20
1375;12
1376;13
1377;18
1378;15
1379;18
1380;16
1381;17
1382;16
1383;22
1384;11
1385;11
1386;17
1387;15
1388;14
1389;18
1390;21
1391;19
1392;14
1393;15
1394;10
1395;11
1396;16
1397;16
1398;21
1399;13
1400;16
1401;15
1402;8
1403;20
1404;10
1405;18
1406;13
1407;14
1408;15
1409;18
1410;9
1411;15
1412;16
1413;16
1414;15
1415;9
1416;15
1417;11
1418;12
1419;14
1420;8
1421;11
1422;19
1423;12
1424;13
1425;13
1426;12
1427;22
1428;12
1429;10
1430;9
1431;17
1432;14
1433;14
1434;14
1435;10
1436;11
1437;11
1438;22
1439;13
1440;15
1441;11
1442;17
1443;10
1444;11
1445;13
1446;10
1447;9
1448;13
1449;11
1450;12
1451;12
1452;7
1453;13
1454;9
1455;11
1456;13
1457;7
1458;9
1459;15
1460;13
1461;14
1462;7
1463;18
1464;7
1465;7
1466;10
1467;16
1468;16
1469;10
1470;11
1471;13
1472;11
1473;5
1474;14
1475;7
1476;7
1477;13
1478;6
1479;13
1480;10
1481;7
1482;10
1483;10
1484;10
1485;8
1486;10
1487;8
1488;8
1489;14
1490;9
1491;7
1492;9
1493;6
1494;6
1495;11
1496;13
1497;16
1498;13
1499;5
1500;11
1501;8
1502;7
1503;6
1504;8
1505;6
1506;6
1507;11
1508;8
1509;11
1510;3
1511;7
1512;12
1513;10
1514;7
1515;7
1516;7
1517;10
1518;8
1519;2
1520;11
1521;10
1522;6
1523;9
1524;6
1525;7
1526;11
1527;10
1528;7
1529;12
1530;5
1531;5
1532;9
1533;7
1534;8
1535;9
1536;6
1537;5
1538;4
1539;8
1540;5
1541;4
1542;1
1543;7
1544;6
1545;4
1546;1
1547;7
1548;8
1549;4
1550;2
1551;7
1552;8
1553;7
1554;12
1555;4
1556;6
1557;6
1558;10
1559;4
1560;9
1561;2
1562;6
1563;4
1564;3
1565;4
1566;3
1567;6
1568;6
1569;2
1570;5
1571;4
1572;5
1573;4
1574;6
1575;9
1576;5
1577;4
1578;3
1579;5
1580;7
1581;5
1582;8
1583;5
1584;5
1585;4
1586;5
1587;8
1588;3
1589;4
1590;7
1591;5
1592;5
1593;2
1594;4
1595;5
1596;3
1597;5
1598;6
1599;5
1600;4
1601;2
1602;3
1603;5
1604;2
1605;3
1606;3
1607;4
1608;4
1609;6
1610;2
1611;4
1612;4
1613;4
1614;3
1615;3
1616;3
1617;5
1618;5
1619;3
1620;5
1621;1
1622;3
1623;4
1624;4
1625;5
1626;4
1627;6
1628;5
1629;3
1630;7
1631;4
1632;7
1633;6
1634;2
1635;2
1636;2
1637;3
1638;5
1639;2
1640;2
1641;3
1642;5
1643;2
1644;1
1645;2
1646;5
1647;3
1648;5
1649;2
1650;2
1651;3
1652;1
1653;6
1654;4
1655;1
1656;3
1657;2
1658;5
1659;2
1660;3
1661;2
1662;0
1663;4
1664;3
1665;3
1666;5
1667;0
1668;1
1669;5
1670;0
1671;4
1672;1
1673;1
1674;3
1675;2
1676;4
1677;4
1678;3
1679;3
1680;1
1681;3
1682;0
1683;1
1684;2
1685;1
1686;5
1687;3
1688;3
1689;2
1690;4
1691;0
1692;1
1693;2
1694;3
1695;1
1696;3
1697;1
1698;3
1699;2
1700;1
1701;3
1702;1
1703;1
1704;3
1705;3
1706;2
1707;1
1708;2
1709;3
1710;1
1711;3
1712;0
1713;0
1714;0
1715;0
1716;1
1717;0
1718;0
1719;3
1720;1
1721;0
1722;6
1723;2
1724;2
1725;2
1726;1
1727;0
1728;1
1729;1
1730;1
1731;0
1732;2
1733;0
1734;1
1735;1
1736;1
1737;0
1738;2
1739;2
1740;2
1741;2
1742;1
1743;1
1744;2
1745;3
1746;1
1747;2
1748;1
1749;1
1750;0
1751;2
1752;0
1753;2
1754;1
1755;0
1756;0
1757;1
1758;0
1759;1
1760;1
1761;1
1762;0
1763;0
1764;2
1765;3
1766;0
1767;1
1768;0
1769;3
1770;0
1771;2
1772;1
1773;0
1774;0
1775;2
1776;1
1777;1
1778;0
1779;0
1780;1
1781;1
1782;1
1783;2
1784;1
1785;1
1786;0
1787;0
1788;0
1789;0
1790;1
1791;0
1792;0
1793;0
1794;2
1795;0
1796;0
1797;0
1798;1
1799;0
1800;0
1801;1
1802;0
1803;1
1804;1
1805;0
1806;0
1807;1
1808;1
1809;0
1810;0
1811;1
1812;0
1813;0
1814;0
1815;0
1816;0
1817;0
1818;0
1819;0
1820;2
1821;0
1822;1
1823;0
1824;0
1825;0
1826;0
1827;0
1828;0
1829;0
1830;0
1831;1
1832;2
1833;0
1834;0
1835;0
1836;1
1837;0
1838;2
1839;0
1840;0
1841;0
1842;0
1843;0
1844;1
1845;0
1846;0
1847;0
1848;0
1849;0
1850;1
1851;0
1852;0
1853;0
1854;0
1855;1
1856;1
1857;1
1858;0
1859;1
1860;0
1861;0
1862;0
1863;0
1864;1
1865;0
1866;0
1867;0
1868;1
1869;0
1870;1
1871;1
1872;0
1873;0
1874;0
1875;0
1876;0
1877;0
1878;0
1879;0
1880;1
1881;0
1882;0
1883;0
1884;0
1885;1
1886;0
1887;0
1888;0
1889;0
1890;0
1891;0
1892;0
1893;0
1894;0
1895;0
1896;0
1897;0
1898;0
1899;0
1900;0
1901;0
1902;0
1903;0
1904;0
1905;1
1906;0
1907;0
1908;0
1909;0
1910;0
1911;0
1912;1
1913;0
1914;0
1915;0
1916;0
1917;0
1918;1
1919;0
1920;1
1921;0
1922;0
1923;0
1924;0
1925;0
1926;0
1927;0
1928;0
1929;0
1930;0
1931;0
1932;0
1933;0
1934;0
1935;0
1936;0
1937;0
1938;0
1939;0
1940;1
1941;0
1942;0
1943;0
1944;0
1945;0
1946;0
1947;0
1948;0
1949;0
1950;0
1951;0
1952;0
1953;0
1954;0
1955;0
1956;0
1957;0
1958;0
1959;0
1960;0
1961;0
1962;0
1963;0
1964;0
1965;1
1966;0
1967;0
1968;0
1969;0
1970;0
1971;0
1972;0
1973;0
1974;0
1975;0
1976;0
1977;0
1978;0
1979;0
1980;0
1981;0
1982;0
1983;0
1984;0
1985;0
1986;0
1987;0
1988;0
1989;0
1990;0
1991;0
1992;0
1993;0
1994;0
1995;0
1996;0
1997;0
1998;0
1999;0
2000;0
2001;0
2002;0
2003;0
2004;0
2005;0
2006;0
2007;0
2008;0
2009;0
2010;0
2011;0
2012;0
2013;0
2014;0
2015;0
2016;0
2017;0
2018;0
2019;0
2020;0
2021;0
2022;0
2023;0
2024;0
2025;0
2026;0
2027;0
2028;0
2029;0
2030;0
2031;0
2032;0
2033;0
2034;0
2035;0
2036;0
2037;0
2038;0
2039;0
2040;0
2041;0
2042;0
2043;0
2044;0
2045;0
2046;0
2047;0
2048;0
2049;0
2050;0
2051;0
2052;0
2053;0
2054;0
2055;0
2056;0
2057;0
2058;1
2059;0
2060;0
2061;0
2062;0
2063;0
2064;0
2065;0
2066;0
2067;0
2068;0
2069;0
2070;0
2071;0
2072;0
2073;0
2074;0
2075;0
2076;0
2077;0
2078;0
2079;0
2080;0
2081;0
2082;0
2083;0
2084;0
2085;0
2086;0
2087;0
2088;0
2089;0
2090;0
2091;0
2092;0
2093;0
2094;0
2095;0
2096;0
2097;0
2098;0
2099;0
2100;0
2101;0
2102;0
2103;0
2104;0
2105;0
2106;0
2107;0
2108;0
2109;0
2110;0
2111;0
2112;0
2113;0
2114;0
2115;0
2116;0
2117;0
2118;0
2119;0
2120;0
2121;0
2122;0
2123;0
2124;0
2125;0
2126;0
2127;0
2128;0
2129;0
2130;0
2131;0
2132;0
2133;0
2134;0
2135;0
2136;0
2137;0
2138;0
2139;0
2140;0
2141;0
2142;0
2143;0
2144;0
2145;0
2146;0
2147;0
2148;0
2149;0
2150;0
2151;0
2152;0
2153;0
2154;0
2155;0
2156;0
2157;0
2158;0
2159;0
2160;0
2161;0
2162;0
2163;0
2164;0
2165;0
2166;0
2167;0
2168;0
2169;0
2170;0
2171;0
2172;0
2173;0
2174;0
2175;0
2176;0
2177;0
2178;0
2179;0
2180;0
2181;0
2182;0
2183;0
2184;0
2185;0
2186;0
2187;0
2188;0
2189;0
2190;0
2191;0
2192;0
2193;0
2194;0
2195;0
2196;0
2197;0
2198;0
2199;0
2200;0
2201;0
2202;0
2203;0
2204;0
2205;0
2206;0
2207;0
2208;0
2209;0
2210;0
2211;0
2212;0
2213;0
2214;0
2215;0
2216;0
2217;0
2218;0
2219;0
2220;0
2221;0
2222;0
2223;0
2224;0
2225;0
2226;0
2227;0
2228;0
2229;0
2230;0
2231;0
2232;0
2233;0
2234;0
2235;0
2236;0
2237;0
2238;0
2239;0
2240;0
2241;0
2242;0
2243;0
2244;0
2245;0
2246;0
2247;0
2248;0
2249;0
2250;0
2251;0
2252;0
2253;0
2254;0
2255;0
2256;0
2257;0
2258;0
2259;0
2260;0
2261;0
2262;0
2263;0
2264;0
2265;0
2266;0
2267;0
2268;0
2269;0
2270;0
2271;0
2272;0
2273;0
2274;0
2275;0
2276;0
2277;0
2278;0
2279;0
2280;0
2281;0
2282;0
2283;0
2284;0
2285;0
2286;0
2287;0
2288;0
2289;0
2290;0
2291;0
2292;0
2293;0
2294;0
2295;0
2296;0
2297;0
2298;0
2299;0
2300;0
2301;0
2302;0
2303;0
2304;0
2305;0
2306;0
2307;0
2308;0
2309;0
2310;0
2311;0
2312;0
2313;0
2314;0
2315;0
2316;0
2317;0
2318;0
2319;0
2320;0
2321;0
2322;0
2323;0
2324;0
2325;0
2326;0
2327;0
2328;0
2329;0
2330;0
2331;0
2332;0
2333;0
2334;0
2335;0
2336;0
2337;0
2338;0
2339;0
2340;0
2341;0
2342;0
2343;0
2344;0
2345;0
2346;0
2347;0
2348;0
2349;0
2350;0
2351;0
2352;0
2353;0
2354;0
2355;0
2356;0
2357;0
2358;0
2359;0
2360;0
2361;0
2362;0
2363;0
2364;0
2365;0
2366;0
2367;0
2368;0
2369;0
2370;0
2371;0
2372;0
2373;0
2374;0
2375;0
2376;0
2377;0
2378;0
2379;0
2380;0
2381;0
2382;0
2383;0
2384;0
2385;0
2386;0
2387;0
2388;0
2389;0
2390;0
2391;0
2392;0
2393;0
2394;0
2395;0
2396;0
2397;0
2398;0
2399;0
2400;0
2401;0
2402;0
2403;0
2404;0
2405;0
2406;0
2407;0
2408;0
2409;0
2410;0
2411;0
2412;0
2413;0
2414;0
2415;0
2416;0
2417;0
2418;0
2419;0
2420;0
2421;0
2422;0
2423;0
2424;0
2425;0
2426;0
2427;0
2428;0
2429;0
2430;0
2431;0
2432;0
2433;0
2434;0
2435;0
2436;0
2437;0
2438;0
2439;0
2440;0
2441;0
2442;0
2443;0
2444;0
2445;0
2446;0
2447;0
2448;0
2449;0
2450;0
2451;0
2452;0
2453;0
2454;0
2455;0
2456;0
2457;0
2458;0
2459;0
2460;0
2461;0
2462;0
2463;0
2464;0
2465;0
2466;0
2467;0
2468;0
2469;0
2470;0
2471;0
2472;0
2473;0
2474;0
2475;0
2476;0
2477;0
2478;0
2479;0
2480;0
2481;0
2482;0
2483;0
2484;0
2485;0
2486;0
2487;0
2488;0
2489;0
2490;0
2491;0
2492;0
2493;0
2494;0
2495;0
2496;0
2497;0
2498;0
2499;0
2500;0
2501;0
2502;0
2503;0
2504;0
2505;0
2506;0
2507;0
2508;0
2509;0
2510;0
2511;0
2512;0
2513;0
2514;0
2515;0
2516;0
2517;0
2518;0
2519;0
2520;0
2521;0
2522;0
2523;0
2524;0
2525;0
2526;0
2527;0
2528;0
2529;0
2530;0
2531;0
2532;0
2533;0
2534;0
2535;0
2536;0
2537;0
2538;0
2539;0
2540;0
2541;0
2542;0
2543;0
2544;0
2545;0
2546;0
2547;0
2548;0
2549;0
2550;0
2551;0
2552;0
2553;0
2554;0
2555;0
2556;0
2557;0
2558;0
2559;0
2560;0
2561;0
2562;0
2563;0
2564;0
2565;0
2566;0
2567;0
2568;0
2569;0
2570;0
2571;0
2572;0
2573;0
2574;0
2575;0
2576;0
2577;0
2578;0
2579;0
2580;0
2581;0
2582;0
2583;0
2584;0
2585;0
2586;0
2587;0
2588;0
2589;0
2590;0
2591;0
2592;0
2593;0
2594;0
2595;0
2596;0
2597;0
2598;0
2599;0
2600;0
2601;0
2602;0
2603;0
2604;0
2605;0
2606;0
2607;0
2608;0
2609;0
2610;0
2611;0
2612;0
2613;0
2614;0
2615;0
2616;0
2617;0
2618;0
2619;0
2620;0
2621;0
2622;0
2623;0
2624;0
2625;0
2626;0
2627;0
2628;0
2629;0
2630;0
2631;0
2632;0
2633;0
2634;0
2635;0
2636;0
2637;0
2638;0
2639;0
2640;0
2641;0
2642;0
2643;0
2644;0
2645;0
2646;0
2647;0
2648;0
2649;0
2650;0
2651;0
2652;0
2653;0
2654;0
2655;0
2656;0
2657;0
2658;0
2659;0
2660;0
2661;0
2662;0
2663;0
2664;0
2665;0
2666;0
2667;0
2668;0
2669;0
2670;0
2671;0
2672;0
2673;0
2674;0
2675;0
2676;0
2677;0
2678;0
2679;0
2680;0
2681;0
2682;0
2683;0
2684;0
2685;0
2686;0
2687;0
2688;0
2689;0
2690;0
2691;0
2692;0
2693;0
2694;0
2695;0
2696;0
2697;0
2698;0
2699;0
2700;0
2701;0
2702;0
2703;0
2704;0
2705;0
2706;0
2707;0
2708;0
2709;0
2710;0
2711;0
2712;0
2713;0
2714;0
2715;0
2716;0
2717;0
2718;0
2719;0
2720;0
2721;0
2722;0
2723;0
2724;0
2725;0
2726;0
2727;0
2728;0
2729;0
2730;0
2731;0
2732;0
2733;0
2734;0
2735;0
2736;0
2737;0
2738;0
2739;0
2740;0
2741;0
2742;0
2743;0
2744;0
2745;0
2746;0
2747;0
2748;0
2749;0
2750;0
2751;0
2752;0
2753;0
2754;0
2755;0
2756;0
2757;0
2758;0
2759;0
2760;0
2761;0
2762;0
2763;0
2764;0
2765;0
2766;0
2767;0
2768;0
2769;0
2770;0
2771;0
2772;0
2773;0
2774;0
2775;0
2776;0
2777;0
2778;0
2779;0
2780;0
2781;0
2782;0
2783;0
2784;0
2785;0
2786;0
2787;0
2788;0
2789;0
2790;0
2791;0
2792;0
2793;0
2794;0
2795;0
2796;0
2797;0
2798;0
2799;0
2800;0
2801;0
2802;0
2803;0
2804;0
2805;0
2806;0
2807;0
2808;0
2809;0
2810;0
2811;0
2812;0
2813;0
2814;0
2815;0
2816;0
2817;0
2818;0
2819;0
2820;0
2821;0
2822;0
2823;0
2824;0
2825;0
2826;0
2827;0
2828;0
2829;0
2830;0
2831;0
2832;0
2833;0
2834;0
2835;0
2836;0
2837;0
2838;0
2839;0
2840;0
2841;0
2842;0
2843;0
2844;0
2845;0
2846;0
2847;0
2848;0
2849;0
2850;0
2851;0
2852;0
2853;0
2854;0
2855;0
2856;0
2857;0
2858;0
2859;0
2860;0
2861;0
2862;0
2863;0
2864;0
2865;0
2866;0
2867;0
2868;0
2869;0
2870;0
2871;0
2872;0
2873;0
2874;0
2875;0
2876;0
2877;0
2878;0
2879;0
2880;0
2881;0
2882;0
2883;0
2884;0
2885;0
2886;0
2887;0
2888;0
2889;0
2890;0
2891;0
2892;0
2893;0
2894;0
2895;0
2896;0
2897;0
2898;0
2899;0
2900;0
2901;0
2902;0
2903;0
2904;0
2905;0
2906;0
2907;0
2908;0
2909;0
2910;0
2911;0
2912;0
2913;0
2914;0
2915;0
2916;0
2917;0
2918;0
2919;0
2920;0
2921;0
2922;0
2923;0
2924;0
2925;0
2926;0
2927;0
2928;0
2929;0
2930;0
2931;0
2932;0
2933;0
2934;0
2935;0
2936;0
2937;0
2938;0
2939;0
2940;0
2941;0
2942;0
2943;0
2944;0
2945;0
2946;0
2947;0
2948;0
2949;0
2950;0
2951;0
2952;0
2953;0
2954;0
2955;0
2956;0
2957;0
2958;0
2959;0
2960;0
2961;0
2962;0
2963;0
2964;0
2965;0
2966;0
2967;0
2968;0
2969;0
2970;0
2971;0
2972;0
2973;0
2974;0
2975;0
2976;0
2977;0
2978;0
2979;0
2980;0
2981;0
2982;0
2983;0
2984;0
2985;0
2986;0
2987;0
2988;0
2989;0
2990;0
2991;0
2992;0
2993;0
2994;0
2995;0
2996;0
2997;0
2998;0
2999;0
3000;0
3001;0
3002;0
3003;0
3004;0
3005;0
3006;0
3007;0
3008;0
3009;0
3010;0
3011;0
3012;0
3013;0
3014;0
3015;0
3016;0
3017;0
3018;0
3019;0
3020;0
3021;0
3022;0
3023;0
3024;0
3025;0
3026;0
3027;0
3028;0
3029;0
3030;0
3031;0
3032;0
3033;0
3034;0
3035;0
3036;0
3037;0
3038;0
3039;0
3040;0
3041;0
3042;0
3043;0
3044;0
3045;0
3046;0
3047;0
3048;0
3049;0
3050;0
3051;0
3052;0
3053;0
3054;0
3055;0
3056;0
3057;0
3058;0
3059;0
3060;0
3061;0
3062;0
3063;0
3064;0
3065;0
3066;0
3067;0
3068;0
3069;0
3070;0
3071;0
3072;0
3073;0
3074;0
3075;0
3076;0
3077;0
3078;0
3079;0
3080;0
3081;0
3082;0
3083;0
3084;0
3085;0
3086;0
3087;0
3088;0
3089;0
3090;0
3091;0
3092;0
3093;0
3094;0
3095;0
3096;0
3097;0
3098;0
3099;0
3100;0
3101;0
3102;0
3103;0
3104;0
3105;0
3106;0
3107;0
3108;0
3109;0
3110;0
3111;0
3112;0
3113;0
3114;0
3115;0
3116;0
3117;0
3118;0
3119;0
3120;0
3121;0
3122;0
3123;0
3124;0
3125;0
3126;0
3127;0
3128;0
3129;0
3130;0
3131;0
3132;0
3133;0
3134;0
3135;0
3136;0
3137;0
3138;0
3139;0
3140;0
3141;0
3142;0
3143;0
3144;0
3145;0
3146;0
3147;0
3148;0
3149;0
3150;0
3151;0
3152;0
3153;0
3154;0
3155;0
3156;0
3157;0
3158;0
3159;0
3160;0
3161;0
3162;0
3163;0
3164;0
3165;0
3166;0
3167;0
3168;0
3169;0
3170;0
3171;0
3172;0
3173;0
3174;0
3175;0
3176;0
3177;0
3178;0
3179;0
3180;0
3181;0
3182;0
3183;0
3184;0
3185;0
3186;0
3187;0
3188;0
3189;0
3190;0
3191;0
3192;0
3193;0
3194;0
3195;0
3196;0
3197;0
3198;0
3199;0
3200;0
3201;0
3202;0
3203;0
3204;0
3205;0
3206;0
3207;0
3208;0
3209;0
3210;0
3211;0
3212;0
3213;0
3214;0
3215;0
3216;0
3217;0
3218;0
3219;0
3220;0
3221;0
3222;0
3223;0
3224;0
3225;0
3226;0
3227;0
3228;0
3229;0
3230;0
3231;0
3232;0
3233;0
3234;0
3235;0
3236;0
3237;0
3238;0
3239;0
3240;0
3241;0
3242;0
3243;0
3244;0
3245;0
3246;0
3247;0
3248;0
3249;0
3250;0
3251;0
3252;0
3253;0
3254;0
3255;0
3256;0
3257;0
3258;0
3259;0
3260;0
3261;0
3262;0
3263;0
3264;0
3265;0
3266;0
3267;0
3268;0
3269;0
3270;0
3271;0
3272;0
3273;0
3274;0
3275;0
3276;0
3277;0
3278;0
3279;0
3280;0
3281;0
3282;0
3283;0
3284;0
3285;0
3286;0
3287;0
3288;0
3289;0
3290;0
3291;0
3292;0
3293;0
3294;0
3295;0
3296;0
3297;0
3298;0
3299;0
3300;0
3301;0
3302;0
3303;0
3304;0
3305;0
3306;0
3307;0
3308;0
3309;0
3310;0
3311;0
3312;0
3313;0
3314;0
3315;0
3316;0
3317;0
3318;0
3319;0
3320;0
3321;0
3322;0
3323;0
3324;0
3325;0
3326;0
3327;0
3328;0
3329;0
3330;0
3331;0
3332;0
3333;0
3334;0
3335;0
3336;0
3337;0
3338;0
3339;0
3340;0
3341;0
3342;0
3343;0
3344;0
3345;0
3346;0
3347;0
3348;0
3349;0
3350;0
3351;0
3352;0
3353;0
3354;0
3355;0
3356;0
3357;0
3358;0
3359;0
3360;0
3361;0
3362;0
3363;0
3364;0
3365;0
3366;0
3367;0
3368;0
3369;0
3370;0
3371;0
3372;0
3373;0
3374;0
3375;0
3376;0
3377;0
3378;0
3379;0
3380;0
3381;0
3382;0
3383;0
3384;0
3385;0
3386;0
3387;0
3388;0
3389;0
3390;0
3391;0
3392;0
3393;0
3394;0
3395;0
3396;0
3397;0
3398;0
3399;0
3400;0
3401;0
3402;0
3403;0
3404;0
3405;0
3406;0
3407;0
3408;0
3409;0
3410;0
3411;0
3412;0
3413;0
3414;0
3415;0
3416;0
3417;0
3418;0
3419;0
3420;0
3421;0
3422;0
3423;0
3424;0
3425;0
3426;0
3427;0
3428;0
3429;0
3430;0
3431;0
3432;0
3433;0
3434;0
3435;0
3436;0
3437;0
3438;0
3439;0
3440;0
3441;0
3442;0
3443;0
3444;0
3445;0
3446;0
3447;0
3448;0
3449;0
3450;0
3451;0
3452;0
3453;0
3454;0
3455;0
3456;0
3457;0
3458;0
3459;0
3460;0
3461;0
3462;0
3463;0
3464;0
3465;0
3466;0
3467;0
3468;0
3469;0
3470;0
3471;0
3472;0
3473;0
3474;0
3475;0
3476;0
3477;0
3478;0
3479;0
3480;0
3481;0
3482;0
3483;0
3484;0
3485;0
3486;0
3487;0
3488;0
3489;0
3490;0
3491;0
3492;0
3493;0
3494;0
3495;0
3496;0
3497;0
3498;0
3499;0
3500;0
3501;0
3502;0
3503;0
3504;0
3505;0
3506;0
3507;0
3508;0
3509;0
3510;0
3511;0
3512;0
3513;0
3514;0
3515;0
3516;0
3517;0
3518;0
3519;0
3520;0
3521;0
3522;0
3523;0
3524;0
3525;0
3526;0
3527;0
3528;0
3529;0
3530;0
3531;0
3532;0
3533;0
3534;0
3535;0
3536;0
3537;0
3538;0
3539;0
3540;0
3541;0
3542;0
3543;0
3544;0
3545;0
3546;0
3547;0
3548;0
3549;0
3550;0
3551;0
3552;0
3553;0
3554;0
3555;0
3556;0
3557;0
3558;0
3559;0
3560;0
3561;0
3562;0
3563;0
3564;0
3565;0
3566;0
3567;0
3568;0
3569;0
3570;0
3571;0
3572;0
3573;0
3574;0
3575;0
3576;0
3577;0
3578;0
3579;0
3580;0
3581;0
3582;0
3583;0
3584;0
3585;0
3586;0
3587;0
3588;0
3589;0
3590;0
3591;0
3592;0
3593;0
3594;0
3595;0
3596;0
3597;0
3598;0
3599;0
3600;0
3601;0
3602;0
3603;0
3604;0
3605;0
3606;0
3607;0
3608;0
3609;0
3610;0
3611;0
3612;0
3613;0
3614;0
3615;0
3616;0
3617;0
3618;0
3619;0
3620;0
3621;0
3622;0
3623;0
3624;0
3625;0
3626;0
3627;0
3628;0
3629;0
3630;0
3631;0
3632;0
3633;0
3634;0
3635;0
3636;0
3637;0
3638;0
3639;0
3640;0
3641;0
3642;0
3643;0
3644;0
3645;0
3646;0
3647;0
3648;0
3649;0
3650;0
3651;0
3652;0
3653;0
3654;0
3655;0
3656;0
3657;0
3658;0
3659;0
3660;0
3661;0
3662;0
3663;0
3664;0
3665;0
3666;0
3667;0
3668;0
3669;0
3670;0
3671;0
3672;0
3673;0
3674;0
3675;0
3676;0
3677;0
3678;0
3679;0
3680;0
3681;0
3682;0
3683;0
3684;0
3685;0
3686;0
3687;0
3688;0
3689;0
3690;0
3691;0
3692;0
3693;0
3694;0
3695;0
3696;0
3697;0
3698;0
3699;0
3700;0
3701;0
3702;0
3703;0
3704;0
3705;0
3706;0
3707;0
3708;0
3709;0
3710;0
3711;0
3712;0
3713;0
3714;0
3715;0
3716;0
3717;0
3718;0
3719;0
3720;0
3721;0
3722;0
3723;0
3724;0
3725;0
3726;0
3727;0
3728;0
3729;0
3730;0
3731;0
3732;0
3733;0
3734;0
3735;0
3736;0
3737;0
3738;0
3739;0
3740;0
3741;0
3742;0
3743;0
3744;0
3745;0
3746;0
3747;0
3748;0
3749;0
3750;0
3751;0
3752;0
3753;0
3754;0
3755;0
3756;0
3757;0
3758;0
3759;0
3760;0
3761;0
3762;0
3763;0
3764;0
3765;0
3766;0
3767;0
3768;0
3769;0
3770;0
3771;0
3772;0
3773;0
3774;0
3775;0
3776;0
3777;0
3778;0
3779;0
3780;0
3781;0
3782;0
3783;0
3784;0
3785;0
3786;0
3787;0
3788;0
3789;0
3790;0
3791;0
3792;0
3793;0
3794;0
3795;0
3796;0
3797;0
3798;0
3799;0
3800;0
3801;0
3802;0
3803;0
3804;0
3805;0
3806;0
3807;0
3808;0
3809;0
3810;0
3811;0
3812;0
3813;0
3814;0
3815;0
3816;0
3817;0
3818;0
3819;0
3820;0
3821;0
3822;0
3823;0
3824;0
3825;0
3826;0
3827;0
3828;0
3829;0
3830;0
3831;0
3832;0
3833;0
3834;0
3835;0
3836;0
3837;0
3838;0
3839;0
3840;0
3841;0
3842;0
3843;0
3844;0
3845;0
3846;0
3847;0
3848;0
3849;0
3850;0
3851;0
3852;0
3853;0
3854;0
3855;0
3856;0
3857;0
3858;0
3859;0
3860;0
3861;0
3862;0
3863;0
3864;0
3865;0
3866;0
3867;0
3868;0
3869;0
3870;0
3871;0
3872;0
3873;0
3874;0
3875;0
3876;0
3877;0
3878;0
3879;0
3880;0
3881;0
3882;0
3883;0
3884;0
3885;0
3886;0
3887;0
3888;0
3889;0
3890;0
3891;0
3892;0
3893;0
3894;0
3895;0
3896;0
3897;0
3898;0
3899;0
3900;0
3901;0
3902;0
3903;0
3904;0
3905;0
3906;0
3907;0
3908;0
3909;0
3910;0
3911;0
3912;0
3913;0
3914;0
3915;0
3916;0
3917;0
3918;0
3919;0
3920;0
3921;0
3922;0
3923;0
3924;0
3925;0
3926;0
3927;0
3928;0
3929;0
3930;0
3931;0
3932;0
3933;0
3934;0
3935;0
3936;0
3937;0
3938;0
3939;0
3940;0
3941;0
3942;0
3943;0
3944;0
3945;0
3946;0
3947;0
3948;0
3949;0
3950;0
3951;0
3952;0
3953;0
3954;0
3955;0
3956;0
3957;0
3958;0
3959;0
3960;0
3961;0
3962;0
3963;0
3964;0
3965;0
3966;0
3967;0
3968;0
3969;0
3970;0
3971;0
3972;0
3973;0
3974;0
3975;0
3976;0
3977;0
3978;0
3979;0
3980;0
3981;0
3982;0
3983;0
3984;0
3985;0
3986;0
3987;0
3988;0
3989;0
3990;0
3991;0
3992;0
3993;0
3994;0
3995;0
3996;0
3997;0
3998;0
3999;0
4000;0
4001;0
4002;0
4003;0
4004;0
4005;0
4006;0
4007;0
4008;0
4009;0
4010;0
4011;0
4012;0
4013;0
4014;0
4015;0
4016;0
4017;0
4018;0
4019;0
4020;0
4021;0
4022;0
4023;0
4024;0
4025;0
4026;0
4027;0
4028;0
4029;0
4030;0
4031;0
4032;0
4033;0
4034;0
4035;0
4036;0
4037;0
4038;0
4039;0
4040;0
4041;0
4042;0
4043;0
4044;0
4045;0
4046;0
4047;0
4048;0
4049;0
4050;0
4051;0
4052;0
4053;0
4054;0
4055;0
4056;0
4057;0
4058;0
4059;0
4060;0
4061;0
4062;0
4063;0
4064;0
4065;0
4066;0
4067;0
4068;0
4069;0
4070;0
4071;0
4072;0
4073;0
4074;0
4075;0
4076;0
4077;0
4078;0
4079;0
4080;0
4081;0
4082;0
4083;0
4084;0
4085;0
4086;0
4087;0
4088;0
4089;0
4090;0
4091;0
4092;0
4093;0
4094;0
4095;0
4096;0
