L 64,p 0.590100,Z 100000
/* Tamanio de cluster; Ocurrencias de cada tamaño de cluster */
1;7448918
2;1608171
3;961621
4;625856
5;437713
6;323243
7;248918
8;198950
9;162597
10;135441
11;115443
12;99816
13;86687
14;76090
15;67640
16;60690
17;54015
18;49167
19;44996
20;41218
21;37719
22;34598
23;32026
24;29803
25;28052
26;26051
27;24226
28;22761
29;21521
30;20296
31;18990
32;18106
33;17198
34;16167
35;15436
36;14660
37;13941
38;13375
39;12792
40;12218
41;11549
42;11295
43;10680
44;10365
45;9916
46;9644
47;9270
48;8827
49;8464
50;8167
51;7873
52;7804
53;7581
54;7129
55;6995
56;6901
57;6605
58;6388
59;6288
60;6102
61;5882
62;5799
63;5675
64;5449
65;5247
66;5074
67;4977
68;4804
69;4680
70;4557
71;4452
72;4384
73;4244
74;4244
75;4214
76;4111
77;3899
78;3726
79;3684
80;3542
81;3548
82;3638
83;3434
84;3401
85;3291
86;3181
87;3141
88;3173
89;3144
90;2981
91;2896
92;2860
93;2861
94;2842
95;2631
96;2702
97;2613
98;2571
99;2500
100;2451
101;2486
102;2464
103;2306
104;2361
105;2294
106;2285
107;2205
108;2249
109;2140
110;2201
111;2065
112;2000
113;1981
114;1972
115;2044
116;2014
117;1922
118;1835
119;1868
120;1811
121;1851
122;1758
123;1820
124;1824
125;1670
126;1744
127;1677
128;1636
129;1672
130;1611
131;1520
132;1500
133;1576
134;1510
135;1464
136;1465
137;1494
138;1448
139;1428
140;1369
141;1438
142;1396
143;1375
144;1367
145;1338
146;1251
147;1291
148;1310
149;1319
150;1294
151;1286
152;1253
153;1230
154;1258
155;1200
156;1258
157;1079
158;1167
159;1099
160;1129
161;1139
162;1136
163;1097
164;1064
165;1130
166;1029
167;1023
168;1103
169;1049
170;1059
171;1061
172;1016
173;955
174;979
175;993
176;971
177;983
178;943
179;962
180;933
181;903
182;897
183;902
184;857
185;931
186;905
187;893
188;900
189;889
190;893
191;862
192;844
193;793
194;779
195;844
196;830
197;830
198;803
199;769
200;824
201;788
202;795
203;753
204;758
205;775
206;774
207;748
208;711
209;698
210;663
211;693
212;689
213;672
214;677
215;688
216;704
217;690
218;684
219;676
220;618
221;606
222;661
223;638
224;610
225;652
226;595
227;613
228;637
229;627
230;623
231;626
232;584
233;650
234;609
235;565
236;619
237;555
238;605
239;617
240;548
241;566
242;568
243;588
244;573
245;532
246;567
247;543
248;500
249;531
250;558
251;543
252;525
253;505
254;577
255;508
256;521
257;529
258;507
259;507
260;534
261;514
262;519
263;473
264;485
265;474
266;536
267;466
268;445
269;489
270;472
271;450
272;474
273;510
274;456
275;470
276;449
277;451
278;468
279;483
280;407
281;445
282;427
283;423
284;466
285;432
286;413
287;408
288;439
289;436
290;438
291;436
292;422
293;462
294;412
295;435
296;452
297;417
298;394
299;439
300;399
301;432
302;360
303;364
304;403
305;402
306;396
307;390
308;350
309;365
310;393
311;367
312;374
313;386
314;383
315;370
316;371
317;379
318;372
319;396
320;374
321;354
322;335
323;355
324;339
325;332
326;353
327;346
328;355
329;348
330;374
331;320
332;364
333;361
334;356
335;329
336;344
337;344
338;293
339;317
340;316
341;334
342;320
343;324
344;341
345;328
346;301
347;306
348;321
349;276
350;329
351;319
352;298
353;326
354;342
355;311
356;348
357;281
358;312
359;318
360;296
361;328
362;263
363;259
364;280
365;288
366;270
367;311
368;295
369;302
370;291
371;279
372;287
373;274
374;295
375;297
376;291
377;286
378;285
379;282
380;272
381;243
382;281
383;273
384;235
385;255
386;276
387;268
388;268
389;271
390;269
391;258
392;234
393;246
394;272
395;253
396;268
397;243
398;257
399;231
400;252
401;265
402;272
403;248
404;257
405;249
406;247
407;235
408;272
409;246
410;251
411;251
412;240
413;254
414;235
415;226
416;252
417;244
418;241
419;240
420;242
421;246
422;226
423;230
424;261
425;208
426;225
427;241
428;221
429;223
430;230
431;230
432;227
433;204
434;214
435;200
436;205
437;242
438;216
439;220
440;219
441;199
442;217
443;215
444;222
445;227
446;223
447;236
448;190
449;195
450;206
451;210
452;215
453;199
454;212
455;197
456;188
457;220
458;225
459;174
460;200
461;173
462;214
463;200
464;185
465;202
466;194
467;213
468;177
469;186
470;185
471;178
472;183
473;209
474;176
475;186
476;185
477;187
478;219
479;169
480;192
481;190
482;164
483;164
484;163
485;214
486;180
487;188
488;192
489;179
490;175
491;165
492;166
493;210
494;198
495;178
496;189
497;169
498;170
499;178
500;168
501;197
502;173
503;175
504;182
505;160
506;165
507;175
508;192
509;182
510;188
511;168
512;170
513;168
514;196
515;165
516;151
517;150
518;169
519;153
520;154
521;179
522;170
523;182
524;162
525;155
526;143
527;154
528;165
529;159
530;170
531;134
532;138
533;161
534;161
535;184
536;153
537;144
538;178
539;146
540;141
541;149
542;153
543;167
544;166
545;157
546;134
547;163
548;139
549;147
550;147
551;127
552;141
553;140
554;165
555;155
556;165
557;151
558;150
559;159
560;145
561;150
562;145
563;141
564;142
565;140
566;144
567;131
568;132
569;134
570;149
571;155
572;148
573;154
574;125
575;138
576;156
577;140
578;151
579;162
580;141
581;125
582;158
583;152
584;123
585;125
586;130
587;142
588;143
589;138
590;119
591;152
592;108
593;127
594;114
595;135
596;134
597;139
598;115
599;135
600;125
601;104
602;146
603;141
604;142
605;117
606;116
607;128
608;128
609;115
610;142
611;139
612;109
613;133
614;121
615;133
616;141
617;120
618;121
619;128
620;120
621;127
622;120
623;104
624;128
625;127
626;127
627;121
628;126
629;117
630;108
631;116
632;112
633;109
634;125
635;111
636;105
637;110
638;98
639;122
640;123
641;107
642;118
643;102
644;103
645;120
646;116
647;117
648;111
649;120
650;137
651;86
652;116
653;93
654;102
655;125
656;104
657;121
658;106
659;113
660;108
661;95
662;110
663;110
664;121
665;127
666;94
667;102
668;107
669;107
670;101
671;106
672;116
673;111
674;96
675;82
676;100
677;103
678;106
679;113
680;102
681;108
682;95
683;116
684;108
685;86
686;106
687;109
688;127
689;86
690;85
691;91
692;97
693;93
694;111
695;117
696;111
697;97
698;109
699;82
700;103
701;124
702;111
703;102
704;100
705;91
706;102
707;112
708;78
709;106
710;97
711;102
712;91
713;92
714;104
715;91
716;115
717;91
718;107
719;84
720;116
721;62
722;91
723;93
724;89
725;79
726;94
727;93
728;96
729;92
730;90
731;95
732;92
733;68
734;81
735;90
736;89
737;92
738;80
739;93
740;106
741;90
742;89
743;72
744;95
745;90
746;95
747;96
748;81
749;89
750;91
751;88
752;68
753;83
754;76
755;90
756;90
757;92
758;73
759;94
760;87
761;82
762;85
763;70
764;82
765;91
766;83
767;89
768;84
769;91
770;83
771;91
772;84
773;99
774;86
775;95
776;75
777;93
778;73
779;78
780;84
781;82
782;90
783;94
784;104
785;88
786;88
787;61
788;78
789;89
790;66
791;76
792;71
793;69
794;87
795;92
796;69
797;72
798;74
799;86
800;86
801;83
802;83
803;71
804;94
805;104
806;81
807;90
808;77
809;64
810;66
811;66
812;73
813;99
814;92
815;98
816;91
817;79
818;83
819;78
820;57
821;85
822;71
823;71
824;90
825;80
826;85
827;54
828;80
829;85
830;80
831;78
832;76
833;88
834;85
835;74
836;94
837;74
838;89
839;74
840;85
841;87
842;71
843;79
844;64
845;71
846;65
847;77
848;56
849;84
850;62
851;73
852;78
853;92
854;74
855;75
856;77
857;66
858;56
859;70
860;81
861;69
862;80
863;87
864;80
865;48
866;81
867;81
868;76
869;71
870;56
871;67
872;57
873;73
874;72
875;81
876;68
877;68
878;72
879;63
880;80
881;57
882;67
883;59
884;73
885;62
886;69
887;78
888;65
889;69
890;69
891;64
892;79
893;68
894;70
895;65
896;69
897;71
898;59
899;55
900;53
901;64
902;75
903;62
904;60
905;60
906;47
907;64
908;68
909;71
910;56
911;58
912;63
913;65
914;63
915;56
916;50
917;61
918;68
919;69
920;71
921;59
922;52
923;71
924;61
925;60
926;62
927;56
928;59
929;49
930;79
931;68
932;55
933;68
934;53
935;69
936;66
937;58
938;65
939;47
940;61
941;66
942;73
943;50
944;62
945;67
946;56
947;72
948;53
949;60
950;60
951;56
952;53
953;51
954;61
955;53
956;59
957;49
958;57
959;63
960;60
961;63
962;50
963;70
964;46
965;52
966;55
967;70
968;59
969;61
970;56
971;58
972;54
973;50
974;49
975;59
976;63
977;53
978;50
979;66
980;57
981;55
982;54
983;43
984;58
985;59
986;48
987;53
988;54
989;65
990;70
991;43
992;59
993;62
994;49
995;54
996;46
997;49
998;50
999;51
1000;50
1001;59
1002;62
1003;57
1004;50
1005;49
1006;50
1007;49
1008;47
1009;55
1010;56
1011;51
1012;58
1013;47
1014;49
1015;62
1016;53
1017;51
1018;54
1019;56
1020;45
1021;61
1022;56
1023;49
1024;45
1025;43
1026;50
1027;47
1028;56
1029;43
1030;54
1031;61
1032;52
1033;50
1034;42
1035;54
1036;69
1037;40
1038;51
1039;48
1040;51
1041;53
1042;31
1043;48
1044;38
1045;48
1046;51
1047;50
1048;43
1049;39
1050;33
1051;48
1052;51
1053;52
1054;64
1055;51
1056;41
1057;54
1058;46
1059;36
1060;41
1061;45
1062;50
1063;42
1064;45
1065;45
1066;58
1067;44
1068;52
1069;50
1070;59
1071;51
1072;42
1073;42
1074;47
1075;50
1076;38
1077;47
1078;41
1079;40
1080;46
1081;45
1082;39
1083;42
1084;53
1085;39
1086;43
1087;47
1088;40
1089;46
1090;47
1091;40
1092;38
1093;44
1094;42
1095;46
1096;33
1097;39
1098;46
1099;57
1100;31
1101;36
1102;46
1103;40
1104;34
1105;36
1106;51
1107;48
1108;38
1109;44
1110;37
1111;33
1112;49
1113;40
1114;44
1115;40
1116;31
1117;39
1118;33
1119;47
1120;38
1121;39
1122;30
1123;36
1124;47
1125;38
1126;55
1127;29
1128;39
1129;24
1130;49
1131;38
1132;38
1133;37
1134;37
1135;45
1136;37
1137;49
1138;37
1139;44
1140;48
1141;36
1142;41
1143;35
1144;39
1145;34
1146;19
1147;50
1148;51
1149;37
1150;30
1151;35
1152;43
1153;36
1154;35
1155;42
1156;35
1157;35
1158;37
1159;34
1160;48
1161;41
1162;35
1163;43
1164;44
1165;45
1166;40
1167;25
1168;31
1169;33
1170;41
1171;29
1172;38
1173;37
1174;46
1175;35
1176;31
1177;37
1178;35
1179;31
1180;51
1181;45
1182;35
1183;31
1184;35
1185;31
1186;31
1187;43
1188;34
1189;37
1190;31
1191;38
1192;33
1193;34
1194;38
1195;37
1196;33
1197;40
1198;34
1199;27
1200;39
1201;41
1202;31
1203;30
1204;34
1205;36
1206;24
1207;32
1208;31
1209;32
1210;36
1211;30
1212;19
1213;36
1214;34
1215;25
1216;42
1217;33
1218;34
1219;32
1220;38
1221;39
1222;44
1223;27
1224;24
1225;29
1226;33
1227;27
1228;33
1229;29
1230;36
1231;28
1232;34
1233;31
1234;22
1235;24
1236;28
1237;27
1238;29
1239;38
1240;32
1241;36
1242;34
1243;28
1244;31
1245;38
1246;30
1247;31
1248;27
1249;31
1250;28
1251;30
1252;27
1253;32
1254;37
1255;26
1256;28
1257;36
1258;24
1259;32
1260;35
1261;33
1262;26
1263;29
1264;27
1265;33
1266;25
1267;22
1268;30
1269;31
1270;24
1271;26
1272;21
1273;25
1274;24
1275;20
1276;22
1277;35
1278;32
1279;23
1280;28
1281;26
1282;26
1283;28
1284;30
1285;26
1286;24
1287;24
1288;25
1289;19
1290;24
1291;33
1292;19
1293;22
1294;25
1295;27
1296;34
1297;27
1298;26
1299;25
1300;27
1301;25
1302;26
1303;27
1304;32
1305;27
1306;29
1307;28
1308;23
1309;22
1310;15
1311;31
1312;20
1313;21
1314;19
1315;25
1316;29
1317;31
1318;15
1319;20
1320;20
1321;22
1322;26
1323;28
1324;20
1325;29
1326;17
1327;21
1328;27
1329;28
1330;29
1331;21
1332;31
1333;37
1334;16
1335;16
1336;26
1337;24
1338;17
1339;19
1340;29
1341;26
1342;21
1343;22
1344;24
1345;22
1346;26
1347;21
1348;21
1349;23
1350;28
1351;27
1352;16
1353;23
1354;20
1355;22
1356;25
1357;16
1358;22
1359;19
1360;19
1361;27
1362;23
1363;21
1364;25
1365;18
1366;25
1367;18
1368;12
1369;20
1370;15
1371;21
1372;14
1373;26
1374;15
1375;22
1376;21
1377;16
1378;21
1379;18
1380;23
1381;26
1382;14
1383;16
1384;25
1385;18
1386;26
1387;24
1388;19
1389;12
1390;18
1391;22
1392;17
1393;16
1394;26
1395;14
1396;22
1397;13
1398;15
1399;22
1400;16
1401;23
1402;27
1403;9
1404;20
1405;13
1406;17
1407;20
1408;16
1409;16
1410;14
1411;19
1412;21
1413;11
1414;12
1415;20
1416;16
1417;20
1418;13
1419;12
1420;14
1421;17
1422;14
1423;12
1424;12
1425;22
1426;9
1427;10
1428;11
1429;17
1430;15
1431;26
1432;15
1433;19
1434;8
1435;22
1436;19
1437;18
1438;16
1439;20
1440;11
1441;15
1442;13
1443;10
1444;15
1445;11
1446;17
1447;13
1448;9
1449;16
1450;17
1451;21
1452;18
1453;11
1454;14
1455;9
1456;12
1457;16
1458;13
1459;15
1460;15
1461;10
1462;12
1463;15
1464;15
1465;10
1466;15
1467;15
1468;17
1469;13
1470;19
1471;12
1472;19
1473;17
1474;19
1475;10
1476;13
1477;10
1478;16
1479;6
1480;13
1481;5
1482;14
1483;12
1484;19
1485;11
1486;19
1487;11
1488;6
1489;13
1490;14
1491;10
1492;13
1493;11
1494;9
1495;14
1496;5
1497;9
1498;16
1499;7
1500;18
1501;12
1502;11
1503;10
1504;10
1505;14
1506;19
1507;7
1508;5
1509;10
1510;10
1511;8
1512;12
1513;19
1514;11
1515;6
1516;20
1517;15
1518;8
1519;9
1520;7
1521;9
1522;6
1523;10
1524;8
1525;9
1526;9
1527;12
1528;5
1529;5
1530;10
1531;4
1532;6
1533;11
1534;4
1535;11
1536;9
1537;6
1538;8
1539;7
1540;12
1541;10
1542;7
1543;5
1544;8
1545;11
1546;10
1547;9
1548;9
1549;12
1550;2
1551;9
1552;11
1553;9
1554;8
1555;7
1556;8
1557;14
1558;11
1559;5
1560;10
1561;5
1562;5
1563;6
1564;9
1565;9
1566;4
1567;8
1568;6
1569;7
1570;9
1571;7
1572;12
1573;7
1574;7
1575;11
1576;9
1577;9
1578;5
1579;3
1580;4
1581;5
1582;14
1583;8
1584;6
1585;3
1586;3
1587;9
1588;3
1589;11
1590;8
1591;5
1592;4
1593;10
1594;2
1595;4
1596;6
1597;10
1598;4
1599;5
1600;6
1601;5
1602;6
1603;3
1604;9
1605;6
1606;6
1607;8
1608;8
1609;4
1610;6
1611;3
1612;10
1613;9
1614;3
1615;3
1616;5
1617;7
1618;4
1619;4
1620;5
1621;2
1622;6
1623;7
1624;4
1625;2
1626;7
1627;7
1628;7
1629;7
1630;3
1631;7
1632;2
1633;3
1634;5
1635;10
1636;8
1637;4
1638;2
1639;4
1640;3
1641;7
1642;4
1643;6
1644;2
1645;1
1646;4
1647;2
1648;4
1649;1
1650;4
1651;7
1652;3
1653;4
1654;2
1655;2
1656;2
1657;1
1658;5
1659;2
1660;6
1661;3
1662;4
1663;2
1664;6
1665;1
1666;7
1667;4
1668;6
1669;4
1670;1
1671;3
1672;2
1673;0
1674;2
1675;4
1676;3
1677;5
1678;2
1679;6
1680;5
1681;4
1682;4
1683;4
1684;1
1685;2
1686;2
1687;2
1688;3
1689;4
1690;1
1691;3
1692;3
1693;3
1694;3
1695;3
1696;3
1697;4
1698;4
1699;4
1700;2
1701;1
1702;4
1703;6
1704;2
1705;1
1706;1
1707;1
1708;1
1709;2
1710;6
1711;3
1712;5
1713;3
1714;3
1715;3
1716;3
1717;3
1718;0
1719;2
1720;2
1721;4
1722;1
1723;3
1724;2
1725;2
1726;2
1727;4
1728;0
1729;2
1730;2
1731;1
1732;2
1733;3
1734;2
1735;0
1736;0
1737;0
1738;2
1739;3
1740;4
1741;4
1742;2
1743;2
1744;0
1745;1
1746;3
1747;0
1748;1
1749;2
1750;1
1751;1
1752;0
1753;4
1754;1
1755;0
1756;1
1757;1
1758;1
1759;2
1760;0
1761;2
1762;1
1763;0
1764;2
1765;0
1766;0
1767;1
1768;1
1769;2
1770;1
1771;1
1772;2
1773;0
1774;0
1775;1
1776;1
1777;0
1778;1
1779;0
1780;0
1781;2
1782;4
1783;0
1784;1
1785;2
1786;1
1787;2
1788;0
1789;2
1790;0
1791;0
1792;1
1793;0
1794;0
1795;1
1796;1
1797;1
1798;3
1799;2
1800;0
1801;0
1802;0
1803;1
1804;1
1805;0
1806;0
1807;0
1808;2
1809;0
1810;0
1811;0
1812;0
1813;2
1814;0
1815;1
1816;1
1817;1
1818;0
1819;0
1820;0
1821;1
1822;1
1823;0
1824;1
1825;1
1826;1
1827;0
1828;1
1829;0
1830;1
1831;2
1832;0
1833;1
1834;3
1835;1
1836;1
1837;0
1838;0
1839;0
1840;1
1841;0
1842;0
1843;0
1844;0
1845;0
1846;1
1847;2
1848;0
1849;1
1850;2
1851;0
1852;0
1853;1
1854;0
1855;0
1856;0
1857;1
1858;0
1859;0
1860;1
1861;0
1862;0
1863;1
1864;0
1865;1
1866;2
1867;1
1868;1
1869;0
1870;0
1871;0
1872;0
1873;0
1874;1
1875;0
1876;0
1877;0
1878;0
1879;2
1880;0
1881;1
1882;0
1883;0
1884;0
1885;0
1886;0
1887;1
1888;0
1889;0
1890;1
1891;0
1892;0
1893;0
1894;0
1895;1
1896;0
1897;1
1898;0
1899;1
1900;0
1901;0
1902;0
1903;1
1904;1
1905;0
1906;0
1907;0
1908;1
1909;0
1910;0
1911;0
1912;0
1913;0
1914;0
1915;0
1916;1
1917;0
1918;0
1919;1
1920;0
1921;0
1922;0
1923;0
1924;0
1925;0
1926;0
1927;0
1928;0
1929;0
1930;0
1931;1
1932;0
1933;1
1934;0
1935;0
1936;1
1937;0
1938;0
1939;0
1940;0
1941;0
1942;0
1943;0
1944;0
1945;0
1946;0
1947;0
1948;0
1949;0
1950;0
1951;0
1952;0
1953;0
1954;0
1955;0
1956;0
1957;0
1958;0
1959;0
1960;0
1961;0
1962;0
1963;0
1964;0
1965;0
1966;0
1967;0
1968;0
1969;0
1970;0
1971;0
1972;0
1973;0
1974;1
1975;0
1976;0
1977;0
1978;0
1979;0
1980;0
1981;0
1982;0
1983;0
1984;0
1985;0
1986;0
1987;0
1988;0
1989;0
1990;0
1991;0
1992;0
1993;0
1994;0
1995;0
1996;0
1997;0
1998;0
1999;0
2000;0
2001;0
2002;0
2003;0
2004;0
2005;0
2006;0
2007;0
2008;0
2009;0
2010;0
2011;0
2012;0
2013;0
2014;0
2015;0
2016;0
2017;0
2018;0
2019;0
2020;0
2021;0
2022;0
2023;0
2024;0
2025;0
2026;0
2027;0
2028;0
2029;0
2030;0
2031;0
2032;0
2033;0
2034;0
2035;0
2036;0
2037;0
2038;0
2039;0
2040;0
2041;0
2042;0
2043;0
2044;0
2045;0
2046;0
2047;0
2048;0
2049;0
2050;0
2051;0
2052;0
2053;0
2054;0
2055;0
2056;0
2057;0
2058;0
2059;0
2060;0
2061;0
2062;0
2063;0
2064;0
2065;0
2066;0
2067;0
2068;0
2069;0
2070;0
2071;0
2072;0
2073;0
2074;0
2075;0
2076;0
2077;0
2078;0
2079;0
2080;0
2081;0
2082;0
2083;0
2084;0
2085;0
2086;0
2087;0
2088;0
2089;0
2090;0
2091;0
2092;0
2093;0
2094;0
2095;0
2096;0
2097;0
2098;0
2099;0
2100;0
2101;0
2102;0
2103;0
2104;0
2105;0
2106;0
2107;0
2108;0
2109;0
2110;0
2111;0
2112;0
2113;0
2114;0
2115;0
2116;0
2117;0
2118;0
2119;0
2120;0
2121;0
2122;0
2123;0
2124;0
2125;0
2126;0
2127;0
2128;0
2129;0
2130;0
2131;0
2132;0
2133;0
2134;0
2135;0
2136;0
2137;0
2138;0
2139;0
2140;0
2141;0
2142;0
2143;0
2144;0
2145;0
2146;0
2147;0
2148;0
2149;0
2150;0
2151;0
2152;0
2153;0
2154;0
2155;0
2156;0
2157;0
2158;0
2159;0
2160;0
2161;0
2162;0
2163;0
2164;0
2165;0
2166;0
2167;0
2168;0
2169;0
2170;0
2171;0
2172;0
2173;0
2174;0
2175;0
2176;0
2177;0
2178;0
2179;0
2180;0
2181;0
2182;0
2183;0
2184;0
2185;0
2186;0
2187;0
2188;0
2189;0
2190;0
2191;0
2192;0
2193;0
2194;0
2195;0
2196;0
2197;0
2198;0
2199;0
2200;0
2201;0
2202;0
2203;0
2204;0
2205;0
2206;0
2207;0
2208;0
2209;0
2210;0
2211;0
2212;0
2213;0
2214;0
2215;0
2216;0
2217;0
2218;0
2219;0
2220;0
2221;0
2222;0
2223;0
2224;0
2225;0
2226;0
2227;0
2228;0
2229;0
2230;0
2231;0
2232;0
2233;0
2234;0
2235;0
2236;0
2237;0
2238;0
2239;0
2240;0
2241;0
2242;0
2243;0
2244;0
2245;0
2246;0
2247;0
2248;0
2249;0
2250;0
2251;0
2252;0
2253;0
2254;0
2255;0
2256;0
2257;0
2258;0
2259;0
2260;0
2261;0
2262;0
2263;0
2264;0
2265;0
2266;0
2267;0
2268;0
2269;0
2270;0
2271;0
2272;0
2273;0
2274;0
2275;0
2276;0
2277;0
2278;0
2279;0
2280;0
2281;0
2282;0
2283;0
2284;0
2285;0
2286;0
2287;0
2288;0
2289;0
2290;0
2291;0
2292;0
2293;0
2294;0
2295;0
2296;0
2297;0
2298;0
2299;0
2300;0
2301;0
2302;0
2303;0
2304;0
2305;0
2306;0
2307;0
2308;0
2309;0
2310;0
2311;0
2312;0
2313;0
2314;0
2315;0
2316;0
2317;0
2318;0
2319;0
2320;0
2321;0
2322;0
2323;0
2324;0
2325;0
2326;0
2327;0
2328;0
2329;0
2330;0
2331;0
2332;0
2333;0
2334;0
2335;0
2336;0
2337;0
2338;0
2339;0
2340;0
2341;0
2342;0
2343;0
2344;0
2345;0
2346;0
2347;0
2348;0
2349;0
2350;0
2351;0
2352;0
2353;0
2354;0
2355;0
2356;0
2357;0
2358;0
2359;0
2360;0
2361;0
2362;0
2363;0
2364;0
2365;0
2366;0
2367;0
2368;0
2369;0
2370;0
2371;0
2372;0
2373;0
2374;0
2375;0
2376;0
2377;0
2378;0
2379;0
2380;0
2381;0
2382;0
2383;0
2384;0
2385;0
2386;0
2387;0
2388;0
2389;0
2390;0
2391;0
2392;0
2393;0
2394;0
2395;0
2396;0
2397;0
2398;0
2399;0
2400;0
2401;0
2402;0
2403;0
2404;0
2405;0
2406;0
2407;0
2408;0
2409;0
2410;0
2411;0
2412;0
2413;0
2414;0
2415;0
2416;0
2417;0
2418;0
2419;0
2420;0
2421;0
2422;0
2423;0
2424;0
2425;0
2426;0
2427;0
2428;0
2429;0
2430;0
2431;0
2432;0
2433;0
2434;0
2435;0
2436;0
2437;0
2438;0
2439;0
2440;0
2441;0
2442;0
2443;0
2444;0
2445;0
2446;0
2447;0
2448;0
2449;0
2450;0
2451;0
2452;0
2453;0
2454;0
2455;0
2456;0
2457;0
2458;0
2459;0
2460;0
2461;0
2462;0
2463;0
2464;0
2465;0
2466;0
2467;0
2468;0
2469;0
2470;0
2471;0
2472;0
2473;0
2474;0
2475;0
2476;0
2477;0
2478;0
2479;0
2480;0
2481;0
2482;0
2483;0
2484;0
2485;0
2486;0
2487;0
2488;0
2489;0
2490;0
2491;0
2492;0
2493;0
2494;0
2495;0
2496;0
2497;0
2498;0
2499;0
2500;0
2501;0
2502;0
2503;0
2504;0
2505;0
2506;0
2507;0
2508;0
2509;0
2510;0
2511;0
2512;0
2513;0
2514;0
2515;0
2516;0
2517;0
2518;0
2519;0
2520;0
2521;0
2522;0
2523;0
2524;0
2525;0
2526;0
2527;0
2528;0
2529;0
2530;0
2531;0
2532;0
2533;0
2534;0
2535;0
2536;0
2537;0
2538;0
2539;0
2540;0
2541;0
2542;0
2543;0
2544;0
2545;0
2546;0
2547;0
2548;0
2549;0
2550;0
2551;0
2552;0
2553;0
2554;0
2555;0
2556;0
2557;0
2558;0
2559;0
2560;0
2561;0
2562;0
2563;0
2564;0
2565;0
2566;0
2567;0
2568;0
2569;0
2570;0
2571;0
2572;0
2573;0
2574;0
2575;0
2576;0
2577;0
2578;0
2579;0
2580;0
2581;0
2582;0
2583;0
2584;0
2585;0
2586;0
2587;0
2588;0
2589;0
2590;0
2591;0
2592;0
2593;0
2594;0
2595;0
2596;0
2597;0
2598;0
2599;0
2600;0
2601;0
2602;0
2603;0
2604;0
2605;0
2606;0
2607;0
2608;0
2609;0
2610;0
2611;0
2612;0
2613;0
2614;0
2615;0
2616;0
2617;0
2618;0
2619;0
2620;0
2621;0
2622;0
2623;0
2624;0
2625;0
2626;0
2627;0
2628;0
2629;0
2630;0
2631;0
2632;0
2633;0
2634;0
2635;0
2636;0
2637;0
2638;0
2639;0
2640;0
2641;0
2642;0
2643;0
2644;0
2645;0
2646;0
2647;0
2648;0
2649;0
2650;0
2651;0
2652;0
2653;0
2654;0
2655;0
2656;0
2657;0
2658;0
2659;0
2660;0
2661;0
2662;0
2663;0
2664;0
2665;0
2666;0
2667;0
2668;0
2669;0
2670;0
2671;0
2672;0
2673;0
2674;0
2675;0
2676;0
2677;0
2678;0
2679;0
2680;0
2681;0
2682;0
2683;0
2684;0
2685;0
2686;0
2687;0
2688;0
2689;0
2690;0
2691;0
2692;0
2693;0
2694;0
2695;0
2696;0
2697;0
2698;0
2699;0
2700;0
2701;0
2702;0
2703;0
2704;0
2705;0
2706;0
2707;0
2708;0
2709;0
2710;0
2711;0
2712;0
2713;0
2714;0
2715;0
2716;0
2717;0
2718;0
2719;0
2720;0
2721;0
2722;0
2723;0
2724;0
2725;0
2726;0
2727;0
2728;0
2729;0
2730;0
2731;0
2732;0
2733;0
2734;0
2735;0
2736;0
2737;0
2738;0
2739;0
2740;0
2741;0
2742;0
2743;0
2744;0
2745;0
2746;0
2747;0
2748;0
2749;0
2750;0
2751;0
2752;0
2753;0
2754;0
2755;0
2756;0
2757;0
2758;0
2759;0
2760;0
2761;0
2762;0
2763;0
2764;0
2765;0
2766;0
2767;0
2768;0
2769;0
2770;0
2771;0
2772;0
2773;0
2774;0
2775;0
2776;0
2777;0
2778;0
2779;0
2780;0
2781;0
2782;0
2783;0
2784;0
2785;0
2786;0
2787;0
2788;0
2789;0
2790;0
2791;0
2792;0
2793;0
2794;0
2795;0
2796;0
2797;0
2798;0
2799;0
2800;0
2801;0
2802;0
2803;0
2804;0
2805;0
2806;0
2807;0
2808;0
2809;0
2810;0
2811;0
2812;0
2813;0
2814;0
2815;0
2816;0
2817;0
2818;0
2819;0
2820;0
2821;0
2822;0
2823;0
2824;0
2825;0
2826;0
2827;0
2828;0
2829;0
2830;0
2831;0
2832;0
2833;0
2834;0
2835;0
2836;0
2837;0
2838;0
2839;0
2840;0
2841;0
2842;0
2843;0
2844;0
2845;0
2846;0
2847;0
2848;0
2849;0
2850;0
2851;0
2852;0
2853;0
2854;0
2855;0
2856;0
2857;0
2858;0
2859;0
2860;0
2861;0
2862;0
2863;0
2864;0
2865;0
2866;0
2867;0
2868;0
2869;0
2870;0
2871;0
2872;0
2873;0
2874;0
2875;0
2876;0
2877;0
2878;0
2879;0
2880;0
2881;0
2882;0
2883;0
2884;0
2885;0
2886;0
2887;0
2888;0
2889;0
2890;0
2891;0
2892;0
2893;0
2894;0
2895;0
2896;0
2897;0
2898;0
2899;0
2900;0
2901;0
2902;0
2903;0
2904;0
2905;0
2906;0
2907;0
2908;0
2909;0
2910;0
2911;0
2912;0
2913;0
2914;0
2915;0
2916;0
2917;0
2918;0
2919;0
2920;0
2921;0
2922;0
2923;0
2924;0
2925;0
2926;0
2927;0
2928;0
2929;0
2930;0
2931;0
2932;0
2933;0
2934;0
2935;0
2936;0
2937;0
2938;0
2939;0
2940;0
2941;0
2942;0
2943;0
2944;0
2945;0
2946;0
2947;0
2948;0
2949;0
2950;0
2951;0
2952;0
2953;0
2954;0
2955;0
2956;0
2957;0
2958;0
2959;0
2960;0
2961;0
2962;0
2963;0
2964;0
2965;0
2966;0
2967;0
2968;0
2969;0
2970;0
2971;0
2972;0
2973;0
2974;0
2975;0
2976;0
2977;0
2978;0
2979;0
2980;0
2981;0
2982;0
2983;0
2984;0
2985;0
2986;0
2987;0
2988;0
2989;0
2990;0
2991;0
2992;0
2993;0
2994;0
2995;0
2996;0
2997;0
2998;0
2999;0
3000;0
3001;0
3002;0
3003;0
3004;0
3005;0
3006;0
3007;0
3008;0
3009;0
3010;0
3011;0
3012;0
3013;0
3014;0
3015;0
3016;0
3017;0
3018;0
3019;0
3020;0
3021;0
3022;0
3023;0
3024;0
3025;0
3026;0
3027;0
3028;0
3029;0
3030;0
3031;0
3032;0
3033;0
3034;0
3035;0
3036;0
3037;0
3038;0
3039;0
3040;0
3041;0
3042;0
3043;0
3044;0
3045;0
3046;0
3047;0
3048;0
3049;0
3050;0
3051;0
3052;0
3053;0
3054;0
3055;0
3056;0
3057;0
3058;0
3059;0
3060;0
3061;0
3062;0
3063;0
3064;0
3065;0
3066;0
3067;0
3068;0
3069;0
3070;0
3071;0
3072;0
3073;0
3074;0
3075;0
3076;0
3077;0
3078;0
3079;0
3080;0
3081;0
3082;0
3083;0
3084;0
3085;0
3086;0
3087;0
3088;0
3089;0
3090;0
3091;0
3092;0
3093;0
3094;0
3095;0
3096;0
3097;0
3098;0
3099;0
3100;0
3101;0
3102;0
3103;0
3104;0
3105;0
3106;0
3107;0
3108;0
3109;0
3110;0
3111;0
3112;0
3113;0
3114;0
3115;0
3116;0
3117;0
3118;0
3119;0
3120;0
3121;0
3122;0
3123;0
3124;0
3125;0
3126;0
3127;0
3128;0
3129;0
3130;0
3131;0
3132;0
3133;0
3134;0
3135;0
3136;0
3137;0
3138;0
3139;0
3140;0
3141;0
3142;0
3143;0
3144;0
3145;0
3146;0
3147;0
3148;0
3149;0
3150;0
3151;0
3152;0
3153;0
3154;0
3155;0
3156;0
3157;0
3158;0
3159;0
3160;0
3161;0
3162;0
3163;0
3164;0
3165;0
3166;0
3167;0
3168;0
3169;0
3170;0
3171;0
3172;0
3173;0
3174;0
3175;0
3176;0
3177;0
3178;0
3179;0
3180;0
3181;0
3182;0
3183;0
3184;0
3185;0
3186;0
3187;0
3188;0
3189;0
3190;0
3191;0
3192;0
3193;0
3194;0
3195;0
3196;0
3197;0
3198;0
3199;0
3200;0
3201;0
3202;0
3203;0
3204;0
3205;0
3206;0
3207;0
3208;0
3209;0
3210;0
3211;0
3212;0
3213;0
3214;0
3215;0
3216;0
3217;0
3218;0
3219;0
3220;0
3221;0
3222;0
3223;0
3224;0
3225;0
3226;0
3227;0
3228;0
3229;0
3230;0
3231;0
3232;0
3233;0
3234;0
3235;0
3236;0
3237;0
3238;0
3239;0
3240;0
3241;0
3242;0
3243;0
3244;0
3245;0
3246;0
3247;0
3248;0
3249;0
3250;0
3251;0
3252;0
3253;0
3254;0
3255;0
3256;0
3257;0
3258;0
3259;0
3260;0
3261;0
3262;0
3263;0
3264;0
3265;0
3266;0
3267;0
3268;0
3269;0
3270;0
3271;0
3272;0
3273;0
3274;0
3275;0
3276;0
3277;0
3278;0
3279;0
3280;0
3281;0
3282;0
3283;0
3284;0
3285;0
3286;0
3287;0
3288;0
3289;0
3290;0
3291;0
3292;0
3293;0
3294;0
3295;0
3296;0
3297;0
3298;0
3299;0
3300;0
3301;0
3302;0
3303;0
3304;0
3305;0
3306;0
3307;0
3308;0
3309;0
3310;0
3311;0
3312;0
3313;0
3314;0
3315;0
3316;0
3317;0
3318;0
3319;0
3320;0
3321;0
3322;0
3323;0
3324;0
3325;0
3326;0
3327;0
3328;0
3329;0
3330;0
3331;0
3332;0
3333;0
3334;0
3335;0
3336;0
3337;0
3338;0
3339;0
3340;0
3341;0
3342;0
3343;0
3344;0
3345;0
3346;0
3347;0
3348;0
3349;0
3350;0
3351;0
3352;0
3353;0
3354;0
3355;0
3356;0
3357;0
3358;0
3359;0
3360;0
3361;0
3362;0
3363;0
3364;0
3365;0
3366;0
3367;0
3368;0
3369;0
3370;0
3371;0
3372;0
3373;0
3374;0
3375;0
3376;0
3377;0
3378;0
3379;0
3380;0
3381;0
3382;0
3383;0
3384;0
3385;0
3386;0
3387;0
3388;0
3389;0
3390;0
3391;0
3392;0
3393;0
3394;0
3395;0
3396;0
3397;0
3398;0
3399;0
3400;0
3401;0
3402;0
3403;0
3404;0
3405;0
3406;0
3407;0
3408;0
3409;0
3410;0
3411;0
3412;0
3413;0
3414;0
3415;0
3416;0
3417;0
3418;0
3419;0
3420;0
3421;0
3422;0
3423;0
3424;0
3425;0
3426;0
3427;0
3428;0
3429;0
3430;0
3431;0
3432;0
3433;0
3434;0
3435;0
3436;0
3437;0
3438;0
3439;0
3440;0
3441;0
3442;0
3443;0
3444;0
3445;0
3446;0
3447;0
3448;0
3449;0
3450;0
3451;0
3452;0
3453;0
3454;0
3455;0
3456;0
3457;0
3458;0
3459;0
3460;0
3461;0
3462;0
3463;0
3464;0
3465;0
3466;0
3467;0
3468;0
3469;0
3470;0
3471;0
3472;0
3473;0
3474;0
3475;0
3476;0
3477;0
3478;0
3479;0
3480;0
3481;0
3482;0
3483;0
3484;0
3485;0
3486;0
3487;0
3488;0
3489;0
3490;0
3491;0
3492;0
3493;0
3494;0
3495;0
3496;0
3497;0
3498;0
3499;0
3500;0
3501;0
3502;0
3503;0
3504;0
3505;0
3506;0
3507;0
3508;0
3509;0
3510;0
3511;0
3512;0
3513;0
3514;0
3515;0
3516;0
3517;0
3518;0
3519;0
3520;0
3521;0
3522;0
3523;0
3524;0
3525;0
3526;0
3527;0
3528;0
3529;0
3530;0
3531;0
3532;0
3533;0
3534;0
3535;0
3536;0
3537;0
3538;0
3539;0
3540;0
3541;0
3542;0
3543;0
3544;0
3545;0
3546;0
3547;0
3548;0
3549;0
3550;0
3551;0
3552;0
3553;0
3554;0
3555;0
3556;0
3557;0
3558;0
3559;0
3560;0
3561;0
3562;0
3563;0
3564;0
3565;0
3566;0
3567;0
3568;0
3569;0
3570;0
3571;0
3572;0
3573;0
3574;0
3575;0
3576;0
3577;0
3578;0
3579;0
3580;0
3581;0
3582;0
3583;0
3584;0
3585;0
3586;0
3587;0
3588;0
3589;0
3590;0
3591;0
3592;0
3593;0
3594;0
3595;0
3596;0
3597;0
3598;0
3599;0
3600;0
3601;0
3602;0
3603;0
3604;0
3605;0
3606;0
3607;0
3608;0
3609;0
3610;0
3611;0
3612;0
3613;0
3614;0
3615;0
3616;0
3617;0
3618;0
3619;0
3620;0
3621;0
3622;0
3623;0
3624;0
3625;0
3626;0
3627;0
3628;0
3629;0
3630;0
3631;0
3632;0
3633;0
3634;0
3635;0
3636;0
3637;0
3638;0
3639;0
3640;0
3641;0
3642;0
3643;0
3644;0
3645;0
3646;0
3647;0
3648;0
3649;0
3650;0
3651;0
3652;0
3653;0
3654;0
3655;0
3656;0
3657;0
3658;0
3659;0
3660;0
3661;0
3662;0
3663;0
3664;0
3665;0
3666;0
3667;0
3668;0
3669;0
3670;0
3671;0
3672;0
3673;0
3674;0
3675;0
3676;0
3677;0
3678;0
3679;0
3680;0
3681;0
3682;0
3683;0
3684;0
3685;0
3686;0
3687;0
3688;0
3689;0
3690;0
3691;0
3692;0
3693;0
3694;0
3695;0
3696;0
3697;0
3698;0
3699;0
3700;0
3701;0
3702;0
3703;0
3704;0
3705;0
3706;0
3707;0
3708;0
3709;0
3710;0
3711;0
3712;0
3713;0
3714;0
3715;0
3716;0
3717;0
3718;0
3719;0
3720;0
3721;0
3722;0
3723;0
3724;0
3725;0
3726;0
3727;0
3728;0
3729;0
3730;0
3731;0
3732;0
3733;0
3734;0
3735;0
3736;0
3737;0
3738;0
3739;0
3740;0
3741;0
3742;0
3743;0
3744;0
3745;0
3746;0
3747;0
3748;0
3749;0
3750;0
3751;0
3752;0
3753;0
3754;0
3755;0
3756;0
3757;0
3758;0
3759;0
3760;0
3761;0
3762;0
3763;0
3764;0
3765;0
3766;0
3767;0
3768;0
3769;0
3770;0
3771;0
3772;0
3773;0
3774;0
3775;0
3776;0
3777;0
3778;0
3779;0
3780;0
3781;0
3782;0
3783;0
3784;0
3785;0
3786;0
3787;0
3788;0
3789;0
3790;0
3791;0
3792;0
3793;0
3794;0
3795;0
3796;0
3797;0
3798;0
3799;0
3800;0
3801;0
3802;0
3803;0
3804;0
3805;0
3806;0
3807;0
3808;0
3809;0
3810;0
3811;0
3812;0
3813;0
3814;0
3815;0
3816;0
3817;0
3818;0
3819;0
3820;0
3821;0
3822;0
3823;0
3824;0
3825;0
3826;0
3827;0
3828;0
3829;0
3830;0
3831;0
3832;0
3833;0
3834;0
3835;0
3836;0
3837;0
3838;0
3839;0
3840;0
3841;0
3842;0
3843;0
3844;0
3845;0
3846;0
3847;0
3848;0
3849;0
3850;0
3851;0
3852;0
3853;0
3854;0
3855;0
3856;0
3857;0
3858;0
3859;0
3860;0
3861;0
3862;0
3863;0
3864;0
3865;0
3866;0
3867;0
3868;0
3869;0
3870;0
3871;0
3872;0
3873;0
3874;0
3875;0
3876;0
3877;0
3878;0
3879;0
3880;0
3881;0
3882;0
3883;0
3884;0
3885;0
3886;0
3887;0
3888;0
3889;0
3890;0
3891;0
3892;0
3893;0
3894;0
3895;0
3896;0
3897;0
3898;0
3899;0
3900;0
3901;0
3902;0
3903;0
3904;0
3905;0
3906;0
3907;0
3908;0
3909;0
3910;0
3911;0
3912;0
3913;0
3914;0
3915;0
3916;0
3917;0
3918;0
3919;0
3920;0
3921;0
3922;0
3923;0
3924;0
3925;0
3926;0
3927;0
3928;0
3929;0
3930;0
3931;0
3932;0
3933;0
3934;0
3935;0
3936;0
3937;0
3938;0
3939;0
3940;0
3941;0
3942;0
3943;0
3944;0
3945;0
3946;0
3947;0
3948;0
3949;0
3950;0
3951;0
3952;0
3953;0
3954;0
3955;0
3956;0
3957;0
3958;0
3959;0
3960;0
3961;0
3962;0
3963;0
3964;0
3965;0
3966;0
3967;0
3968;0
3969;0
3970;0
3971;0
3972;0
3973;0
3974;0
3975;0
3976;0
3977;0
3978;0
3979;0
3980;0
3981;0
3982;0
3983;0
3984;0
3985;0
3986;0
3987;0
3988;0
3989;0
3990;0
3991;0
3992;0
3993;0
3994;0
3995;0
3996;0
3997;0
3998;0
3999;0
4000;0
4001;0
4002;0
4003;0
4004;0
4005;0
4006;0
4007;0
4008;0
4009;0
4010;0
4011;0
4012;0
4013;0
4014;0
4015;0
4016;0
4017;0
4018;0
4019;0
4020;0
4021;0
4022;0
4023;0
4024;0
4025;0
4026;0
4027;0
4028;0
4029;0
4030;0
4031;0
4032;0
4033;0
4034;0
4035;0
4036;0
4037;0
4038;0
4039;0
4040;0
4041;0
4042;0
4043;0
4044;0
4045;0
4046;0
4047;0
4048;0
4049;0
4050;0
4051;0
4052;0
4053;0
4054;0
4055;0
4056;0
4057;0
4058;0
4059;0
4060;0
4061;0
4062;0
4063;0
4064;0
4065;0
4066;0
4067;0
4068;0
4069;0
4070;0
4071;0
4072;0
4073;0
4074;0
4075;0
4076;0
4077;0
4078;0
4079;0
4080;0
4081;0
4082;0
4083;0
4084;0
4085;0
4086;0
4087;0
4088;0
4089;0
4090;0
4091;0
4092;0
4093;0
4094;0
4095;0
4096;0
