L 64,p 0.592700,Z 100000
/* Tamanio de cluster; Ocurrencias de cada tamaño de cluster */
1;7305409
2;1566647
3;934562
4;606760
5;424062
6;310876
7;241231
8;191388
9;156676
10;130851
11;110572
12;95862
13;82699
14;73128
15;65095
16;57364
17;52046
18;47316
19;42524
20;39245
21;35600
22;33059
23;30537
24;28795
25;26149
26;24644
27;22887
28;21612
29;20245
30;19314
31;18249
32;16910
33;16251
34;15528
35;14604
36;14034
37;13129
38;12627
39;12188
40;11595
41;11225
42;10724
43;10312
44;9828
45;9542
46;9085
47;8564
48;8369
49;8025
50;7804
51;7600
52;7422
53;7117
54;6924
55;6686
56;6603
57;6221
58;6098
59;5819
60;5635
61;5412
62;5342
63;5396
64;5159
65;4912
66;4765
67;4685
68;4497
69;4455
70;4389
71;4234
72;4081
73;4029
74;4015
75;3834
76;3778
77;3737
78;3644
79;3608
80;3373
81;3422
82;3238
83;3158
84;3127
85;3171
86;3065
87;2995
88;2885
89;2882
90;2790
91;2747
92;2731
93;2714
94;2651
95;2574
96;2523
97;2548
98;2393
99;2406
100;2312
101;2286
102;2239
103;2169
104;2198
105;2164
106;2127
107;2045
108;2108
109;2001
110;2106
111;1952
112;1881
113;1984
114;1861
115;1879
116;1780
117;1821
118;1715
119;1732
120;1756
121;1727
122;1705
123;1670
124;1553
125;1565
126;1670
127;1629
128;1516
129;1458
130;1524
131;1460
132;1488
133;1493
134;1377
135;1467
136;1303
137;1298
138;1365
139;1357
140;1296
141;1310
142;1258
143;1214
144;1259
145;1285
146;1263
147;1273
148;1242
149;1210
150;1152
151;1169
152;1198
153;1115
154;1135
155;1067
156;1103
157;1114
158;1083
159;1050
160;1101
161;1060
162;1065
163;971
164;1018
165;1005
166;959
167;977
168;999
169;939
170;964
171;944
172;891
173;907
174;945
175;899
176;889
177;932
178;917
179;837
180;865
181;851
182;840
183;824
184;819
185;839
186;841
187;770
188;823
189;801
190;747
191;823
192;822
193;767
194;710
195;750
196;770
197;813
198;737
199;717
200;752
201;751
202;706
203;754
204;742
205;714
206;708
207;651
208;700
209;671
210;651
211;740
212;679
213;648
214;640
215;662
216;668
217;663
218;631
219;579
220;572
221;641
222;607
223;604
224;565
225;615
226;585
227;630
228;578
229;582
230;623
231;598
232;580
233;520
234;565
235;549
236;589
237;560
238;548
239;556
240;539
241;520
242;550
243;575
244;528
245;477
246;521
247;506
248;528
249;541
250;489
251;513
252;499
253;497
254;466
255;496
256;494
257;451
258;456
259;481
260;451
261;513
262;450
263;458
264;420
265;491
266;460
267;468
268;467
269;417
270;465
271;446
272;458
273;437
274;417
275;451
276;442
277;419
278;424
279;429
280;416
281;403
282;425
283;381
284;409
285;452
286;406
287;393
288;406
289;398
290;388
291;404
292;390
293;364
294;389
295;378
296;390
297;363
298;430
299;378
300;384
301;365
302;356
303;359
304;344
305;415
306;339
307;355
308;355
309;367
310;340
311;363
312;342
313;349
314;355
315;356
316;345
317;339
318;348
319;356
320;348
321;365
322;336
323;338
324;339
325;364
326;327
327;320
328;304
329;345
330;337
331;327
332;304
333;318
334;269
335;302
336;315
337;296
338;335
339;308
340;276
341;292
342;272
343;320
344;336
345;312
346;305
347;269
348;297
349;277
350;296
351;324
352;303
353;256
354;279
355;291
356;275
357;253
358;272
359;270
360;291
361;271
362;282
363;255
364;270
365;258
366;297
367;272
368;264
369;278
370;286
371;287
372;258
373;245
374;260
375;243
376;251
377;251
378;255
379;249
380;256
381;293
382;263
383;250
384;260
385;236
386;264
387;257
388;236
389;245
390;225
391;235
392;245
393;254
394;256
395;247
396;220
397;248
398;254
399;227
400;257
401;217
402;236
403;216
404;261
405;244
406;206
407;233
408;226
409;210
410;244
411;222
412;228
413;224
414;223
415;198
416;234
417;239
418;234
419;242
420;217
421;200
422;217
423;196
424;246
425;210
426;198
427;223
428;221
429;229
430;194
431;190
432;224
433;202
434;182
435;190
436;226
437;187
438;207
439;201
440;191
441;216
442;190
443;213
444;180
445;214
446;184
447;203
448;209
449;193
450;193
451;196
452;191
453;193
454;196
455;199
456;222
457;154
458;172
459;190
460;185
461;200
462;188
463;189
464;187
465;198
466;169
467;185
468;169
469;181
470;152
471;194
472;190
473;173
474;197
475;165
476;187
477;191
478;156
479;200
480;203
481;172
482;156
483;143
484;185
485;192
486;174
487;183
488;174
489;184
490;168
491;162
492;154
493;183
494;172
495;156
496;184
497;160
498;160
499;169
500;141
501;166
502;157
503;166
504;157
505;141
506;183
507;154
508;155
509;166
510;148
511;145
512;156
513;172
514;147
515;158
516;165
517;156
518;160
519;174
520;162
521;152
522;169
523;141
524;148
525;142
526;172
527;137
528;136
529;161
530;158
531;136
532;158
533;155
534;155
535;124
536;148
537;147
538;162
539;138
540;125
541;124
542;181
543;170
544;140
545;135
546;148
547;136
548;154
549;141
550;137
551;151
552;124
553;139
554;155
555;143
556;120
557;141
558;148
559;115
560;138
561;135
562;129
563;122
564;124
565;139
566;143
567;139
568;118
569;121
570;140
571;139
572;138
573;136
574;146
575;121
576;145
577;129
578;150
579;147
580;122
581;133
582;125
583;116
584;118
585;115
586;125
587;119
588;121
589;140
590;119
591;130
592;153
593;111
594;120
595;124
596;123
597;130
598;97
599;116
600;114
601;117
602;121
603;116
604;128
605;118
606;132
607;120
608;113
609;115
610;123
611;117
612;115
613;121
614;129
615;124
616;106
617;109
618;108
619;143
620;131
621;113
622;134
623;97
624;125
625;81
626;120
627;99
628;109
629;115
630;117
631;119
632;118
633;125
634;110
635;109
636;115
637;124
638;95
639;114
640;114
641;123
642;105
643;108
644;114
645;107
646;93
647;117
648;110
649;107
650;87
651;102
652;92
653;120
654;99
655;105
656;111
657;108
658;92
659;114
660;98
661;100
662;107
663;93
664;110
665;107
666;107
667;102
668;101
669;97
670;89
671;105
672;112
673;127
674;97
675;95
676;109
677;88
678;110
679;98
680;96
681;111
682;101
683;108
684;107
685;100
686;99
687;82
688;80
689;94
690;101
691;104
692;105
693;87
694;91
695;81
696;88
697;97
698;117
699;110
700;105
701;99
702;93
703;87
704;108
705;72
706;92
707;85
708;96
709;104
710;87
711;98
712;98
713;71
714;91
715;89
716;102
717;86
718;88
719;104
720;75
721;73
722;65
723;91
724;90
725;112
726;90
727;92
728;98
729;97
730;91
731;93
732;80
733;100
734;75
735;96
736;70
737;77
738;87
739;89
740;103
741;75
742;94
743;81
744;87
745;87
746;79
747;86
748;78
749;80
750;86
751;81
752;81
753;71
754;81
755;71
756;74
757;85
758;93
759;78
760;108
761;74
762;91
763;77
764;87
765;86
766;76
767;76
768;92
769;90
770;83
771;80
772;93
773;92
774;84
775;76
776;76
777;90
778;77
779;77
780;76
781;89
782;75
783;78
784;86
785;70
786;80
787;87
788;77
789;75
790;93
791;65
792;90
793;84
794;86
795;77
796;60
797;82
798;70
799;70
800;79
801;78
802;73
803;70
804;79
805;76
806;78
807;81
808;86
809;61
810;88
811;75
812;71
813;77
814;72
815;70
816;76
817;69
818;71
819;81
820;56
821;85
822;59
823;81
824;68
825;77
826;67
827;75
828;75
829;61
830;74
831;59
832;66
833;78
834;62
835;74
836;71
837;81
838;65
839;76
840;66
841;71
842;86
843;70
844;74
845;67
846;65
847;60
848;76
849;73
850;69
851;59
852;63
853;78
854;76
855;60
856;64
857;70
858;85
859;79
860;70
861;66
862;53
863;68
864;76
865;75
866;56
867;64
868;64
869;65
870;58
871;66
872;63
873;65
874;61
875;56
876;64
877;52
878;71
879;67
880;77
881;62
882;65
883;58
884;59
885;64
886;66
887;82
888;65
889;66
890;63
891;52
892;67
893;64
894;60
895;48
896;60
897;57
898;65
899;63
900;68
901;75
902;53
903;53
904;68
905;60
906;55
907;68
908;69
909;59
910;56
911;56
912;69
913;59
914;69
915;57
916;56
917;70
918;63
919;61
920;62
921;64
922;46
923;56
924;52
925;52
926;62
927;55
928;52
929;49
930;49
931;56
932;58
933;59
934;64
935;61
936;62
937;64
938;71
939;64
940;53
941;58
942;55
943;65
944;62
945;47
946;64
947;57
948;62
949;62
950;64
951;63
952;55
953;48
954;52
955;65
956;67
957;63
958;60
959;52
960;77
961;60
962;65
963;47
964;60
965;62
966;62
967;63
968;48
969;62
970;54
971;51
972;48
973;55
974;44
975;43
976;61
977;64
978;61
979;43
980;54
981;52
982;55
983;49
984;55
985;49
986;54
987;52
988;40
989;70
990;50
991;66
992;58
993;52
994;57
995;56
996;54
997;43
998;61
999;50
1000;51
1001;54
1002;52
1003;45
1004;56
1005;57
1006;60
1007;60
1008;47
1009;48
1010;41
1011;65
1012;58
1013;61
1014;56
1015;46
1016;61
1017;48
1018;62
1019;51
1020;47
1021;41
1022;48
1023;49
1024;48
1025;62
1026;49
1027;42
1028;48
1029;43
1030;52
1031;41
1032;47
1033;38
1034;58
1035;46
1036;50
1037;47
1038;47
1039;51
1040;54
1041;57
1042;51
1043;50
1044;40
1045;46
1046;33
1047;59
1048;55
1049;53
1050;49
1051;54
1052;53
1053;47
1054;52
1055;46
1056;42
1057;48
1058;49
1059;49
1060;44
1061;50
1062;35
1063;50
1064;59
1065;54
1066;40
1067;47
1068;49
1069;52
1070;44
1071;38
1072;34
1073;40
1074;46
1075;55
1076;35
1077;44
1078;46
1079;33
1080;45
1081;51
1082;46
1083;50
1084;31
1085;42
1086;47
1087;45
1088;28
1089;43
1090;47
1091;47
1092;38
1093;37
1094;37
1095;52
1096;44
1097;40
1098;42
1099;45
1100;35
1101;36
1102;54
1103;47
1104;48
1105;49
1106;43
1107;43
1108;42
1109;36
1110;35
1111;47
1112;47
1113;45
1114;47
1115;39
1116;39
1117;49
1118;40
1119;39
1120;37
1121;33
1122;40
1123;39
1124;39
1125;47
1126;32
1127;35
1128;41
1129;39
1130;32
1131;38
1132;35
1133;41
1134;42
1135;36
1136;43
1137;36
1138;45
1139;60
1140;44
1141;49
1142;41
1143;40
1144;37
1145;35
1146;24
1147;39
1148;41
1149;37
1150;39
1151;29
1152;44
1153;31
1154;53
1155;31
1156;44
1157;39
1158;57
1159;40
1160;37
1161;37
1162;34
1163;28
1164;42
1165;42
1166;42
1167;41
1168;39
1169;35
1170;32
1171;40
1172;35
1173;29
1174;22
1175;38
1176;29
1177;31
1178;27
1179;42
1180;32
1181;35
1182;36
1183;30
1184;26
1185;30
1186;36
1187;44
1188;37
1189;28
1190;26
1191;29
1192;22
1193;31
1194;36
1195;38
1196;26
1197;40
1198;30
1199;34
1200;36
1201;33
1202;26
1203;36
1204;30
1205;37
1206;26
1207;38
1208;23
1209;41
1210;32
1211;42
1212;38
1213;38
1214;24
1215;28
1216;33
1217;41
1218;40
1219;36
1220;31
1221;34
1222;32
1223;35
1224;28
1225;32
1226;29
1227;37
1228;36
1229;24
1230;34
1231;36
1232;37
1233;29
1234;28
1235;25
1236;31
1237;21
1238;47
1239;29
1240;37
1241;35
1242;22
1243;31
1244;35
1245;28
1246;33
1247;28
1248;31
1249;34
1250;37
1251;23
1252;34
1253;42
1254;34
1255;32
1256;40
1257;32
1258;33
1259;22
1260;25
1261;27
1262;17
1263;29
1264;29
1265;33
1266;24
1267;32
1268;21
1269;30
1270;27
1271;32
1272;34
1273;28
1274;32
1275;38
1276;26
1277;29
1278;24
1279;28
1280;34
1281;20
1282;31
1283;25
1284;23
1285;23
1286;20
1287;25
1288;37
1289;22
1290;27
1291;25
1292;20
1293;30
1294;31
1295;40
1296;25
1297;30
1298;25
1299;23
1300;27
1301;30
1302;28
1303;27
1304;27
1305;25
1306;16
1307;23
1308;20
1309;29
1310;24
1311;27
1312;22
1313;23
1314;30
1315;19
1316;22
1317;29
1318;36
1319;25
1320;27
1321;23
1322;19
1323;22
1324;18
1325;36
1326;21
1327;28
1328;27
1329;16
1330;18
1331;21
1332;32
1333;25
1334;30
1335;23
1336;27
1337;14
1338;22
1339;15
1340;17
1341;22
1342;31
1343;20
1344;23
1345;25
1346;21
1347;22
1348;30
1349;19
1350;29
1351;26
1352;17
1353;21
1354;17
1355;27
1356;19
1357;22
1358;14
1359;20
1360;29
1361;26
1362;26
1363;20
1364;25
1365;18
1366;15
1367;19
1368;14
1369;26
1370;14
1371;17
1372;22
1373;20
1374;21
1375;19
1376;20
1377;19
1378;11
1379;14
1380;17
1381;21
1382;18
1383;14
1384;19
1385;22
1386;23
1387;20
1388;20
1389;26
1390;22
1391;20
1392;24
1393;20
1394;28
1395;20
1396;20
1397;24
1398;24
1399;22
1400;24
1401;20
1402;21
1403;18
1404;27
1405;18
1406;20
1407;17
1408;25
1409;10
1410;22
1411;11
1412;21
1413;12
1414;16
1415;19
1416;23
1417;24
1418;17
1419;13
1420;14
1421;17
1422;7
1423;15
1424;21
1425;19
1426;11
1427;17
1428;19
1429;13
1430;14
1431;13
1432;20
1433;14
1434;9
1435;16
1436;20
1437;18
1438;17
1439;13
1440;17
1441;24
1442;15
1443;17
1444;18
1445;13
1446;18
1447;15
1448;22
1449;7
1450;17
1451;19
1452;14
1453;12
1454;18
1455;17
1456;9
1457;14
1458;6
1459;20
1460;12
1461;14
1462;20
1463;16
1464;16
1465;20
1466;21
1467;12
1468;20
1469;17
1470;12
1471;16
1472;9
1473;13
1474;13
1475;19
1476;22
1477;16
1478;16
1479;6
1480;16
1481;11
1482;15
1483;14
1484;14
1485;11
1486;14
1487;17
1488;16
1489;10
1490;12
1491;13
1492;13
1493;11
1494;12
1495;13
1496;8
1497;11
1498;8
1499;13
1500;8
1501;17
1502;4
1503;10
1504;11
1505;20
1506;11
1507;8
1508;12
1509;16
1510;20
1511;6
1512;15
1513;15
1514;15
1515;12
1516;9
1517;9
1518;15
1519;11
1520;18
1521;12
1522;15
1523;15
1524;6
1525;11
1526;14
1527;9
1528;9
1529;16
1530;14
1531;15
1532;7
1533;6
1534;12
1535;14
1536;6
1537;9
1538;7
1539;10
1540;11
1541;7
1542;11
1543;11
1544;13
1545;3
1546;11
1547;16
1548;7
1549;8
1550;7
1551;5
1552;8
1553;11
1554;13
1555;4
1556;5
1557;6
1558;17
1559;6
1560;8
1561;11
1562;7
1563;10
1564;7
1565;13
1566;8
1567;15
1568;9
1569;11
1570;11
1571;11
1572;7
1573;10
1574;11
1575;6
1576;5
1577;6
1578;2
1579;10
1580;10
1581;15
1582;12
1583;9
1584;6
1585;5
1586;7
1587;10
1588;7
1589;7
1590;9
1591;5
1592;2
1593;8
1594;7
1595;4
1596;8
1597;14
1598;9
1599;3
1600;8
1601;7
1602;8
1603;8
1604;8
1605;6
1606;5
1607;6
1608;4
1609;10
1610;5
1611;6
1612;6
1613;5
1614;7
1615;5
1616;9
1617;5
1618;10
1619;4
1620;6
1621;3
1622;10
1623;5
1624;10
1625;9
1626;3
1627;4
1628;4
1629;9
1630;12
1631;3
1632;5
1633;3
1634;5
1635;4
1636;5
1637;6
1638;11
1639;10
1640;8
1641;5
1642;7
1643;3
1644;5
1645;3
1646;8
1647;4
1648;4
1649;7
1650;7
1651;6
1652;7
1653;3
1654;2
1655;4
1656;2
1657;2
1658;2
1659;5
1660;6
1661;4
1662;8
1663;3
1664;6
1665;5
1666;3
1667;6
1668;5
1669;10
1670;6
1671;4
1672;3
1673;5
1674;5
1675;7
1676;6
1677;3
1678;3
1679;2
1680;1
1681;2
1682;5
1683;4
1684;7
1685;5
1686;1
1687;5
1688;4
1689;9
1690;6
1691;3
1692;1
1693;4
1694;2
1695;3
1696;5
1697;2
1698;3
1699;6
1700;2
1701;5
1702;0
1703;5
1704;4
1705;3
1706;2
1707;1
1708;1
1709;0
1710;2
1711;6
1712;1
1713;3
1714;1
1715;3
1716;3
1717;1
1718;2
1719;2
1720;6
1721;3
1722;2
1723;2
1724;2
1725;4
1726;3
1727;4
1728;1
1729;4
1730;4
1731;5
1732;3
1733;2
1734;0
1735;4
1736;5
1737;2
1738;2
1739;1
1740;3
1741;2
1742;2
1743;3
1744;0
1745;3
1746;4
1747;7
1748;4
1749;0
1750;3
1751;1
1752;1
1753;4
1754;4
1755;4
1756;4
1757;2
1758;1
1759;0
1760;3
1761;3
1762;1
1763;2
1764;3
1765;1
1766;2
1767;1
1768;1
1769;3
1770;0
1771;4
1772;0
1773;2
1774;5
1775;1
1776;2
1777;2
1778;2
1779;1
1780;2
1781;1
1782;2
1783;1
1784;1
1785;1
1786;1
1787;1
1788;1
1789;2
1790;1
1791;0
1792;0
1793;0
1794;0
1795;1
1796;1
1797;1
1798;0
1799;1
1800;2
1801;3
1802;0
1803;1
1804;1
1805;1
1806;2
1807;1
1808;0
1809;1
1810;4
1811;2
1812;1
1813;0
1814;0
1815;3
1816;4
1817;0
1818;1
1819;0
1820;1
1821;0
1822;1
1823;0
1824;0
1825;0
1826;1
1827;3
1828;1
1829;1
1830;0
1831;2
1832;2
1833;0
1834;0
1835;4
1836;2
1837;2
1838;1
1839;1
1840;1
1841;1
1842;0
1843;1
1844;0
1845;1
1846;0
1847;0
1848;1
1849;1
1850;1
1851;2
1852;0
1853;1
1854;0
1855;1
1856;1
1857;0
1858;0
1859;1
1860;0
1861;1
1862;1
1863;2
1864;1
1865;0
1866;0
1867;0
1868;0
1869;1
1870;3
1871;0
1872;0
1873;1
1874;1
1875;0
1876;0
1877;0
1878;0
1879;0
1880;0
1881;1
1882;0
1883;0
1884;1
1885;0
1886;0
1887;0
1888;0
1889;0
1890;1
1891;0
1892;0
1893;0
1894;0
1895;1
1896;0
1897;0
1898;0
1899;0
1900;0
1901;0
1902;0
1903;1
1904;1
1905;0
1906;0
1907;0
1908;0
1909;0
1910;0
1911;0
1912;0
1913;0
1914;1
1915;0
1916;1
1917;0
1918;0
1919;0
1920;1
1921;0
1922;0
1923;0
1924;0
1925;2
1926;0
1927;0
1928;0
1929;0
1930;0
1931;0
1932;0
1933;0
1934;1
1935;0
1936;0
1937;0
1938;1
1939;0
1940;0
1941;0
1942;0
1943;0
1944;0
1945;0
1946;1
1947;0
1948;0
1949;0
1950;0
1951;1
1952;0
1953;0
1954;1
1955;0
1956;1
1957;0
1958;0
1959;0
1960;0
1961;0
1962;0
1963;0
1964;0
1965;1
1966;1
1967;0
1968;1
1969;0
1970;0
1971;0
1972;0
1973;1
1974;0
1975;0
1976;0
1977;0
1978;0
1979;1
1980;0
1981;0
1982;0
1983;0
1984;0
1985;0
1986;0
1987;0
1988;0
1989;0
1990;0
1991;0
1992;0
1993;0
1994;0
1995;0
1996;0
1997;0
1998;0
1999;0
2000;0
2001;0
2002;0
2003;0
2004;0
2005;0
2006;0
2007;0
2008;0
2009;0
2010;0
2011;0
2012;0
2013;0
2014;1
2015;0
2016;0
2017;0
2018;0
2019;0
2020;0
2021;0
2022;0
2023;0
2024;0
2025;0
2026;0
2027;0
2028;0
2029;0
2030;0
2031;0
2032;0
2033;0
2034;0
2035;0
2036;0
2037;0
2038;0
2039;0
2040;0
2041;0
2042;0
2043;0
2044;0
2045;1
2046;0
2047;0
2048;0
2049;0
2050;0
2051;0
2052;0
2053;0
2054;0
2055;0
2056;0
2057;0
2058;0
2059;0
2060;0
2061;0
2062;0
2063;0
2064;0
2065;0
2066;0
2067;0
2068;0
2069;0
2070;0
2071;0
2072;0
2073;0
2074;0
2075;0
2076;0
2077;0
2078;0
2079;0
2080;0
2081;0
2082;0
2083;0
2084;0
2085;0
2086;0
2087;0
2088;0
2089;0
2090;0
2091;0
2092;0
2093;0
2094;0
2095;0
2096;0
2097;0
2098;0
2099;0
2100;0
2101;0
2102;0
2103;0
2104;0
2105;0
2106;0
2107;1
2108;0
2109;0
2110;0
2111;0
2112;0
2113;0
2114;0
2115;0
2116;0
2117;0
2118;0
2119;0
2120;0
2121;0
2122;0
2123;0
2124;0
2125;0
2126;0
2127;0
2128;0
2129;0
2130;0
2131;0
2132;0
2133;0
2134;0
2135;0
2136;0
2137;0
2138;0
2139;0
2140;0
2141;0
2142;0
2143;0
2144;0
2145;0
2146;0
2147;0
2148;0
2149;0
2150;0
2151;0
2152;0
2153;0
2154;0
2155;0
2156;0
2157;0
2158;0
2159;0
2160;0
2161;0
2162;0
2163;0
2164;0
2165;0
2166;0
2167;0
2168;0
2169;0
2170;0
2171;0
2172;0
2173;0
2174;0
2175;0
2176;0
2177;0
2178;0
2179;0
2180;0
2181;0
2182;0
2183;0
2184;0
2185;0
2186;0
2187;0
2188;0
2189;0
2190;0
2191;0
2192;0
2193;0
2194;0
2195;0
2196;0
2197;0
2198;0
2199;0
2200;0
2201;0
2202;0
2203;0
2204;0
2205;0
2206;0
2207;0
2208;0
2209;0
2210;0
2211;0
2212;0
2213;0
2214;0
2215;0
2216;0
2217;0
2218;0
2219;0
2220;0
2221;0
2222;0
2223;0
2224;0
2225;0
2226;0
2227;0
2228;0
2229;0
2230;0
2231;0
2232;0
2233;0
2234;0
2235;0
2236;0
2237;0
2238;0
2239;0
2240;0
2241;0
2242;0
2243;0
2244;0
2245;0
2246;0
2247;0
2248;0
2249;0
2250;0
2251;0
2252;0
2253;0
2254;0
2255;0
2256;0
2257;0
2258;0
2259;0
2260;0
2261;0
2262;0
2263;0
2264;0
2265;0
2266;0
2267;0
2268;0
2269;0
2270;0
2271;0
2272;0
2273;0
2274;0
2275;0
2276;0
2277;0
2278;0
2279;0
2280;0
2281;0
2282;0
2283;0
2284;0
2285;0
2286;0
2287;0
2288;0
2289;0
2290;0
2291;0
2292;0
2293;0
2294;0
2295;0
2296;0
2297;0
2298;0
2299;0
2300;0
2301;0
2302;0
2303;0
2304;0
2305;0
2306;0
2307;0
2308;0
2309;0
2310;0
2311;0
2312;0
2313;0
2314;0
2315;0
2316;0
2317;0
2318;0
2319;0
2320;0
2321;0
2322;0
2323;0
2324;0
2325;0
2326;0
2327;0
2328;0
2329;0
2330;0
2331;0
2332;0
2333;0
2334;0
2335;0
2336;0
2337;0
2338;0
2339;0
2340;0
2341;0
2342;0
2343;0
2344;0
2345;0
2346;0
2347;0
2348;0
2349;0
2350;0
2351;0
2352;0
2353;0
2354;0
2355;0
2356;0
2357;0
2358;0
2359;0
2360;0
2361;0
2362;0
2363;0
2364;0
2365;0
2366;0
2367;0
2368;0
2369;0
2370;0
2371;0
2372;0
2373;0
2374;0
2375;0
2376;0
2377;0
2378;0
2379;0
2380;0
2381;0
2382;0
2383;0
2384;0
2385;0
2386;0
2387;0
2388;0
2389;0
2390;0
2391;0
2392;0
2393;0
2394;0
2395;0
2396;0
2397;0
2398;0
2399;0
2400;0
2401;0
2402;0
2403;0
2404;0
2405;0
2406;0
2407;0
2408;0
2409;0
2410;0
2411;0
2412;0
2413;0
2414;0
2415;0
2416;0
2417;0
2418;0
2419;0
2420;0
2421;0
2422;0
2423;0
2424;0
2425;0
2426;0
2427;0
2428;0
2429;0
2430;0
2431;0
2432;0
2433;0
2434;0
2435;0
2436;0
2437;0
2438;0
2439;0
2440;0
2441;0
2442;0
2443;0
2444;0
2445;0
2446;0
2447;0
2448;0
2449;0
2450;0
2451;0
2452;0
2453;0
2454;0
2455;0
2456;0
2457;0
2458;0
2459;0
2460;0
2461;0
2462;0
2463;0
2464;0
2465;0
2466;0
2467;0
2468;0
2469;0
2470;0
2471;0
2472;0
2473;0
2474;0
2475;0
2476;0
2477;0
2478;0
2479;0
2480;0
2481;0
2482;0
2483;0
2484;0
2485;0
2486;0
2487;0
2488;0
2489;0
2490;0
2491;0
2492;0
2493;0
2494;0
2495;0
2496;0
2497;0
2498;0
2499;0
2500;0
2501;0
2502;0
2503;0
2504;0
2505;0
2506;0
2507;0
2508;0
2509;0
2510;0
2511;0
2512;0
2513;0
2514;0
2515;0
2516;0
2517;0
2518;0
2519;0
2520;0
2521;0
2522;0
2523;0
2524;0
2525;0
2526;0
2527;0
2528;0
2529;0
2530;0
2531;0
2532;0
2533;0
2534;0
2535;0
2536;0
2537;0
2538;0
2539;0
2540;0
2541;0
2542;0
2543;0
2544;0
2545;0
2546;0
2547;0
2548;0
2549;0
2550;0
2551;0
2552;0
2553;0
2554;0
2555;0
2556;0
2557;0
2558;0
2559;0
2560;0
2561;0
2562;0
2563;0
2564;0
2565;0
2566;0
2567;0
2568;0
2569;0
2570;0
2571;0
2572;0
2573;0
2574;0
2575;0
2576;0
2577;0
2578;0
2579;0
2580;0
2581;0
2582;0
2583;0
2584;0
2585;0
2586;0
2587;0
2588;0
2589;0
2590;0
2591;0
2592;0
2593;0
2594;0
2595;0
2596;0
2597;0
2598;0
2599;0
2600;0
2601;0
2602;0
2603;0
2604;0
2605;0
2606;0
2607;0
2608;0
2609;0
2610;0
2611;0
2612;0
2613;0
2614;0
2615;0
2616;0
2617;0
2618;0
2619;0
2620;0
2621;0
2622;0
2623;0
2624;0
2625;0
2626;0
2627;0
2628;0
2629;0
2630;0
2631;0
2632;0
2633;0
2634;0
2635;0
2636;0
2637;0
2638;0
2639;0
2640;0
2641;0
2642;0
2643;0
2644;0
2645;0
2646;0
2647;0
2648;0
2649;0
2650;0
2651;0
2652;0
2653;0
2654;0
2655;0
2656;0
2657;0
2658;0
2659;0
2660;0
2661;0
2662;0
2663;0
2664;0
2665;0
2666;0
2667;0
2668;0
2669;0
2670;0
2671;0
2672;0
2673;0
2674;0
2675;0
2676;0
2677;0
2678;0
2679;0
2680;0
2681;0
2682;0
2683;0
2684;0
2685;0
2686;0
2687;0
2688;0
2689;0
2690;0
2691;0
2692;0
2693;0
2694;0
2695;0
2696;0
2697;0
2698;0
2699;0
2700;0
2701;0
2702;0
2703;0
2704;0
2705;0
2706;0
2707;0
2708;0
2709;0
2710;0
2711;0
2712;0
2713;0
2714;0
2715;0
2716;0
2717;0
2718;0
2719;0
2720;0
2721;0
2722;0
2723;0
2724;0
2725;0
2726;0
2727;0
2728;0
2729;0
2730;0
2731;0
2732;0
2733;0
2734;0
2735;0
2736;0
2737;0
2738;0
2739;0
2740;0
2741;0
2742;0
2743;0
2744;0
2745;0
2746;0
2747;0
2748;0
2749;0
2750;0
2751;0
2752;0
2753;0
2754;0
2755;0
2756;0
2757;0
2758;0
2759;0
2760;0
2761;0
2762;0
2763;0
2764;0
2765;0
2766;0
2767;0
2768;0
2769;0
2770;0
2771;0
2772;0
2773;0
2774;0
2775;0
2776;0
2777;0
2778;0
2779;0
2780;0
2781;0
2782;0
2783;0
2784;0
2785;0
2786;0
2787;0
2788;0
2789;0
2790;0
2791;0
2792;0
2793;0
2794;0
2795;0
2796;0
2797;0
2798;0
2799;0
2800;0
2801;0
2802;0
2803;0
2804;0
2805;0
2806;0
2807;0
2808;0
2809;0
2810;0
2811;0
2812;0
2813;0
2814;0
2815;0
2816;0
2817;0
2818;0
2819;0
2820;0
2821;0
2822;0
2823;0
2824;0
2825;0
2826;0
2827;0
2828;0
2829;0
2830;0
2831;0
2832;0
2833;0
2834;0
2835;0
2836;0
2837;0
2838;0
2839;0
2840;0
2841;0
2842;0
2843;0
2844;0
2845;0
2846;0
2847;0
2848;0
2849;0
2850;0
2851;0
2852;0
2853;0
2854;0
2855;0
2856;0
2857;0
2858;0
2859;0
2860;0
2861;0
2862;0
2863;0
2864;0
2865;0
2866;0
2867;0
2868;0
2869;0
2870;0
2871;0
2872;0
2873;0
2874;0
2875;0
2876;0
2877;0
2878;0
2879;0
2880;0
2881;0
2882;0
2883;0
2884;0
2885;0
2886;0
2887;0
2888;0
2889;0
2890;0
2891;0
2892;0
2893;0
2894;0
2895;0
2896;0
2897;0
2898;0
2899;0
2900;0
2901;0
2902;0
2903;0
2904;0
2905;0
2906;0
2907;0
2908;0
2909;0
2910;0
2911;0
2912;0
2913;0
2914;0
2915;0
2916;0
2917;0
2918;0
2919;0
2920;0
2921;0
2922;0
2923;0
2924;0
2925;0
2926;0
2927;0
2928;0
2929;0
2930;0
2931;0
2932;0
2933;0
2934;0
2935;0
2936;0
2937;0
2938;0
2939;0
2940;0
2941;0
2942;0
2943;0
2944;0
2945;0
2946;0
2947;0
2948;0
2949;0
2950;0
2951;0
2952;0
2953;0
2954;0
2955;0
2956;0
2957;0
2958;0
2959;0
2960;0
2961;0
2962;0
2963;0
2964;0
2965;0
2966;0
2967;0
2968;0
2969;0
2970;0
2971;0
2972;0
2973;0
2974;0
2975;0
2976;0
2977;0
2978;0
2979;0
2980;0
2981;0
2982;0
2983;0
2984;0
2985;0
2986;0
2987;0
2988;0
2989;0
2990;0
2991;0
2992;0
2993;0
2994;0
2995;0
2996;0
2997;0
2998;0
2999;0
3000;0
3001;0
3002;0
3003;0
3004;0
3005;0
3006;0
3007;0
3008;0
3009;0
3010;0
3011;0
3012;0
3013;0
3014;0
3015;0
3016;0
3017;0
3018;0
3019;0
3020;0
3021;0
3022;0
3023;0
3024;0
3025;0
3026;0
3027;0
3028;0
3029;0
3030;0
3031;0
3032;0
3033;0
3034;0
3035;0
3036;0
3037;0
3038;0
3039;0
3040;0
3041;0
3042;0
3043;0
3044;0
3045;0
3046;0
3047;0
3048;0
3049;0
3050;0
3051;0
3052;0
3053;0
3054;0
3055;0
3056;0
3057;0
3058;0
3059;0
3060;0
3061;0
3062;0
3063;0
3064;0
3065;0
3066;0
3067;0
3068;0
3069;0
3070;0
3071;0
3072;0
3073;0
3074;0
3075;0
3076;0
3077;0
3078;0
3079;0
3080;0
3081;0
3082;0
3083;0
3084;0
3085;0
3086;0
3087;0
3088;0
3089;0
3090;0
3091;0
3092;0
3093;0
3094;0
3095;0
3096;0
3097;0
3098;0
3099;0
3100;0
3101;0
3102;0
3103;0
3104;0
3105;0
3106;0
3107;0
3108;0
3109;0
3110;0
3111;0
3112;0
3113;0
3114;0
3115;0
3116;0
3117;0
3118;0
3119;0
3120;0
3121;0
3122;0
3123;0
3124;0
3125;0
3126;0
3127;0
3128;0
3129;0
3130;0
3131;0
3132;0
3133;0
3134;0
3135;0
3136;0
3137;0
3138;0
3139;0
3140;0
3141;0
3142;0
3143;0
3144;0
3145;0
3146;0
3147;0
3148;0
3149;0
3150;0
3151;0
3152;0
3153;0
3154;0
3155;0
3156;0
3157;0
3158;0
3159;0
3160;0
3161;0
3162;0
3163;0
3164;0
3165;0
3166;0
3167;0
3168;0
3169;0
3170;0
3171;0
3172;0
3173;0
3174;0
3175;0
3176;0
3177;0
3178;0
3179;0
3180;0
3181;0
3182;0
3183;0
3184;0
3185;0
3186;0
3187;0
3188;0
3189;0
3190;0
3191;0
3192;0
3193;0
3194;0
3195;0
3196;0
3197;0
3198;0
3199;0
3200;0
3201;0
3202;0
3203;0
3204;0
3205;0
3206;0
3207;0
3208;0
3209;0
3210;0
3211;0
3212;0
3213;0
3214;0
3215;0
3216;0
3217;0
3218;0
3219;0
3220;0
3221;0
3222;0
3223;0
3224;0
3225;0
3226;0
3227;0
3228;0
3229;0
3230;0
3231;0
3232;0
3233;0
3234;0
3235;0
3236;0
3237;0
3238;0
3239;0
3240;0
3241;0
3242;0
3243;0
3244;0
3245;0
3246;0
3247;0
3248;0
3249;0
3250;0
3251;0
3252;0
3253;0
3254;0
3255;0
3256;0
3257;0
3258;0
3259;0
3260;0
3261;0
3262;0
3263;0
3264;0
3265;0
3266;0
3267;0
3268;0
3269;0
3270;0
3271;0
3272;0
3273;0
3274;0
3275;0
3276;0
3277;0
3278;0
3279;0
3280;0
3281;0
3282;0
3283;0
3284;0
3285;0
3286;0
3287;0
3288;0
3289;0
3290;0
3291;0
3292;0
3293;0
3294;0
3295;0
3296;0
3297;0
3298;0
3299;0
3300;0
3301;0
3302;0
3303;0
3304;0
3305;0
3306;0
3307;0
3308;0
3309;0
3310;0
3311;0
3312;0
3313;0
3314;0
3315;0
3316;0
3317;0
3318;0
3319;0
3320;0
3321;0
3322;0
3323;0
3324;0
3325;0
3326;0
3327;0
3328;0
3329;0
3330;0
3331;0
3332;0
3333;0
3334;0
3335;0
3336;0
3337;0
3338;0
3339;0
3340;0
3341;0
3342;0
3343;0
3344;0
3345;0
3346;0
3347;0
3348;0
3349;0
3350;0
3351;0
3352;0
3353;0
3354;0
3355;0
3356;0
3357;0
3358;0
3359;0
3360;0
3361;0
3362;0
3363;0
3364;0
3365;0
3366;0
3367;0
3368;0
3369;0
3370;0
3371;0
3372;0
3373;0
3374;0
3375;0
3376;0
3377;0
3378;0
3379;0
3380;0
3381;0
3382;0
3383;0
3384;0
3385;0
3386;0
3387;0
3388;0
3389;0
3390;0
3391;0
3392;0
3393;0
3394;0
3395;0
3396;0
3397;0
3398;0
3399;0
3400;0
3401;0
3402;0
3403;0
3404;0
3405;0
3406;0
3407;0
3408;0
3409;0
3410;0
3411;0
3412;0
3413;0
3414;0
3415;0
3416;0
3417;0
3418;0
3419;0
3420;0
3421;0
3422;0
3423;0
3424;0
3425;0
3426;0
3427;0
3428;0
3429;0
3430;0
3431;0
3432;0
3433;0
3434;0
3435;0
3436;0
3437;0
3438;0
3439;0
3440;0
3441;0
3442;0
3443;0
3444;0
3445;0
3446;0
3447;0
3448;0
3449;0
3450;0
3451;0
3452;0
3453;0
3454;0
3455;0
3456;0
3457;0
3458;0
3459;0
3460;0
3461;0
3462;0
3463;0
3464;0
3465;0
3466;0
3467;0
3468;0
3469;0
3470;0
3471;0
3472;0
3473;0
3474;0
3475;0
3476;0
3477;0
3478;0
3479;0
3480;0
3481;0
3482;0
3483;0
3484;0
3485;0
3486;0
3487;0
3488;0
3489;0
3490;0
3491;0
3492;0
3493;0
3494;0
3495;0
3496;0
3497;0
3498;0
3499;0
3500;0
3501;0
3502;0
3503;0
3504;0
3505;0
3506;0
3507;0
3508;0
3509;0
3510;0
3511;0
3512;0
3513;0
3514;0
3515;0
3516;0
3517;0
3518;0
3519;0
3520;0
3521;0
3522;0
3523;0
3524;0
3525;0
3526;0
3527;0
3528;0
3529;0
3530;0
3531;0
3532;0
3533;0
3534;0
3535;0
3536;0
3537;0
3538;0
3539;0
3540;0
3541;0
3542;0
3543;0
3544;0
3545;0
3546;0
3547;0
3548;0
3549;0
3550;0
3551;0
3552;0
3553;0
3554;0
3555;0
3556;0
3557;0
3558;0
3559;0
3560;0
3561;0
3562;0
3563;0
3564;0
3565;0
3566;0
3567;0
3568;0
3569;0
3570;0
3571;0
3572;0
3573;0
3574;0
3575;0
3576;0
3577;0
3578;0
3579;0
3580;0
3581;0
3582;0
3583;0
3584;0
3585;0
3586;0
3587;0
3588;0
3589;0
3590;0
3591;0
3592;0
3593;0
3594;0
3595;0
3596;0
3597;0
3598;0
3599;0
3600;0
3601;0
3602;0
3603;0
3604;0
3605;0
3606;0
3607;0
3608;0
3609;0
3610;0
3611;0
3612;0
3613;0
3614;0
3615;0
3616;0
3617;0
3618;0
3619;0
3620;0
3621;0
3622;0
3623;0
3624;0
3625;0
3626;0
3627;0
3628;0
3629;0
3630;0
3631;0
3632;0
3633;0
3634;0
3635;0
3636;0
3637;0
3638;0
3639;0
3640;0
3641;0
3642;0
3643;0
3644;0
3645;0
3646;0
3647;0
3648;0
3649;0
3650;0
3651;0
3652;0
3653;0
3654;0
3655;0
3656;0
3657;0
3658;0
3659;0
3660;0
3661;0
3662;0
3663;0
3664;0
3665;0
3666;0
3667;0
3668;0
3669;0
3670;0
3671;0
3672;0
3673;0
3674;0
3675;0
3676;0
3677;0
3678;0
3679;0
3680;0
3681;0
3682;0
3683;0
3684;0
3685;0
3686;0
3687;0
3688;0
3689;0
3690;0
3691;0
3692;0
3693;0
3694;0
3695;0
3696;0
3697;0
3698;0
3699;0
3700;0
3701;0
3702;0
3703;0
3704;0
3705;0
3706;0
3707;0
3708;0
3709;0
3710;0
3711;0
3712;0
3713;0
3714;0
3715;0
3716;0
3717;0
3718;0
3719;0
3720;0
3721;0
3722;0
3723;0
3724;0
3725;0
3726;0
3727;0
3728;0
3729;0
3730;0
3731;0
3732;0
3733;0
3734;0
3735;0
3736;0
3737;0
3738;0
3739;0
3740;0
3741;0
3742;0
3743;0
3744;0
3745;0
3746;0
3747;0
3748;0
3749;0
3750;0
3751;0
3752;0
3753;0
3754;0
3755;0
3756;0
3757;0
3758;0
3759;0
3760;0
3761;0
3762;0
3763;0
3764;0
3765;0
3766;0
3767;0
3768;0
3769;0
3770;0
3771;0
3772;0
3773;0
3774;0
3775;0
3776;0
3777;0
3778;0
3779;0
3780;0
3781;0
3782;0
3783;0
3784;0
3785;0
3786;0
3787;0
3788;0
3789;0
3790;0
3791;0
3792;0
3793;0
3794;0
3795;0
3796;0
3797;0
3798;0
3799;0
3800;0
3801;0
3802;0
3803;0
3804;0
3805;0
3806;0
3807;0
3808;0
3809;0
3810;0
3811;0
3812;0
3813;0
3814;0
3815;0
3816;0
3817;0
3818;0
3819;0
3820;0
3821;0
3822;0
3823;0
3824;0
3825;0
3826;0
3827;0
3828;0
3829;0
3830;0
3831;0
3832;0
3833;0
3834;0
3835;0
3836;0
3837;0
3838;0
3839;0
3840;0
3841;0
3842;0
3843;0
3844;0
3845;0
3846;0
3847;0
3848;0
3849;0
3850;0
3851;0
3852;0
3853;0
3854;0
3855;0
3856;0
3857;0
3858;0
3859;0
3860;0
3861;0
3862;0
3863;0
3864;0
3865;0
3866;0
3867;0
3868;0
3869;0
3870;0
3871;0
3872;0
3873;0
3874;0
3875;0
3876;0
3877;0
3878;0
3879;0
3880;0
3881;0
3882;0
3883;0
3884;0
3885;0
3886;0
3887;0
3888;0
3889;0
3890;0
3891;0
3892;0
3893;0
3894;0
3895;0
3896;0
3897;0
3898;0
3899;0
3900;0
3901;0
3902;0
3903;0
3904;0
3905;0
3906;0
3907;0
3908;0
3909;0
3910;0
3911;0
3912;0
3913;0
3914;0
3915;0
3916;0
3917;0
3918;0
3919;0
3920;0
3921;0
3922;0
3923;0
3924;0
3925;0
3926;0
3927;0
3928;0
3929;0
3930;0
3931;0
3932;0
3933;0
3934;0
3935;0
3936;0
3937;0
3938;0
3939;0
3940;0
3941;0
3942;0
3943;0
3944;0
3945;0
3946;0
3947;0
3948;0
3949;0
3950;0
3951;0
3952;0
3953;0
3954;0
3955;0
3956;0
3957;0
3958;0
3959;0
3960;0
3961;0
3962;0
3963;0
3964;0
3965;0
3966;0
3967;0
3968;0
3969;0
3970;0
3971;0
3972;0
3973;0
3974;0
3975;0
3976;0
3977;0
3978;0
3979;0
3980;0
3981;0
3982;0
3983;0
3984;0
3985;0
3986;0
3987;0
3988;0
3989;0
3990;0
3991;0
3992;0
3993;0
3994;0
3995;0
3996;0
3997;0
3998;0
3999;0
4000;0
4001;0
4002;0
4003;0
4004;0
4005;0
4006;0
4007;0
4008;0
4009;0
4010;0
4011;0
4012;0
4013;0
4014;0
4015;0
4016;0
4017;0
4018;0
4019;0
4020;0
4021;0
4022;0
4023;0
4024;0
4025;0
4026;0
4027;0
4028;0
4029;0
4030;0
4031;0
4032;0
4033;0
4034;0
4035;0
4036;0
4037;0
4038;0
4039;0
4040;0
4041;0
4042;0
4043;0
4044;0
4045;0
4046;0
4047;0
4048;0
4049;0
4050;0
4051;0
4052;0
4053;0
4054;0
4055;0
4056;0
4057;0
4058;0
4059;0
4060;0
4061;0
4062;0
4063;0
4064;0
4065;0
4066;0
4067;0
4068;0
4069;0
4070;0
4071;0
4072;0
4073;0
4074;0
4075;0
4076;0
4077;0
4078;0
4079;0
4080;0
4081;0
4082;0
4083;0
4084;0
4085;0
4086;0
4087;0
4088;0
4089;0
4090;0
4091;0
4092;0
4093;0
4094;0
4095;0
4096;0
