L 64,p 0.588200,Z 100000
/* Tamanio de cluster; Ocurrencias de cada tamaño de cluster */
1;7555467
2;1637609
3;980215
4;638631
5;448949
6;331039
7;256140
8;204152
9;167114
10;140051
11;119477
12;103007
13;89514
14;77864
15;69736
16;62187
17;56409
18;51009
19;46238
20;42419
21;38892
22;35668
23;33193
24;30738
25;28732
26;26835
27;25417
28;23455
29;22212
30;21056
31;19842
32;18787
33;17661
34;17110
35;16000
36;15205
37;14597
38;13929
39;13293
40;12859
41;12214
42;11744
43;11227
44;10774
45;10416
46;10164
47;9658
48;9434
49;8934
50;8692
51;8302
52;8039
53;7837
54;7551
55;7290
56;7017
57;6907
58;6785
59;6695
60;6343
61;6109
62;5936
63;5696
64;5681
65;5559
66;5399
67;5132
68;5091
69;4959
70;4875
71;4694
72;4517
73;4473
74;4365
75;4271
76;4165
77;4046
78;3943
79;4034
80;3834
81;3738
82;3715
83;3628
84;3584
85;3446
86;3432
87;3395
88;3286
89;3244
90;3174
91;3106
92;2942
93;2986
94;2968
95;2954
96;2816
97;2774
98;2730
99;2663
100;2547
101;2646
102;2585
103;2529
104;2439
105;2455
106;2389
107;2274
108;2259
109;2263
110;2322
111;2177
112;2209
113;2096
114;2126
115;2122
116;1970
117;1999
118;1992
119;1946
120;1881
121;1812
122;1809
123;1814
124;1747
125;1801
126;1817
127;1798
128;1771
129;1725
130;1671
131;1655
132;1617
133;1576
134;1663
135;1593
136;1547
137;1504
138;1586
139;1536
140;1446
141;1436
142;1411
143;1461
144;1442
145;1441
146;1410
147;1313
148;1410
149;1329
150;1283
151;1233
152;1287
153;1337
154;1288
155;1212
156;1221
157;1190
158;1219
159;1286
160;1196
161;1110
162;1150
163;1110
164;1188
165;1092
166;1125
167;1124
168;1098
169;1070
170;1101
171;1087
172;1053
173;1098
174;1084
175;1114
176;932
177;1028
178;985
179;958
180;1014
181;973
182;960
183;954
184;949
185;884
186;958
187;929
188;906
189;921
190;864
191;797
192;875
193;878
194;836
195;861
196;864
197;825
198;872
199;818
200;850
201;840
202;785
203;852
204;877
205;761
206;768
207;772
208;761
209;756
210;743
211;781
212;777
213;769
214;708
215;766
216;730
217;708
218;698
219;723
220;714
221;702
222;679
223;679
224;665
225;647
226;625
227;688
228;652
229;675
230;658
231;686
232;652
233;649
234;608
235;704
236;627
237;653
238;626
239;577
240;618
241;553
242;635
243;565
244;664
245;596
246;595
247;581
248;592
249;558
250;578
251;605
252;572
253;577
254;543
255;545
256;545
257;536
258;537
259;507
260;501
261;580
262;522
263;488
264;513
265;535
266;526
267;507
268;499
269;480
270;503
271;534
272;474
273;492
274;481
275;446
276;501
277;447
278;455
279;435
280;457
281;448
282;465
283;476
284;480
285;430
286;458
287;425
288;410
289;473
290;462
291;419
292;481
293;439
294;473
295;409
296;453
297;443
298;405
299;425
300;441
301;436
302;427
303;433
304;445
305;430
306;408
307;386
308;404
309;391
310;426
311;394
312;418
313;404
314;372
315;372
316;393
317;372
318;357
319;421
320;376
321;385
322;396
323;369
324;400
325;391
326;369
327;382
328;382
329;344
330;379
331;385
332;366
333;370
334;346
335;345
336;341
337;375
338;334
339;362
340;332
341;359
342;333
343;353
344;355
345;345
346;318
347;339
348;329
349;328
350;338
351;326
352;329
353;338
354;314
355;316
356;327
357;312
358;309
359;275
360;350
361;317
362;339
363;311
364;320
365;297
366;311
367;278
368;288
369;309
370;301
371;327
372;275
373;292
374;302
375;295
376;271
377;258
378;272
379;317
380;306
381;265
382;269
383;287
384;292
385;277
386;284
387;273
388;310
389;280
390;290
391;290
392;297
393;258
394;277
395;252
396;262
397;252
398;246
399;240
400;262
401;279
402;237
403;289
404;282
405;238
406;253
407;233
408;242
409;235
410;241
411;253
412;235
413;269
414;238
415;263
416;265
417;251
418;277
419;244
420;218
421;278
422;221
423;239
424;253
425;254
426;221
427;243
428;262
429;242
430;210
431;239
432;253
433;238
434;202
435;236
436;254
437;234
438;225
439;236
440;252
441;215
442;255
443;209
444;246
445;211
446;239
447;217
448;226
449;212
450;229
451;202
452;209
453;208
454;193
455;218
456;240
457;198
458;234
459;208
460;225
461;181
462;202
463;203
464;202
465;206
466;197
467;223
468;198
469;190
470;208
471;208
472;195
473;210
474;180
475;208
476;218
477;198
478;177
479;189
480;173
481;202
482;191
483;184
484;192
485;182
486;179
487;196
488;173
489;189
490;193
491;189
492;184
493;180
494;213
495;186
496;168
497;168
498;181
499;192
500;189
501;161
502;162
503;172
504;210
505;170
506;191
507;155
508;172
509;166
510;164
511;172
512;186
513;174
514;179
515;183
516;167
517;174
518;167
519;159
520;181
521;153
522;174
523;180
524;164
525;191
526;155
527;153
528;157
529;164
530;186
531;160
532;168
533;164
534;161
535;158
536;177
537;160
538;174
539;135
540;173
541;172
542;161
543;184
544;181
545;166
546;139
547;150
548;184
549;153
550;133
551;147
552;149
553;152
554;161
555;154
556;152
557;175
558;146
559;143
560;160
561;162
562;163
563;141
564;149
565;157
566;172
567;152
568;129
569;155
570;151
571;142
572;154
573;138
574;143
575;157
576;139
577;166
578;135
579;149
580;155
581;142
582;134
583;144
584;130
585;132
586;151
587;148
588;111
589;154
590;150
591;140
592;135
593;128
594;137
595;122
596;121
597;148
598;126
599;136
600;133
601;152
602;127
603;108
604;137
605;138
606;130
607;173
608;157
609;137
610;148
611;126
612;134
613;140
614;135
615;145
616;139
617;151
618;123
619;145
620;133
621;144
622;125
623;139
624;132
625;124
626;127
627;131
628;134
629;127
630;146
631;107
632;134
633;125
634;165
635;132
636;135
637;127
638;105
639;139
640;127
641;127
642;126
643;139
644;117
645;134
646;121
647;121
648;95
649;128
650;106
651;123
652;127
653;104
654;111
655;112
656;113
657;112
658;127
659;89
660;105
661;117
662;119
663;126
664;102
665;131
666;107
667;117
668;111
669;142
670;99
671;110
672;108
673;133
674;107
675;107
676;101
677;111
678;104
679;88
680;92
681;102
682;133
683;110
684;120
685;111
686;123
687;90
688;111
689;101
690;101
691;92
692;126
693;105
694;115
695;124
696;119
697;95
698;113
699;111
700;102
701;101
702;113
703;105
704;95
705;93
706;122
707;103
708;120
709;107
710;116
711;113
712;104
713;88
714;106
715;107
716;118
717;103
718;119
719;103
720;90
721;108
722;94
723;89
724;98
725;105
726;100
727;105
728;83
729;92
730;97
731;98
732;95
733;104
734;100
735;90
736;90
737;93
738;99
739;86
740;92
741;90
742;89
743;91
744;95
745;99
746;107
747;92
748;101
749;86
750;93
751;85
752;82
753;98
754;80
755;100
756;102
757;88
758;98
759;104
760;76
761;91
762;82
763;98
764;101
765;83
766;79
767;101
768;92
769;99
770;91
771;80
772;72
773;91
774;83
775;97
776;80
777;86
778;74
779;82
780;107
781;95
782;91
783;82
784;85
785;94
786;96
787;79
788;85
789;77
790;97
791;77
792;95
793;73
794;74
795;80
796;96
797;106
798;93
799;97
800;91
801;83
802;74
803;74
804;98
805;89
806;91
807;73
808;69
809;67
810;68
811;71
812;96
813;89
814;74
815;77
816;87
817;84
818;77
819;80
820;66
821;79
822;83
823;72
824;79
825;56
826;79
827;65
828;83
829;70
830;86
831;79
832;80
833;70
834;75
835;73
836;82
837;76
838;78
839;75
840;73
841;92
842;78
843;74
844;65
845;83
846;83
847;78
848;86
849;55
850;81
851;75
852;75
853;66
854;64
855;82
856;66
857;60
858;68
859;86
860;75
861;60
862;75
863;55
864;78
865;60
866;76
867;74
868;78
869;80
870;84
871;68
872;71
873;77
874;65
875;80
876;67
877;67
878;67
879;79
880;65
881;81
882;67
883;71
884;75
885;79
886;81
887;84
888;82
889;74
890;80
891;58
892;82
893;58
894;69
895;66
896;53
897;60
898;56
899;65
900;63
901;79
902;74
903;67
904;60
905;62
906;58
907;80
908;65
909;65
910;59
911;68
912;84
913;68
914;65
915;68
916;62
917;84
918;50
919;63
920;72
921;65
922;66
923;67
924;73
925;67
926;86
927;58
928;73
929;50
930;49
931;71
932;66
933;72
934;77
935;81
936;43
937;54
938;54
939;72
940;70
941;53
942;71
943;75
944;72
945;55
946;64
947;50
948;65
949;64
950;74
951;62
952;52
953;64
954;62
955;53
956;59
957;51
958;53
959;51
960;63
961;50
962;52
963;57
964;53
965;59
966;61
967;48
968;49
969;62
970;59
971;54
972;43
973;53
974;66
975;63
976;69
977;62
978;56
979;49
980;54
981;47
982;67
983;53
984;47
985;51
986;54
987;42
988;56
989;62
990;53
991;63
992;57
993;66
994;56
995;43
996;56
997;58
998;62
999;56
1000;54
1001;50
1002;51
1003;62
1004;54
1005;52
1006;59
1007;47
1008;46
1009;59
1010;60
1011;55
1012;52
1013;51
1014;58
1015;44
1016;54
1017;53
1018;45
1019;48
1020;57
1021;45
1022;52
1023;51
1024;54
1025;50
1026;58
1027;44
1028;46
1029;68
1030;47
1031;53
1032;73
1033;60
1034;52
1035;50
1036;56
1037;53
1038;45
1039;44
1040;49
1041;41
1042;56
1043;57
1044;40
1045;54
1046;51
1047;56
1048;39
1049;49
1050;60
1051;41
1052;44
1053;38
1054;51
1055;51
1056;60
1057;48
1058;40
1059;40
1060;42
1061;41
1062;47
1063;46
1064;55
1065;44
1066;44
1067;48
1068;48
1069;51
1070;36
1071;39
1072;52
1073;43
1074;44
1075;47
1076;41
1077;44
1078;44
1079;41
1080;44
1081;41
1082;56
1083;50
1084;38
1085;37
1086;50
1087;42
1088;49
1089;35
1090;35
1091;45
1092;51
1093;48
1094;42
1095;38
1096;51
1097;36
1098;45
1099;46
1100;39
1101;45
1102;46
1103;42
1104;40
1105;39
1106;33
1107;50
1108;35
1109;41
1110;31
1111;36
1112;34
1113;47
1114;37
1115;41
1116;44
1117;59
1118;43
1119;47
1120;46
1121;36
1122;38
1123;45
1124;27
1125;33
1126;49
1127;35
1128;39
1129;33
1130;45
1131;50
1132;34
1133;39
1134;42
1135;34
1136;50
1137;49
1138;37
1139;31
1140;41
1141;41
1142;20
1143;38
1144;51
1145;33
1146;40
1147;37
1148;45
1149;39
1150;39
1151;37
1152;47
1153;37
1154;50
1155;30
1156;31
1157;29
1158;24
1159;38
1160;38
1161;32
1162;43
1163;39
1164;34
1165;29
1166;33
1167;46
1168;34
1169;35
1170;52
1171;37
1172;24
1173;41
1174;24
1175;41
1176;23
1177;32
1178;30
1179;32
1180;29
1181;50
1182;45
1183;43
1184;29
1185;37
1186;25
1187;44
1188;37
1189;31
1190;28
1191;41
1192;35
1193;25
1194;39
1195;39
1196;30
1197;31
1198;28
1199;20
1200;32
1201;27
1202;29
1203;23
1204;19
1205;33
1206;28
1207;39
1208;23
1209;32
1210;26
1211;29
1212;30
1213;41
1214;27
1215;33
1216;41
1217;37
1218;33
1219;34
1220;22
1221;43
1222;32
1223;37
1224;33
1225;27
1226;38
1227;24
1228;36
1229;33
1230;38
1231;24
1232;25
1233;25
1234;18
1235;30
1236;27
1237;18
1238;32
1239;34
1240;28
1241;27
1242;42
1243;37
1244;20
1245;18
1246;28
1247;24
1248;26
1249;25
1250;30
1251;29
1252;38
1253;28
1254;34
1255;39
1256;24
1257;25
1258;26
1259;23
1260;24
1261;26
1262;25
1263;25
1264;23
1265;27
1266;34
1267;24
1268;32
1269;34
1270;34
1271;31
1272;33
1273;32
1274;37
1275;31
1276;25
1277;31
1278;28
1279;29
1280;19
1281;24
1282;26
1283;30
1284;25
1285;17
1286;16
1287;20
1288;25
1289;24
1290;26
1291;31
1292;25
1293;30
1294;22
1295;26
1296;31
1297;29
1298;25
1299;23
1300;31
1301;23
1302;27
1303;24
1304;21
1305;12
1306;22
1307;23
1308;25
1309;18
1310;27
1311;20
1312;27
1313;18
1314;23
1315;20
1316;24
1317;19
1318;21
1319;27
1320;19
1321;18
1322;31
1323;24
1324;12
1325;17
1326;11
1327;20
1328;18
1329;19
1330;13
1331;24
1332;17
1333;24
1334;21
1335;23
1336;26
1337;15
1338;23
1339;10
1340;17
1341;11
1342;26
1343;12
1344;25
1345;20
1346;18
1347;15
1348;16
1349;22
1350;13
1351;19
1352;20
1353;19
1354;26
1355;14
1356;20
1357;23
1358;20
1359;21
1360;29
1361;17
1362;22
1363;18
1364;13
1365;20
1366;19
1367;18
1368;18
1369;26
1370;20
1371;19
1372;15
1373;12
1374;16
1375;15
1376;17
1377;12
1378;20
1379;16
1380;15
1381;13
1382;25
1383;21
1384;22
1385;16
1386;9
1387;21
1388;16
1389;21
1390;15
1391;17
1392;14
1393;16
1394;14
1395;17
1396;9
1397;13
1398;16
1399;13
1400;26
1401;11
1402;13
1403;12
1404;24
1405;13
1406;14
1407;19
1408;21
1409;8
1410;18
1411;9
1412;21
1413;20
1414;20
1415;8
1416;12
1417;18
1418;19
1419;9
1420;20
1421;16
1422;11
1423;16
1424;11
1425;12
1426;23
1427;10
1428;21
1429;13
1430;11
1431;17
1432;11
1433;13
1434;13
1435;10
1436;24
1437;18
1438;16
1439;18
1440;15
1441;11
1442;19
1443;10
1444;11
1445;10
1446;18
1447;11
1448;19
1449;17
1450;13
1451;12
1452;12
1453;13
1454;9
1455;16
1456;10
1457;7
1458;10
1459;9
1460;14
1461;10
1462;13
1463;3
1464;11
1465;14
1466;10
1467;10
1468;8
1469;12
1470;12
1471;9
1472;11
1473;9
1474;12
1475;12
1476;6
1477;4
1478;12
1479;12
1480;6
1481;11
1482;14
1483;12
1484;12
1485;14
1486;11
1487;14
1488;7
1489;11
1490;8
1491;12
1492;9
1493;8
1494;18
1495;10
1496;7
1497;7
1498;8
1499;7
1500;11
1501;9
1502;6
1503;12
1504;6
1505;8
1506;10
1507;10
1508;9
1509;7
1510;6
1511;7
1512;9
1513;8
1514;16
1515;11
1516;8
1517;9
1518;9
1519;7
1520;13
1521;8
1522;8
1523;13
1524;5
1525;8
1526;5
1527;9
1528;8
1529;9
1530;5
1531;12
1532;7
1533;9
1534;6
1535;7
1536;12
1537;7
1538;7
1539;13
1540;5
1541;10
1542;7
1543;6
1544;13
1545;4
1546;9
1547;6
1548;4
1549;8
1550;4
1551;6
1552;10
1553;10
1554;9
1555;4
1556;8
1557;7
1558;9
1559;4
1560;6
1561;5
1562;7
1563;6
1564;6
1565;7
1566;2
1567;15
1568;7
1569;3
1570;2
1571;5
1572;6
1573;9
1574;7
1575;4
1576;11
1577;5
1578;3
1579;2
1580;5
1581;3
1582;3
1583;3
1584;9
1585;7
1586;10
1587;9
1588;5
1589;4
1590;6
1591;10
1592;3
1593;7
1594;7
1595;3
1596;7
1597;5
1598;10
1599;8
1600;6
1601;7
1602;7
1603;3
1604;2
1605;5
1606;5
1607;3
1608;2
1609;6
1610;3
1611;3
1612;4
1613;4
1614;5
1615;7
1616;5
1617;7
1618;1
1619;4
1620;3
1621;5
1622;1
1623;8
1624;1
1625;8
1626;4
1627;3
1628;4
1629;4
1630;6
1631;2
1632;3
1633;6
1634;5
1635;7
1636;4
1637;5
1638;1
1639;3
1640;3
1641;3
1642;3
1643;7
1644;3
1645;9
1646;2
1647;2
1648;2
1649;4
1650;3
1651;2
1652;3
1653;4
1654;6
1655;7
1656;3
1657;2
1658;0
1659;3
1660;3
1661;6
1662;3
1663;3
1664;3
1665;3
1666;2
1667;3
1668;2
1669;2
1670;7
1671;3
1672;4
1673;6
1674;4
1675;2
1676;3
1677;3
1678;3
1679;3
1680;3
1681;3
1682;0
1683;0
1684;0
1685;2
1686;2
1687;1
1688;3
1689;1
1690;3
1691;2
1692;4
1693;1
1694;3
1695;7
1696;3
1697;3
1698;1
1699;1
1700;2
1701;3
1702;1
1703;1
1704;2
1705;1
1706;1
1707;3
1708;2
1709;3
1710;4
1711;3
1712;1
1713;1
1714;1
1715;1
1716;0
1717;3
1718;3
1719;5
1720;3
1721;2
1722;0
1723;0
1724;1
1725;0
1726;2
1727;2
1728;2
1729;0
1730;1
1731;0
1732;0
1733;1
1734;2
1735;2
1736;2
1737;0
1738;0
1739;4
1740;0
1741;1
1742;1
1743;2
1744;2
1745;1
1746;4
1747;2
1748;2
1749;3
1750;1
1751;2
1752;0
1753;0
1754;1
1755;0
1756;1
1757;0
1758;1
1759;1
1760;2
1761;1
1762;0
1763;2
1764;1
1765;1
1766;1
1767;1
1768;1
1769;0
1770;2
1771;1
1772;0
1773;0
1774;2
1775;2
1776;1
1777;1
1778;0
1779;0
1780;1
1781;0
1782;1
1783;2
1784;3
1785;2
1786;3
1787;0
1788;2
1789;0
1790;0
1791;0
1792;0
1793;1
1794;1
1795;1
1796;1
1797;1
1798;2
1799;2
1800;0
1801;1
1802;2
1803;0
1804;3
1805;2
1806;1
1807;1
1808;0
1809;0
1810;0
1811;2
1812;1
1813;1
1814;1
1815;0
1816;0
1817;2
1818;1
1819;0
1820;0
1821;0
1822;1
1823;0
1824;0
1825;0
1826;0
1827;1
1828;1
1829;0
1830;2
1831;1
1832;1
1833;1
1834;1
1835;0
1836;0
1837;0
1838;1
1839;0
1840;0
1841;0
1842;0
1843;0
1844;0
1845;1
1846;0
1847;1
1848;0
1849;0
1850;0
1851;1
1852;0
1853;1
1854;1
1855;0
1856;0
1857;0
1858;0
1859;1
1860;0
1861;0
1862;0
1863;0
1864;0
1865;1
1866;0
1867;0
1868;0
1869;0
1870;1
1871;0
1872;0
1873;2
1874;0
1875;0
1876;0
1877;0
1878;0
1879;0
1880;0
1881;0
1882;0
1883;0
1884;0
1885;0
1886;0
1887;0
1888;0
1889;0
1890;0
1891;0
1892;0
1893;0
1894;0
1895;0
1896;0
1897;0
1898;0
1899;0
1900;0
1901;0
1902;0
1903;0
1904;0
1905;0
1906;0
1907;0
1908;0
1909;0
1910;1
1911;0
1912;0
1913;0
1914;0
1915;0
1916;0
1917;0
1918;0
1919;1
1920;0
1921;0
1922;0
1923;0
1924;0
1925;0
1926;0
1927;0
1928;0
1929;0
1930;0
1931;0
1932;0
1933;0
1934;0
1935;0
1936;0
1937;0
1938;0
1939;0
1940;0
1941;0
1942;0
1943;1
1944;1
1945;0
1946;0
1947;0
1948;0
1949;0
1950;0
1951;0
1952;0
1953;0
1954;0
1955;0
1956;0
1957;0
1958;1
1959;0
1960;0
1961;0
1962;0
1963;0
1964;0
1965;0
1966;0
1967;0
1968;0
1969;0
1970;0
1971;0
1972;0
1973;0
1974;0
1975;0
1976;0
1977;0
1978;0
1979;0
1980;0
1981;0
1982;0
1983;0
1984;0
1985;0
1986;0
1987;0
1988;0
1989;0
1990;0
1991;0
1992;0
1993;0
1994;0
1995;0
1996;0
1997;0
1998;0
1999;0
2000;0
2001;0
2002;0
2003;0
2004;0
2005;0
2006;0
2007;0
2008;0
2009;0
2010;0
2011;0
2012;0
2013;0
2014;0
2015;1
2016;0
2017;0
2018;0
2019;1
2020;0
2021;0
2022;0
2023;0
2024;0
2025;0
2026;0
2027;0
2028;0
2029;0
2030;0
2031;0
2032;0
2033;0
2034;0
2035;0
2036;0
2037;0
2038;0
2039;0
2040;0
2041;0
2042;0
2043;0
2044;0
2045;0
2046;0
2047;0
2048;0
2049;0
2050;0
2051;0
2052;0
2053;0
2054;0
2055;0
2056;0
2057;0
2058;0
2059;0
2060;0
2061;0
2062;0
2063;0
2064;0
2065;0
2066;0
2067;0
2068;0
2069;0
2070;0
2071;0
2072;0
2073;0
2074;0
2075;0
2076;0
2077;0
2078;0
2079;0
2080;0
2081;0
2082;0
2083;0
2084;0
2085;0
2086;0
2087;0
2088;0
2089;0
2090;0
2091;0
2092;0
2093;0
2094;0
2095;0
2096;0
2097;0
2098;0
2099;0
2100;0
2101;0
2102;0
2103;0
2104;0
2105;0
2106;0
2107;0
2108;0
2109;0
2110;0
2111;0
2112;0
2113;0
2114;0
2115;0
2116;0
2117;0
2118;0
2119;0
2120;0
2121;0
2122;0
2123;0
2124;0
2125;0
2126;0
2127;0
2128;0
2129;0
2130;0
2131;0
2132;0
2133;0
2134;0
2135;0
2136;0
2137;0
2138;0
2139;0
2140;0
2141;0
2142;0
2143;0
2144;0
2145;0
2146;0
2147;0
2148;0
2149;0
2150;0
2151;0
2152;0
2153;0
2154;0
2155;0
2156;0
2157;0
2158;0
2159;0
2160;0
2161;0
2162;0
2163;0
2164;0
2165;0
2166;0
2167;0
2168;0
2169;0
2170;0
2171;0
2172;0
2173;0
2174;0
2175;0
2176;0
2177;0
2178;0
2179;0
2180;0
2181;0
2182;0
2183;0
2184;0
2185;0
2186;0
2187;0
2188;0
2189;0
2190;0
2191;0
2192;0
2193;0
2194;0
2195;0
2196;0
2197;0
2198;0
2199;0
2200;0
2201;0
2202;0
2203;0
2204;0
2205;0
2206;0
2207;0
2208;0
2209;0
2210;0
2211;0
2212;0
2213;0
2214;0
2215;0
2216;0
2217;0
2218;0
2219;0
2220;0
2221;0
2222;0
2223;0
2224;0
2225;0
2226;0
2227;0
2228;0
2229;0
2230;0
2231;0
2232;0
2233;0
2234;0
2235;0
2236;0
2237;0
2238;0
2239;0
2240;0
2241;0
2242;0
2243;0
2244;0
2245;0
2246;0
2247;0
2248;0
2249;0
2250;0
2251;0
2252;0
2253;0
2254;0
2255;0
2256;0
2257;0
2258;0
2259;0
2260;0
2261;0
2262;0
2263;0
2264;0
2265;0
2266;0
2267;0
2268;0
2269;0
2270;0
2271;0
2272;0
2273;0
2274;0
2275;0
2276;0
2277;0
2278;0
2279;0
2280;0
2281;0
2282;0
2283;0
2284;0
2285;0
2286;0
2287;0
2288;0
2289;0
2290;0
2291;0
2292;0
2293;0
2294;0
2295;0
2296;0
2297;0
2298;0
2299;0
2300;0
2301;0
2302;0
2303;0
2304;0
2305;0
2306;0
2307;0
2308;0
2309;0
2310;0
2311;0
2312;0
2313;0
2314;0
2315;0
2316;0
2317;0
2318;0
2319;0
2320;0
2321;0
2322;0
2323;0
2324;0
2325;0
2326;0
2327;0
2328;0
2329;0
2330;0
2331;0
2332;0
2333;0
2334;0
2335;0
2336;0
2337;0
2338;0
2339;0
2340;0
2341;0
2342;0
2343;0
2344;0
2345;0
2346;0
2347;0
2348;0
2349;0
2350;0
2351;0
2352;0
2353;0
2354;0
2355;0
2356;0
2357;0
2358;0
2359;0
2360;0
2361;0
2362;0
2363;0
2364;0
2365;0
2366;0
2367;0
2368;0
2369;0
2370;0
2371;0
2372;0
2373;0
2374;0
2375;0
2376;0
2377;0
2378;0
2379;0
2380;0
2381;0
2382;0
2383;0
2384;0
2385;0
2386;0
2387;0
2388;0
2389;0
2390;0
2391;0
2392;0
2393;0
2394;0
2395;0
2396;0
2397;0
2398;0
2399;0
2400;0
2401;0
2402;0
2403;0
2404;0
2405;0
2406;0
2407;0
2408;0
2409;0
2410;0
2411;0
2412;0
2413;0
2414;0
2415;0
2416;0
2417;0
2418;0
2419;0
2420;0
2421;0
2422;0
2423;0
2424;0
2425;0
2426;0
2427;0
2428;0
2429;0
2430;0
2431;0
2432;0
2433;0
2434;0
2435;0
2436;0
2437;0
2438;0
2439;0
2440;0
2441;0
2442;0
2443;0
2444;0
2445;0
2446;0
2447;0
2448;0
2449;0
2450;0
2451;0
2452;0
2453;0
2454;0
2455;0
2456;0
2457;0
2458;0
2459;0
2460;0
2461;0
2462;0
2463;0
2464;0
2465;0
2466;0
2467;0
2468;0
2469;0
2470;0
2471;0
2472;0
2473;0
2474;0
2475;0
2476;0
2477;0
2478;0
2479;0
2480;0
2481;0
2482;0
2483;0
2484;0
2485;0
2486;0
2487;0
2488;0
2489;0
2490;0
2491;0
2492;0
2493;0
2494;0
2495;0
2496;0
2497;0
2498;0
2499;0
2500;0
2501;0
2502;0
2503;0
2504;0
2505;0
2506;0
2507;0
2508;0
2509;0
2510;0
2511;0
2512;0
2513;0
2514;0
2515;0
2516;0
2517;0
2518;0
2519;0
2520;0
2521;0
2522;0
2523;0
2524;0
2525;0
2526;0
2527;0
2528;0
2529;0
2530;0
2531;0
2532;0
2533;0
2534;0
2535;0
2536;0
2537;0
2538;0
2539;0
2540;0
2541;0
2542;0
2543;0
2544;0
2545;0
2546;0
2547;0
2548;0
2549;0
2550;0
2551;0
2552;0
2553;0
2554;0
2555;0
2556;0
2557;0
2558;0
2559;0
2560;0
2561;0
2562;0
2563;0
2564;0
2565;0
2566;0
2567;0
2568;0
2569;0
2570;0
2571;0
2572;0
2573;0
2574;0
2575;0
2576;0
2577;0
2578;0
2579;0
2580;0
2581;0
2582;0
2583;0
2584;0
2585;0
2586;0
2587;0
2588;0
2589;0
2590;0
2591;0
2592;0
2593;0
2594;0
2595;0
2596;0
2597;0
2598;0
2599;0
2600;0
2601;0
2602;0
2603;0
2604;0
2605;0
2606;0
2607;0
2608;0
2609;0
2610;0
2611;0
2612;0
2613;0
2614;0
2615;0
2616;0
2617;0
2618;0
2619;0
2620;0
2621;0
2622;0
2623;0
2624;0
2625;0
2626;0
2627;0
2628;0
2629;0
2630;0
2631;0
2632;0
2633;0
2634;0
2635;0
2636;0
2637;0
2638;0
2639;0
2640;0
2641;0
2642;0
2643;0
2644;0
2645;0
2646;0
2647;0
2648;0
2649;0
2650;0
2651;0
2652;0
2653;0
2654;0
2655;0
2656;0
2657;0
2658;0
2659;0
2660;0
2661;0
2662;0
2663;0
2664;0
2665;0
2666;0
2667;0
2668;0
2669;0
2670;0
2671;0
2672;0
2673;0
2674;0
2675;0
2676;0
2677;0
2678;0
2679;0
2680;0
2681;0
2682;0
2683;0
2684;0
2685;0
2686;0
2687;0
2688;0
2689;0
2690;0
2691;0
2692;0
2693;0
2694;0
2695;0
2696;0
2697;0
2698;0
2699;0
2700;0
2701;0
2702;0
2703;0
2704;0
2705;0
2706;0
2707;0
2708;0
2709;0
2710;0
2711;0
2712;0
2713;0
2714;0
2715;0
2716;0
2717;0
2718;0
2719;0
2720;0
2721;0
2722;0
2723;0
2724;0
2725;0
2726;0
2727;0
2728;0
2729;0
2730;0
2731;0
2732;0
2733;0
2734;0
2735;0
2736;0
2737;0
2738;0
2739;0
2740;0
2741;0
2742;0
2743;0
2744;0
2745;0
2746;0
2747;0
2748;0
2749;0
2750;0
2751;0
2752;0
2753;0
2754;0
2755;0
2756;0
2757;0
2758;0
2759;0
2760;0
2761;0
2762;0
2763;0
2764;0
2765;0
2766;0
2767;0
2768;0
2769;0
2770;0
2771;0
2772;0
2773;0
2774;0
2775;0
2776;0
2777;0
2778;0
2779;0
2780;0
2781;0
2782;0
2783;0
2784;0
2785;0
2786;0
2787;0
2788;0
2789;0
2790;0
2791;0
2792;0
2793;0
2794;0
2795;0
2796;0
2797;0
2798;0
2799;0
2800;0
2801;0
2802;0
2803;0
2804;0
2805;0
2806;0
2807;0
2808;0
2809;0
2810;0
2811;0
2812;0
2813;0
2814;0
2815;0
2816;0
2817;0
2818;0
2819;0
2820;0
2821;0
2822;0
2823;0
2824;0
2825;0
2826;0
2827;0
2828;0
2829;0
2830;0
2831;0
2832;0
2833;0
2834;0
2835;0
2836;0
2837;0
2838;0
2839;0
2840;0
2841;0
2842;0
2843;0
2844;0
2845;0
2846;0
2847;0
2848;0
2849;0
2850;0
2851;0
2852;0
2853;0
2854;0
2855;0
2856;0
2857;0
2858;0
2859;0
2860;0
2861;0
2862;0
2863;0
2864;0
2865;0
2866;0
2867;0
2868;0
2869;0
2870;0
2871;0
2872;0
2873;0
2874;0
2875;0
2876;0
2877;0
2878;0
2879;0
2880;0
2881;0
2882;0
2883;0
2884;0
2885;0
2886;0
2887;0
2888;0
2889;0
2890;0
2891;0
2892;0
2893;0
2894;0
2895;0
2896;0
2897;0
2898;0
2899;0
2900;0
2901;0
2902;0
2903;0
2904;0
2905;0
2906;0
2907;0
2908;0
2909;0
2910;0
2911;0
2912;0
2913;0
2914;0
2915;0
2916;0
2917;0
2918;0
2919;0
2920;0
2921;0
2922;0
2923;0
2924;0
2925;0
2926;0
2927;0
2928;0
2929;0
2930;0
2931;0
2932;0
2933;0
2934;0
2935;0
2936;0
2937;0
2938;0
2939;0
2940;0
2941;0
2942;0
2943;0
2944;0
2945;0
2946;0
2947;0
2948;0
2949;0
2950;0
2951;0
2952;0
2953;0
2954;0
2955;0
2956;0
2957;0
2958;0
2959;0
2960;0
2961;0
2962;0
2963;0
2964;0
2965;0
2966;0
2967;0
2968;0
2969;0
2970;0
2971;0
2972;0
2973;0
2974;0
2975;0
2976;0
2977;0
2978;0
2979;0
2980;0
2981;0
2982;0
2983;0
2984;0
2985;0
2986;0
2987;0
2988;0
2989;0
2990;0
2991;0
2992;0
2993;0
2994;0
2995;0
2996;0
2997;0
2998;0
2999;0
3000;0
3001;0
3002;0
3003;0
3004;0
3005;0
3006;0
3007;0
3008;0
3009;0
3010;0
3011;0
3012;0
3013;0
3014;0
3015;0
3016;0
3017;0
3018;0
3019;0
3020;0
3021;0
3022;0
3023;0
3024;0
3025;0
3026;0
3027;0
3028;0
3029;0
3030;0
3031;0
3032;0
3033;0
3034;0
3035;0
3036;0
3037;0
3038;0
3039;0
3040;0
3041;0
3042;0
3043;0
3044;0
3045;0
3046;0
3047;0
3048;0
3049;0
3050;0
3051;0
3052;0
3053;0
3054;0
3055;0
3056;0
3057;0
3058;0
3059;0
3060;0
3061;0
3062;0
3063;0
3064;0
3065;0
3066;0
3067;0
3068;0
3069;0
3070;0
3071;0
3072;0
3073;0
3074;0
3075;0
3076;0
3077;0
3078;0
3079;0
3080;0
3081;0
3082;0
3083;0
3084;0
3085;0
3086;0
3087;0
3088;0
3089;0
3090;0
3091;0
3092;0
3093;0
3094;0
3095;0
3096;0
3097;0
3098;0
3099;0
3100;0
3101;0
3102;0
3103;0
3104;0
3105;0
3106;0
3107;0
3108;0
3109;0
3110;0
3111;0
3112;0
3113;0
3114;0
3115;0
3116;0
3117;0
3118;0
3119;0
3120;0
3121;0
3122;0
3123;0
3124;0
3125;0
3126;0
3127;0
3128;0
3129;0
3130;0
3131;0
3132;0
3133;0
3134;0
3135;0
3136;0
3137;0
3138;0
3139;0
3140;0
3141;0
3142;0
3143;0
3144;0
3145;0
3146;0
3147;0
3148;0
3149;0
3150;0
3151;0
3152;0
3153;0
3154;0
3155;0
3156;0
3157;0
3158;0
3159;0
3160;0
3161;0
3162;0
3163;0
3164;0
3165;0
3166;0
3167;0
3168;0
3169;0
3170;0
3171;0
3172;0
3173;0
3174;0
3175;0
3176;0
3177;0
3178;0
3179;0
3180;0
3181;0
3182;0
3183;0
3184;0
3185;0
3186;0
3187;0
3188;0
3189;0
3190;0
3191;0
3192;0
3193;0
3194;0
3195;0
3196;0
3197;0
3198;0
3199;0
3200;0
3201;0
3202;0
3203;0
3204;0
3205;0
3206;0
3207;0
3208;0
3209;0
3210;0
3211;0
3212;0
3213;0
3214;0
3215;0
3216;0
3217;0
3218;0
3219;0
3220;0
3221;0
3222;0
3223;0
3224;0
3225;0
3226;0
3227;0
3228;0
3229;0
3230;0
3231;0
3232;0
3233;0
3234;0
3235;0
3236;0
3237;0
3238;0
3239;0
3240;0
3241;0
3242;0
3243;0
3244;0
3245;0
3246;0
3247;0
3248;0
3249;0
3250;0
3251;0
3252;0
3253;0
3254;0
3255;0
3256;0
3257;0
3258;0
3259;0
3260;0
3261;0
3262;0
3263;0
3264;0
3265;0
3266;0
3267;0
3268;0
3269;0
3270;0
3271;0
3272;0
3273;0
3274;0
3275;0
3276;0
3277;0
3278;0
3279;0
3280;0
3281;0
3282;0
3283;0
3284;0
3285;0
3286;0
3287;0
3288;0
3289;0
3290;0
3291;0
3292;0
3293;0
3294;0
3295;0
3296;0
3297;0
3298;0
3299;0
3300;0
3301;0
3302;0
3303;0
3304;0
3305;0
3306;0
3307;0
3308;0
3309;0
3310;0
3311;0
3312;0
3313;0
3314;0
3315;0
3316;0
3317;0
3318;0
3319;0
3320;0
3321;0
3322;0
3323;0
3324;0
3325;0
3326;0
3327;0
3328;0
3329;0
3330;0
3331;0
3332;0
3333;0
3334;0
3335;0
3336;0
3337;0
3338;0
3339;0
3340;0
3341;0
3342;0
3343;0
3344;0
3345;0
3346;0
3347;0
3348;0
3349;0
3350;0
3351;0
3352;0
3353;0
3354;0
3355;0
3356;0
3357;0
3358;0
3359;0
3360;0
3361;0
3362;0
3363;0
3364;0
3365;0
3366;0
3367;0
3368;0
3369;0
3370;0
3371;0
3372;0
3373;0
3374;0
3375;0
3376;0
3377;0
3378;0
3379;0
3380;0
3381;0
3382;0
3383;0
3384;0
3385;0
3386;0
3387;0
3388;0
3389;0
3390;0
3391;0
3392;0
3393;0
3394;0
3395;0
3396;0
3397;0
3398;0
3399;0
3400;0
3401;0
3402;0
3403;0
3404;0
3405;0
3406;0
3407;0
3408;0
3409;0
3410;0
3411;0
3412;0
3413;0
3414;0
3415;0
3416;0
3417;0
3418;0
3419;0
3420;0
3421;0
3422;0
3423;0
3424;0
3425;0
3426;0
3427;0
3428;0
3429;0
3430;0
3431;0
3432;0
3433;0
3434;0
3435;0
3436;0
3437;0
3438;0
3439;0
3440;0
3441;0
3442;0
3443;0
3444;0
3445;0
3446;0
3447;0
3448;0
3449;0
3450;0
3451;0
3452;0
3453;0
3454;0
3455;0
3456;0
3457;0
3458;0
3459;0
3460;0
3461;0
3462;0
3463;0
3464;0
3465;0
3466;0
3467;0
3468;0
3469;0
3470;0
3471;0
3472;0
3473;0
3474;0
3475;0
3476;0
3477;0
3478;0
3479;0
3480;0
3481;0
3482;0
3483;0
3484;0
3485;0
3486;0
3487;0
3488;0
3489;0
3490;0
3491;0
3492;0
3493;0
3494;0
3495;0
3496;0
3497;0
3498;0
3499;0
3500;0
3501;0
3502;0
3503;0
3504;0
3505;0
3506;0
3507;0
3508;0
3509;0
3510;0
3511;0
3512;0
3513;0
3514;0
3515;0
3516;0
3517;0
3518;0
3519;0
3520;0
3521;0
3522;0
3523;0
3524;0
3525;0
3526;0
3527;0
3528;0
3529;0
3530;0
3531;0
3532;0
3533;0
3534;0
3535;0
3536;0
3537;0
3538;0
3539;0
3540;0
3541;0
3542;0
3543;0
3544;0
3545;0
3546;0
3547;0
3548;0
3549;0
3550;0
3551;0
3552;0
3553;0
3554;0
3555;0
3556;0
3557;0
3558;0
3559;0
3560;0
3561;0
3562;0
3563;0
3564;0
3565;0
3566;0
3567;0
3568;0
3569;0
3570;0
3571;0
3572;0
3573;0
3574;0
3575;0
3576;0
3577;0
3578;0
3579;0
3580;0
3581;0
3582;0
3583;0
3584;0
3585;0
3586;0
3587;0
3588;0
3589;0
3590;0
3591;0
3592;0
3593;0
3594;0
3595;0
3596;0
3597;0
3598;0
3599;0
3600;0
3601;0
3602;0
3603;0
3604;0
3605;0
3606;0
3607;0
3608;0
3609;0
3610;0
3611;0
3612;0
3613;0
3614;0
3615;0
3616;0
3617;0
3618;0
3619;0
3620;0
3621;0
3622;0
3623;0
3624;0
3625;0
3626;0
3627;0
3628;0
3629;0
3630;0
3631;0
3632;0
3633;0
3634;0
3635;0
3636;0
3637;0
3638;0
3639;0
3640;0
3641;0
3642;0
3643;0
3644;0
3645;0
3646;0
3647;0
3648;0
3649;0
3650;0
3651;0
3652;0
3653;0
3654;0
3655;0
3656;0
3657;0
3658;0
3659;0
3660;0
3661;0
3662;0
3663;0
3664;0
3665;0
3666;0
3667;0
3668;0
3669;0
3670;0
3671;0
3672;0
3673;0
3674;0
3675;0
3676;0
3677;0
3678;0
3679;0
3680;0
3681;0
3682;0
3683;0
3684;0
3685;0
3686;0
3687;0
3688;0
3689;0
3690;0
3691;0
3692;0
3693;0
3694;0
3695;0
3696;0
3697;0
3698;0
3699;0
3700;0
3701;0
3702;0
3703;0
3704;0
3705;0
3706;0
3707;0
3708;0
3709;0
3710;0
3711;0
3712;0
3713;0
3714;0
3715;0
3716;0
3717;0
3718;0
3719;0
3720;0
3721;0
3722;0
3723;0
3724;0
3725;0
3726;0
3727;0
3728;0
3729;0
3730;0
3731;0
3732;0
3733;0
3734;0
3735;0
3736;0
3737;0
3738;0
3739;0
3740;0
3741;0
3742;0
3743;0
3744;0
3745;0
3746;0
3747;0
3748;0
3749;0
3750;0
3751;0
3752;0
3753;0
3754;0
3755;0
3756;0
3757;0
3758;0
3759;0
3760;0
3761;0
3762;0
3763;0
3764;0
3765;0
3766;0
3767;0
3768;0
3769;0
3770;0
3771;0
3772;0
3773;0
3774;0
3775;0
3776;0
3777;0
3778;0
3779;0
3780;0
3781;0
3782;0
3783;0
3784;0
3785;0
3786;0
3787;0
3788;0
3789;0
3790;0
3791;0
3792;0
3793;0
3794;0
3795;0
3796;0
3797;0
3798;0
3799;0
3800;0
3801;0
3802;0
3803;0
3804;0
3805;0
3806;0
3807;0
3808;0
3809;0
3810;0
3811;0
3812;0
3813;0
3814;0
3815;0
3816;0
3817;0
3818;0
3819;0
3820;0
3821;0
3822;0
3823;0
3824;0
3825;0
3826;0
3827;0
3828;0
3829;0
3830;0
3831;0
3832;0
3833;0
3834;0
3835;0
3836;0
3837;0
3838;0
3839;0
3840;0
3841;0
3842;0
3843;0
3844;0
3845;0
3846;0
3847;0
3848;0
3849;0
3850;0
3851;0
3852;0
3853;0
3854;0
3855;0
3856;0
3857;0
3858;0
3859;0
3860;0
3861;0
3862;0
3863;0
3864;0
3865;0
3866;0
3867;0
3868;0
3869;0
3870;0
3871;0
3872;0
3873;0
3874;0
3875;0
3876;0
3877;0
3878;0
3879;0
3880;0
3881;0
3882;0
3883;0
3884;0
3885;0
3886;0
3887;0
3888;0
3889;0
3890;0
3891;0
3892;0
3893;0
3894;0
3895;0
3896;0
3897;0
3898;0
3899;0
3900;0
3901;0
3902;0
3903;0
3904;0
3905;0
3906;0
3907;0
3908;0
3909;0
3910;0
3911;0
3912;0
3913;0
3914;0
3915;0
3916;0
3917;0
3918;0
3919;0
3920;0
3921;0
3922;0
3923;0
3924;0
3925;0
3926;0
3927;0
3928;0
3929;0
3930;0
3931;0
3932;0
3933;0
3934;0
3935;0
3936;0
3937;0
3938;0
3939;0
3940;0
3941;0
3942;0
3943;0
3944;0
3945;0
3946;0
3947;0
3948;0
3949;0
3950;0
3951;0
3952;0
3953;0
3954;0
3955;0
3956;0
3957;0
3958;0
3959;0
3960;0
3961;0
3962;0
3963;0
3964;0
3965;0
3966;0
3967;0
3968;0
3969;0
3970;0
3971;0
3972;0
3973;0
3974;0
3975;0
3976;0
3977;0
3978;0
3979;0
3980;0
3981;0
3982;0
3983;0
3984;0
3985;0
3986;0
3987;0
3988;0
3989;0
3990;0
3991;0
3992;0
3993;0
3994;0
3995;0
3996;0
3997;0
3998;0
3999;0
4000;0
4001;0
4002;0
4003;0
4004;0
4005;0
4006;0
4007;0
4008;0
4009;0
4010;0
4011;0
4012;0
4013;0
4014;0
4015;0
4016;0
4017;0
4018;0
4019;0
4020;0
4021;0
4022;0
4023;0
4024;0
4025;0
4026;0
4027;0
4028;0
4029;0
4030;0
4031;0
4032;0
4033;0
4034;0
4035;0
4036;0
4037;0
4038;0
4039;0
4040;0
4041;0
4042;0
4043;0
4044;0
4045;0
4046;0
4047;0
4048;0
4049;0
4050;0
4051;0
4052;0
4053;0
4054;0
4055;0
4056;0
4057;0
4058;0
4059;0
4060;0
4061;0
4062;0
4063;0
4064;0
4065;0
4066;0
4067;0
4068;0
4069;0
4070;0
4071;0
4072;0
4073;0
4074;0
4075;0
4076;0
4077;0
4078;0
4079;0
4080;0
4081;0
4082;0
4083;0
4084;0
4085;0
4086;0
4087;0
4088;0
4089;0
4090;0
4091;0
4092;0
4093;0
4094;0
4095;0
4096;0
