L 64,p 0.594100,Z 100000
/* Tamanio de cluster; Ocurrencias de cada tamaño de cluster */
1;7223053
2;1542086
3;920894
4;597580
5;416678
6;305616
7;236362
8;188281
9;153204
10;128244
11;108273
12;93643
13;81143
14;71496
15;63542
16;56870
17;50537
18;46105
19;41791
20;37997
21;35088
22;32224
23;29455
24;27566
25;26097
26;24158
27;22298
28;21104
29;19911
30;18548
31;17824
32;16694
33;15738
34;15095
35;14265
36;13403
37;12841
38;12471
39;11646
40;11234
41;10656
42;10305
43;9909
44;9496
45;9145
46;8834
47;8582
48;8075
49;7853
50;7583
51;7402
52;7232
53;6833
54;6669
55;6381
56;6325
57;6081
58;5730
59;5706
60;5528
61;5381
62;5224
63;5147
64;4899
65;4717
66;4546
67;4559
68;4517
69;4342
70;4117
71;4174
72;3964
73;3919
74;3781
75;3739
76;3625
77;3438
78;3429
79;3480
80;3319
81;3247
82;3198
83;3123
84;3144
85;2974
86;3032
87;2845
88;2902
89;2792
90;2823
91;2750
92;2634
93;2522
94;2603
95;2551
96;2417
97;2352
98;2368
99;2289
100;2290
101;2264
102;2190
103;2163
104;2138
105;2040
106;2025
107;2052
108;1950
109;2022
110;1915
111;1805
112;1848
113;1865
114;1881
115;1798
116;1718
117;1785
118;1614
119;1707
120;1673
121;1588
122;1633
123;1552
124;1572
125;1518
126;1538
127;1510
128;1443
129;1431
130;1424
131;1415
132;1413
133;1399
134;1353
135;1373
136;1467
137;1302
138;1302
139;1256
140;1303
141;1232
142;1271
143;1253
144;1200
145;1164
146;1201
147;1199
148;1153
149;1124
150;1131
151;1106
152;1059
153;1065
154;1130
155;1064
156;1082
157;1058
158;994
159;1070
160;996
161;1008
162;1003
163;962
164;1003
165;976
166;1029
167;877
168;965
169;895
170;875
171;900
172;911
173;925
174;900
175;852
176;830
177;845
178;848
179;848
180;831
181;812
182;833
183;808
184;857
185;826
186;791
187;809
188;774
189;744
190;785
191;783
192;783
193;735
194;722
195;707
196;706
197;721
198;706
199;710
200;723
201;676
202;706
203;728
204;664
205;674
206;688
207;624
208;673
209;650
210;653
211;640
212;655
213;642
214;610
215;622
216;602
217;643
218;572
219;592
220;575
221;648
222;614
223;603
224;610
225;569
226;570
227;560
228;578
229;592
230;551
231;557
232;552
233;523
234;583
235;538
236;535
237;518
238;552
239;508
240;486
241;493
242;568
243;497
244;518
245;492
246;493
247;499
248;520
249;460
250;503
251;465
252;518
253;509
254;470
255;461
256;473
257;481
258;469
259;495
260;483
261;469
262;449
263;454
264;457
265;408
266;446
267;463
268;432
269;416
270;416
271;427
272;412
273;383
274;432
275;394
276;427
277;427
278;428
279;395
280;433
281;393
282;421
283;396
284;399
285;366
286;386
287;379
288;385
289;389
290;364
291;389
292;383
293;389
294;363
295;416
296;364
297;378
298;337
299;359
300;360
301;358
302;342
303;328
304;364
305;337
306;377
307;329
308;349
309;336
310;349
311;334
312;355
313;330
314;352
315;319
316;324
317;325
318;300
319;318
320;317
321;337
322;325
323;320
324;303
325;302
326;317
327;318
328;318
329;278
330;317
331;324
332;341
333;290
334;309
335;300
336;327
337;277
338;303
339;282
340;295
341;259
342;292
343;291
344;294
345;290
346;288
347;283
348;286
349;291
350;258
351;289
352;278
353;260
354;276
355;281
356;297
357;290
358;304
359;258
360;266
361;260
362;294
363;229
364;300
365;261
366;250
367;246
368;272
369;279
370;266
371;253
372;261
373;263
374;290
375;255
376;268
377;242
378;227
379;236
380;250
381;227
382;259
383;260
384;253
385;231
386;233
387;241
388;251
389;229
390;241
391;249
392;240
393;233
394;237
395;262
396;236
397;218
398;259
399;229
400;222
401;207
402;250
403;184
404;211
405;214
406;200
407;215
408;219
409;240
410;227
411;236
412;220
413;210
414;223
415;218
416;216
417;229
418;205
419;195
420;207
421;201
422;229
423;180
424;195
425;197
426;193
427;233
428;202
429;215
430;226
431;213
432;186
433;206
434;192
435;228
436;189
437;190
438;187
439;211
440;190
441;183
442;205
443;189
444;207
445;166
446;190
447;202
448;185
449;195
450;189
451;187
452;170
453;181
454;168
455;184
456;187
457;159
458;170
459;197
460;186
461;187
462;183
463;180
464;172
465;181
466;161
467;173
468;171
469;178
470;182
471;173
472;164
473;173
474;180
475;159
476;159
477;170
478;169
479;156
480;155
481;183
482;139
483;162
484;161
485;163
486;172
487;151
488;170
489;160
490;151
491;173
492;161
493;157
494;162
495;172
496;152
497;178
498;176
499;145
500;156
501;147
502;152
503;145
504;162
505;157
506;169
507;152
508;164
509;133
510;139
511;144
512;148
513;118
514;148
515;126
516;178
517;149
518;146
519;155
520;157
521;164
522;145
523;143
524;135
525;139
526;145
527;163
528;145
529;146
530;157
531;148
532;140
533;137
534;140
535;124
536;155
537;128
538;129
539;145
540;129
541;147
542;149
543;151
544;137
545;130
546;123
547;137
548;137
549;149
550;129
551;122
552;158
553;144
554;143
555;142
556;151
557;121
558;143
559;132
560;135
561;140
562;135
563;132
564;123
565;124
566;151
567;104
568;133
569;110
570;113
571;133
572;143
573;115
574;106
575;136
576;124
577;145
578;124
579;114
580;109
581;111
582;116
583;111
584;129
585;148
586;128
587;127
588;123
589;146
590;124
591;112
592;104
593;108
594;125
595;106
596;124
597;103
598;140
599;107
600;118
601;106
602;124
603;112
604;144
605;126
606;110
607;115
608;120
609;123
610;119
611;119
612;115
613;110
614;115
615;98
616;124
617;105
618;127
619;119
620;113
621;117
622;119
623;116
624;131
625;108
626;94
627;108
628;114
629;117
630;105
631;120
632;108
633;116
634;104
635;118
636;103
637;91
638;78
639;100
640;100
641;104
642;114
643;105
644;109
645;105
646;94
647;109
648;96
649;121
650;93
651;104
652;107
653;109
654;107
655;96
656;110
657;95
658;103
659;104
660;122
661;112
662;106
663;102
664;107
665;91
666;106
667;102
668;98
669;93
670;106
671;90
672;96
673;109
674;87
675;81
676;102
677;119
678;80
679;119
680;98
681;101
682;98
683;84
684;114
685;95
686;104
687;96
688;103
689;109
690;84
691;103
692;80
693;94
694;85
695;97
696;98
697;81
698;100
699;94
700;85
701;86
702;82
703;87
704;93
705;102
706;85
707;96
708;102
709;100
710;83
711;105
712;81
713;88
714;100
715;96
716;90
717;89
718;99
719;95
720;79
721;80
722;84
723;85
724;83
725;92
726;89
727;96
728;76
729;80
730;104
731;74
732;71
733;77
734;85
735;82
736;80
737;90
738;74
739;73
740;74
741;75
742;71
743;84
744;84
745;80
746;85
747;81
748;83
749;91
750;78
751;84
752;84
753;80
754;92
755;93
756;92
757;76
758;103
759;74
760;80
761;93
762;78
763;89
764;96
765;74
766;77
767;79
768;76
769;86
770;75
771;84
772;80
773;85
774;79
775;86
776;76
777;70
778;83
779;74
780;79
781;74
782;66
783;75
784;62
785;76
786;70
787;68
788;75
789;80
790;71
791;83
792;66
793;69
794;60
795;73
796;69
797;79
798;62
799;71
800;73
801;74
802;74
803;79
804;61
805;70
806;82
807;66
808;81
809;61
810;65
811;61
812;78
813;79
814;70
815;76
816;80
817;82
818;58
819;57
820;71
821;53
822;68
823;65
824;70
825;74
826;91
827;86
828;71
829;75
830;83
831;77
832;65
833;85
834;76
835;56
836;62
837;70
838;65
839;77
840;72
841;66
842;59
843;57
844;77
845;52
846;75
847;83
848;60
849;85
850;64
851;71
852;70
853;60
854;71
855;73
856;68
857;72
858;74
859;56
860;70
861;74
862;64
863;95
864;77
865;61
866;64
867;66
868;66
869;56
870;65
871;73
872;68
873;74
874;67
875;73
876;71
877;58
878;62
879;63
880;53
881;67
882;56
883;60
884;69
885;77
886;67
887;60
888;77
889;58
890;57
891;78
892;65
893;41
894;67
895;77
896;66
897;71
898;58
899;84
900;52
901;52
902;56
903;65
904;64
905;57
906;45
907;56
908;56
909;70
910;60
911;61
912;59
913;56
914;62
915;59
916;69
917;63
918;57
919;54
920;62
921;62
922;53
923;55
924;53
925;57
926;52
927;48
928;58
929;59
930;59
931;52
932;61
933;60
934;58
935;57
936;65
937;51
938;51
939;59
940;59
941;41
942;48
943;50
944;64
945;70
946;53
947;69
948;56
949;59
950;56
951;57
952;44
953;54
954;74
955;58
956;45
957;51
958;53
959;57
960;49
961;45
962;44
963;52
964;55
965;51
966;45
967;48
968;50
969;64
970;64
971;56
972;61
973;50
974;51
975;59
976;47
977;55
978;51
979;54
980;53
981;59
982;47
983;51
984;48
985;52
986;63
987;55
988;49
989;49
990;55
991;54
992;49
993;48
994;43
995;68
996;53
997;50
998;51
999;37
1000;68
1001;49
1002;43
1003;62
1004;46
1005;48
1006;42
1007;56
1008;44
1009;42
1010;58
1011;51
1012;43
1013;60
1014;49
1015;46
1016;54
1017;57
1018;51
1019;47
1020;40
1021;54
1022;50
1023;45
1024;35
1025;42
1026;39
1027;44
1028;53
1029;55
1030;46
1031;55
1032;43
1033;57
1034;54
1035;49
1036;48
1037;44
1038;49
1039;45
1040;50
1041;47
1042;40
1043;39
1044;61
1045;39
1046;39
1047;42
1048;46
1049;46
1050;55
1051;46
1052;39
1053;50
1054;38
1055;50
1056;60
1057;45
1058;43
1059;40
1060;43
1061;57
1062;45
1063;43
1064;40
1065;45
1066;39
1067;44
1068;37
1069;52
1070;53
1071;38
1072;49
1073;48
1074;47
1075;45
1076;31
1077;53
1078;48
1079;32
1080;43
1081;43
1082;51
1083;40
1084;49
1085;37
1086;50
1087;37
1088;37
1089;39
1090;57
1091;39
1092;45
1093;38
1094;54
1095;33
1096;39
1097;40
1098;44
1099;36
1100;44
1101;43
1102;44
1103;32
1104;43
1105;43
1106;23
1107;37
1108;44
1109;38
1110;32
1111;53
1112;39
1113;46
1114;35
1115;50
1116;33
1117;50
1118;43
1119;45
1120;43
1121;47
1122;46
1123;42
1124;47
1125;46
1126;41
1127;43
1128;44
1129;29
1130;34
1131;46
1132;35
1133;37
1134;29
1135;30
1136;43
1137;38
1138;34
1139;44
1140;44
1141;42
1142;36
1143;43
1144;40
1145;32
1146;32
1147;28
1148;30
1149;28
1150;35
1151;39
1152;43
1153;38
1154;30
1155;32
1156;32
1157;33
1158;41
1159;42
1160;33
1161;34
1162;30
1163;33
1164;35
1165;21
1166;30
1167;32
1168;30
1169;30
1170;28
1171;44
1172;39
1173;32
1174;40
1175;35
1176;38
1177;40
1178;38
1179;38
1180;34
1181;42
1182;39
1183;32
1184;33
1185;32
1186;35
1187;36
1188;28
1189;34
1190;35
1191;37
1192;34
1193;40
1194;34
1195;47
1196;43
1197;23
1198;38
1199;44
1200;36
1201;28
1202;28
1203;51
1204;30
1205;33
1206;35
1207;26
1208;37
1209;43
1210;23
1211;41
1212;33
1213;38
1214;38
1215;29
1216;33
1217;31
1218;34
1219;36
1220;32
1221;32
1222;21
1223;36
1224;34
1225;31
1226;37
1227;31
1228;31
1229;40
1230;21
1231;46
1232;30
1233;36
1234;37
1235;32
1236;35
1237;42
1238;36
1239;34
1240;34
1241;36
1242;42
1243;25
1244;41
1245;27
1246;37
1247;25
1248;25
1249;28
1250;27
1251;34
1252;31
1253;25
1254;25
1255;26
1256;35
1257;26
1258;22
1259;35
1260;27
1261;40
1262;29
1263;19
1264;32
1265;41
1266;32
1267;25
1268;35
1269;30
1270;37
1271;19
1272;33
1273;26
1274;32
1275;24
1276;28
1277;28
1278;26
1279;23
1280;29
1281;29
1282;23
1283;22
1284;32
1285;28
1286;36
1287;27
1288;23
1289;21
1290;22
1291;27
1292;23
1293;35
1294;37
1295;31
1296;32
1297;24
1298;30
1299;34
1300;20
1301;18
1302;21
1303;21
1304;24
1305;27
1306;21
1307;20
1308;25
1309;26
1310;26
1311;25
1312;28
1313;30
1314;19
1315;28
1316;31
1317;27
1318;24
1319;31
1320;32
1321;22
1322;13
1323;38
1324;20
1325;23
1326;22
1327;26
1328;36
1329;24
1330;27
1331;20
1332;18
1333;27
1334;19
1335;26
1336;27
1337;24
1338;22
1339;28
1340;26
1341;21
1342;25
1343;29
1344;26
1345;19
1346;21
1347;31
1348;18
1349;28
1350;26
1351;21
1352;14
1353;22
1354;21
1355;24
1356;26
1357;31
1358;22
1359;25
1360;29
1361;18
1362;21
1363;23
1364;27
1365;26
1366;32
1367;17
1368;22
1369;19
1370;22
1371;25
1372;22
1373;28
1374;18
1375;18
1376;27
1377;19
1378;21
1379;16
1380;21
1381;16
1382;33
1383;18
1384;15
1385;11
1386;22
1387;18
1388;19
1389;28
1390;21
1391;25
1392;25
1393;6
1394;22
1395;21
1396;24
1397;17
1398;26
1399;11
1400;12
1401;19
1402;22
1403;27
1404;21
1405;18
1406;22
1407;19
1408;15
1409;18
1410;19
1411;21
1412;18
1413;12
1414;17
1415;16
1416;19
1417;23
1418;26
1419;14
1420;15
1421;13
1422;13
1423;12
1424;17
1425;16
1426;17
1427;22
1428;11
1429;13
1430;21
1431;12
1432;10
1433;21
1434;19
1435;10
1436;26
1437;17
1438;19
1439;20
1440;18
1441;16
1442;9
1443;14
1444;19
1445;12
1446;20
1447;16
1448;14
1449;18
1450;13
1451;9
1452;18
1453;10
1454;19
1455;18
1456;14
1457;13
1458;14
1459;10
1460;13
1461;13
1462;10
1463;16
1464;10
1465;16
1466;17
1467;11
1468;10
1469;25
1470;11
1471;14
1472;23
1473;22
1474;14
1475;17
1476;18
1477;14
1478;17
1479;14
1480;11
1481;14
1482;15
1483;12
1484;14
1485;28
1486;12
1487;17
1488;12
1489;18
1490;12
1491;17
1492;11
1493;12
1494;10
1495;22
1496;17
1497;12
1498;14
1499;14
1500;10
1501;12
1502;10
1503;9
1504;18
1505;11
1506;12
1507;10
1508;15
1509;14
1510;16
1511;13
1512;9
1513;15
1514;16
1515;15
1516;11
1517;12
1518;9
1519;11
1520;9
1521;10
1522;16
1523;11
1524;14
1525;13
1526;11
1527;9
1528;9
1529;16
1530;14
1531;13
1532;11
1533;8
1534;13
1535;11
1536;8
1537;8
1538;10
1539;13
1540;4
1541;17
1542;9
1543;7
1544;12
1545;16
1546;11
1547;5
1548;7
1549;10
1550;18
1551;12
1552;4
1553;5
1554;8
1555;10
1556;8
1557;8
1558;10
1559;3
1560;9
1561;4
1562;14
1563;9
1564;13
1565;12
1566;9
1567;9
1568;11
1569;11
1570;5
1571;3
1572;11
1573;8
1574;7
1575;11
1576;9
1577;8
1578;10
1579;9
1580;7
1581;9
1582;13
1583;11
1584;11
1585;7
1586;8
1587;9
1588;11
1589;11
1590;5
1591;8
1592;12
1593;6
1594;12
1595;4
1596;7
1597;7
1598;9
1599;6
1600;5
1601;14
1602;7
1603;2
1604;7
1605;6
1606;11
1607;9
1608;6
1609;5
1610;3
1611;6
1612;14
1613;6
1614;6
1615;7
1616;8
1617;8
1618;15
1619;9
1620;6
1621;10
1622;10
1623;9
1624;3
1625;7
1626;5
1627;9
1628;5
1629;5
1630;5
1631;4
1632;10
1633;5
1634;6
1635;7
1636;8
1637;2
1638;2
1639;3
1640;7
1641;3
1642;7
1643;15
1644;1
1645;5
1646;6
1647;5
1648;6
1649;5
1650;4
1651;4
1652;9
1653;1
1654;2
1655;5
1656;4
1657;3
1658;9
1659;4
1660;7
1661;4
1662;4
1663;8
1664;4
1665;6
1666;6
1667;7
1668;5
1669;4
1670;7
1671;6
1672;5
1673;5
1674;3
1675;9
1676;2
1677;8
1678;1
1679;4
1680;5
1681;2
1682;2
1683;3
1684;6
1685;2
1686;1
1687;4
1688;9
1689;4
1690;9
1691;3
1692;7
1693;4
1694;3
1695;4
1696;6
1697;4
1698;2
1699;1
1700;5
1701;1
1702;3
1703;0
1704;2
1705;5
1706;3
1707;4
1708;5
1709;5
1710;4
1711;3
1712;3
1713;5
1714;2
1715;5
1716;1
1717;2
1718;7
1719;6
1720;6
1721;0
1722;2
1723;2
1724;2
1725;1
1726;2
1727;1
1728;4
1729;1
1730;0
1731;5
1732;0
1733;1
1734;2
1735;3
1736;4
1737;4
1738;3
1739;2
1740;0
1741;2
1742;2
1743;0
1744;2
1745;1
1746;2
1747;3
1748;2
1749;1
1750;6
1751;5
1752;3
1753;4
1754;1
1755;2
1756;1
1757;0
1758;0
1759;1
1760;2
1761;2
1762;3
1763;2
1764;2
1765;4
1766;3
1767;3
1768;4
1769;1
1770;0
1771;2
1772;1
1773;2
1774;0
1775;3
1776;3
1777;2
1778;2
1779;4
1780;5
1781;0
1782;1
1783;2
1784;3
1785;3
1786;3
1787;1
1788;2
1789;3
1790;3
1791;3
1792;2
1793;4
1794;2
1795;1
1796;7
1797;2
1798;1
1799;1
1800;1
1801;4
1802;0
1803;2
1804;1
1805;1
1806;2
1807;2
1808;0
1809;0
1810;0
1811;0
1812;0
1813;0
1814;2
1815;2
1816;2
1817;0
1818;1
1819;0
1820;0
1821;1
1822;0
1823;1
1824;3
1825;2
1826;2
1827;0
1828;2
1829;1
1830;3
1831;1
1832;0
1833;2
1834;0
1835;3
1836;2
1837;1
1838;2
1839;0
1840;0
1841;2
1842;1
1843;0
1844;1
1845;3
1846;4
1847;0
1848;0
1849;0
1850;1
1851;1
1852;1
1853;0
1854;0
1855;0
1856;1
1857;1
1858;2
1859;2
1860;0
1861;1
1862;2
1863;0
1864;0
1865;0
1866;0
1867;0
1868;0
1869;1
1870;0
1871;1
1872;0
1873;0
1874;0
1875;2
1876;1
1877;0
1878;0
1879;2
1880;1
1881;0
1882;0
1883;2
1884;1
1885;0
1886;1
1887;1
1888;2
1889;1
1890;1
1891;0
1892;0
1893;0
1894;0
1895;0
1896;0
1897;0
1898;0
1899;0
1900;0
1901;0
1902;0
1903;1
1904;0
1905;1
1906;0
1907;2
1908;0
1909;0
1910;0
1911;0
1912;0
1913;0
1914;1
1915;0
1916;0
1917;0
1918;0
1919;1
1920;0
1921;0
1922;0
1923;0
1924;0
1925;0
1926;0
1927;2
1928;0
1929;1
1930;0
1931;0
1932;1
1933;1
1934;0
1935;0
1936;0
1937;0
1938;0
1939;0
1940;1
1941;0
1942;0
1943;1
1944;0
1945;0
1946;0
1947;0
1948;0
1949;0
1950;0
1951;0
1952;0
1953;0
1954;0
1955;0
1956;0
1957;0
1958;0
1959;0
1960;0
1961;0
1962;0
1963;1
1964;0
1965;1
1966;0
1967;0
1968;0
1969;2
1970;0
1971;0
1972;0
1973;0
1974;0
1975;0
1976;0
1977;1
1978;0
1979;0
1980;0
1981;0
1982;0
1983;0
1984;0
1985;0
1986;0
1987;0
1988;0
1989;0
1990;0
1991;0
1992;0
1993;0
1994;0
1995;0
1996;0
1997;0
1998;0
1999;0
2000;0
2001;0
2002;0
2003;0
2004;0
2005;0
2006;0
2007;0
2008;0
2009;0
2010;0
2011;0
2012;0
2013;0
2014;0
2015;0
2016;0
2017;0
2018;0
2019;0
2020;0
2021;0
2022;0
2023;0
2024;0
2025;0
2026;0
2027;0
2028;0
2029;0
2030;0
2031;0
2032;0
2033;0
2034;0
2035;0
2036;0
2037;0
2038;0
2039;0
2040;0
2041;0
2042;0
2043;0
2044;0
2045;0
2046;0
2047;0
2048;0
2049;0
2050;0
2051;0
2052;0
2053;0
2054;0
2055;0
2056;0
2057;0
2058;0
2059;0
2060;0
2061;0
2062;1
2063;0
2064;0
2065;0
2066;0
2067;0
2068;0
2069;0
2070;0
2071;0
2072;0
2073;0
2074;0
2075;0
2076;0
2077;0
2078;0
2079;0
2080;0
2081;0
2082;0
2083;0
2084;0
2085;0
2086;0
2087;0
2088;0
2089;0
2090;0
2091;0
2092;0
2093;0
2094;0
2095;0
2096;0
2097;0
2098;0
2099;0
2100;0
2101;0
2102;0
2103;0
2104;0
2105;0
2106;0
2107;0
2108;0
2109;0
2110;0
2111;0
2112;0
2113;0
2114;0
2115;0
2116;0
2117;0
2118;0
2119;0
2120;0
2121;0
2122;0
2123;0
2124;0
2125;0
2126;0
2127;0
2128;0
2129;0
2130;0
2131;0
2132;0
2133;0
2134;0
2135;0
2136;0
2137;0
2138;0
2139;0
2140;0
2141;0
2142;0
2143;0
2144;0
2145;0
2146;0
2147;0
2148;0
2149;0
2150;0
2151;0
2152;0
2153;0
2154;0
2155;0
2156;0
2157;0
2158;0
2159;0
2160;0
2161;0
2162;0
2163;0
2164;0
2165;0
2166;0
2167;0
2168;0
2169;0
2170;0
2171;0
2172;0
2173;0
2174;0
2175;0
2176;0
2177;0
2178;0
2179;0
2180;0
2181;0
2182;0
2183;0
2184;0
2185;0
2186;0
2187;0
2188;0
2189;0
2190;0
2191;0
2192;0
2193;0
2194;0
2195;0
2196;0
2197;0
2198;0
2199;0
2200;0
2201;0
2202;0
2203;0
2204;0
2205;0
2206;0
2207;0
2208;0
2209;0
2210;0
2211;0
2212;0
2213;0
2214;0
2215;0
2216;0
2217;0
2218;0
2219;0
2220;0
2221;0
2222;0
2223;0
2224;0
2225;0
2226;0
2227;0
2228;0
2229;0
2230;0
2231;0
2232;0
2233;0
2234;0
2235;0
2236;0
2237;0
2238;0
2239;0
2240;0
2241;0
2242;0
2243;0
2244;0
2245;0
2246;0
2247;0
2248;0
2249;0
2250;0
2251;0
2252;0
2253;0
2254;0
2255;0
2256;0
2257;0
2258;0
2259;0
2260;0
2261;0
2262;0
2263;0
2264;0
2265;0
2266;0
2267;0
2268;0
2269;0
2270;0
2271;0
2272;0
2273;0
2274;0
2275;0
2276;0
2277;0
2278;0
2279;0
2280;0
2281;0
2282;0
2283;0
2284;0
2285;0
2286;0
2287;0
2288;0
2289;0
2290;0
2291;0
2292;0
2293;0
2294;0
2295;0
2296;0
2297;0
2298;0
2299;0
2300;0
2301;0
2302;0
2303;0
2304;0
2305;0
2306;0
2307;0
2308;0
2309;0
2310;0
2311;0
2312;0
2313;0
2314;0
2315;0
2316;0
2317;0
2318;0
2319;0
2320;0
2321;0
2322;0
2323;0
2324;0
2325;0
2326;0
2327;0
2328;0
2329;0
2330;0
2331;0
2332;0
2333;0
2334;0
2335;0
2336;0
2337;0
2338;0
2339;0
2340;0
2341;0
2342;0
2343;0
2344;0
2345;0
2346;0
2347;0
2348;0
2349;0
2350;0
2351;0
2352;0
2353;0
2354;0
2355;0
2356;0
2357;0
2358;0
2359;0
2360;0
2361;0
2362;0
2363;0
2364;0
2365;0
2366;0
2367;0
2368;0
2369;0
2370;0
2371;0
2372;0
2373;0
2374;0
2375;0
2376;0
2377;0
2378;0
2379;0
2380;0
2381;0
2382;0
2383;0
2384;0
2385;0
2386;0
2387;0
2388;0
2389;0
2390;0
2391;0
2392;0
2393;0
2394;0
2395;0
2396;0
2397;0
2398;0
2399;0
2400;0
2401;0
2402;0
2403;0
2404;0
2405;0
2406;0
2407;0
2408;0
2409;0
2410;0
2411;0
2412;0
2413;0
2414;0
2415;0
2416;0
2417;0
2418;0
2419;0
2420;0
2421;0
2422;0
2423;0
2424;0
2425;0
2426;0
2427;0
2428;0
2429;0
2430;0
2431;0
2432;0
2433;0
2434;0
2435;0
2436;0
2437;0
2438;0
2439;0
2440;0
2441;0
2442;0
2443;0
2444;0
2445;0
2446;0
2447;0
2448;0
2449;0
2450;0
2451;0
2452;0
2453;0
2454;0
2455;0
2456;0
2457;0
2458;0
2459;0
2460;0
2461;0
2462;0
2463;0
2464;0
2465;0
2466;0
2467;0
2468;0
2469;0
2470;0
2471;0
2472;0
2473;0
2474;0
2475;0
2476;0
2477;0
2478;0
2479;0
2480;0
2481;0
2482;0
2483;0
2484;0
2485;0
2486;0
2487;0
2488;0
2489;0
2490;0
2491;0
2492;0
2493;0
2494;0
2495;0
2496;0
2497;0
2498;0
2499;0
2500;0
2501;0
2502;0
2503;0
2504;0
2505;0
2506;0
2507;0
2508;0
2509;0
2510;0
2511;0
2512;0
2513;0
2514;0
2515;0
2516;0
2517;0
2518;0
2519;0
2520;0
2521;0
2522;0
2523;0
2524;0
2525;0
2526;0
2527;0
2528;0
2529;0
2530;0
2531;0
2532;0
2533;0
2534;0
2535;0
2536;0
2537;0
2538;0
2539;0
2540;0
2541;0
2542;0
2543;0
2544;0
2545;0
2546;0
2547;0
2548;0
2549;0
2550;0
2551;0
2552;0
2553;0
2554;0
2555;0
2556;0
2557;0
2558;0
2559;0
2560;0
2561;0
2562;0
2563;0
2564;0
2565;0
2566;0
2567;0
2568;0
2569;0
2570;0
2571;0
2572;0
2573;0
2574;0
2575;0
2576;0
2577;0
2578;0
2579;0
2580;0
2581;0
2582;0
2583;0
2584;0
2585;0
2586;0
2587;0
2588;0
2589;0
2590;0
2591;0
2592;0
2593;0
2594;0
2595;0
2596;0
2597;0
2598;0
2599;0
2600;0
2601;0
2602;0
2603;0
2604;0
2605;0
2606;0
2607;0
2608;0
2609;0
2610;0
2611;0
2612;0
2613;0
2614;0
2615;0
2616;0
2617;0
2618;0
2619;0
2620;0
2621;0
2622;0
2623;0
2624;0
2625;0
2626;0
2627;0
2628;0
2629;0
2630;0
2631;0
2632;0
2633;0
2634;0
2635;0
2636;0
2637;0
2638;0
2639;0
2640;0
2641;0
2642;0
2643;0
2644;0
2645;0
2646;0
2647;0
2648;0
2649;0
2650;0
2651;0
2652;0
2653;0
2654;0
2655;0
2656;0
2657;0
2658;0
2659;0
2660;0
2661;0
2662;0
2663;0
2664;0
2665;0
2666;0
2667;0
2668;0
2669;0
2670;0
2671;0
2672;0
2673;0
2674;0
2675;0
2676;0
2677;0
2678;0
2679;0
2680;0
2681;0
2682;0
2683;0
2684;0
2685;0
2686;0
2687;0
2688;0
2689;0
2690;0
2691;0
2692;0
2693;0
2694;0
2695;0
2696;0
2697;0
2698;0
2699;0
2700;0
2701;0
2702;0
2703;0
2704;0
2705;0
2706;0
2707;0
2708;0
2709;0
2710;0
2711;0
2712;0
2713;0
2714;0
2715;0
2716;0
2717;0
2718;0
2719;0
2720;0
2721;0
2722;0
2723;0
2724;0
2725;0
2726;0
2727;0
2728;0
2729;0
2730;0
2731;0
2732;0
2733;0
2734;0
2735;0
2736;0
2737;0
2738;0
2739;0
2740;0
2741;0
2742;0
2743;0
2744;0
2745;0
2746;0
2747;0
2748;0
2749;0
2750;0
2751;0
2752;0
2753;0
2754;0
2755;0
2756;0
2757;0
2758;0
2759;0
2760;0
2761;0
2762;0
2763;0
2764;0
2765;0
2766;0
2767;0
2768;0
2769;0
2770;0
2771;0
2772;0
2773;0
2774;0
2775;0
2776;0
2777;0
2778;0
2779;0
2780;0
2781;0
2782;0
2783;0
2784;0
2785;0
2786;0
2787;0
2788;0
2789;0
2790;0
2791;0
2792;0
2793;0
2794;0
2795;0
2796;0
2797;0
2798;0
2799;0
2800;0
2801;0
2802;0
2803;0
2804;0
2805;0
2806;0
2807;0
2808;0
2809;0
2810;0
2811;0
2812;0
2813;0
2814;0
2815;0
2816;0
2817;0
2818;0
2819;0
2820;0
2821;0
2822;0
2823;0
2824;0
2825;0
2826;0
2827;0
2828;0
2829;0
2830;0
2831;0
2832;0
2833;0
2834;0
2835;0
2836;0
2837;0
2838;0
2839;0
2840;0
2841;0
2842;0
2843;0
2844;0
2845;0
2846;0
2847;0
2848;0
2849;0
2850;0
2851;0
2852;0
2853;0
2854;0
2855;0
2856;0
2857;0
2858;0
2859;0
2860;0
2861;0
2862;0
2863;0
2864;0
2865;0
2866;0
2867;0
2868;0
2869;0
2870;0
2871;0
2872;0
2873;0
2874;0
2875;0
2876;0
2877;0
2878;0
2879;0
2880;0
2881;0
2882;0
2883;0
2884;0
2885;0
2886;0
2887;0
2888;0
2889;0
2890;0
2891;0
2892;0
2893;0
2894;0
2895;0
2896;0
2897;0
2898;0
2899;0
2900;0
2901;0
2902;0
2903;0
2904;0
2905;0
2906;0
2907;0
2908;0
2909;0
2910;0
2911;0
2912;0
2913;0
2914;0
2915;0
2916;0
2917;0
2918;0
2919;0
2920;0
2921;0
2922;0
2923;0
2924;0
2925;0
2926;0
2927;0
2928;0
2929;0
2930;0
2931;0
2932;0
2933;0
2934;0
2935;0
2936;0
2937;0
2938;0
2939;0
2940;0
2941;0
2942;0
2943;0
2944;0
2945;0
2946;0
2947;0
2948;0
2949;0
2950;0
2951;0
2952;0
2953;0
2954;0
2955;0
2956;0
2957;0
2958;0
2959;0
2960;0
2961;0
2962;0
2963;0
2964;0
2965;0
2966;0
2967;0
2968;0
2969;0
2970;0
2971;0
2972;0
2973;0
2974;0
2975;0
2976;0
2977;0
2978;0
2979;0
2980;0
2981;0
2982;0
2983;0
2984;0
2985;0
2986;0
2987;0
2988;0
2989;0
2990;0
2991;0
2992;0
2993;0
2994;0
2995;0
2996;0
2997;0
2998;0
2999;0
3000;0
3001;0
3002;0
3003;0
3004;0
3005;0
3006;0
3007;0
3008;0
3009;0
3010;0
3011;0
3012;0
3013;0
3014;0
3015;0
3016;0
3017;0
3018;0
3019;0
3020;0
3021;0
3022;0
3023;0
3024;0
3025;0
3026;0
3027;0
3028;0
3029;0
3030;0
3031;0
3032;0
3033;0
3034;0
3035;0
3036;0
3037;0
3038;0
3039;0
3040;0
3041;0
3042;0
3043;0
3044;0
3045;0
3046;0
3047;0
3048;0
3049;0
3050;0
3051;0
3052;0
3053;0
3054;0
3055;0
3056;0
3057;0
3058;0
3059;0
3060;0
3061;0
3062;0
3063;0
3064;0
3065;0
3066;0
3067;0
3068;0
3069;0
3070;0
3071;0
3072;0
3073;0
3074;0
3075;0
3076;0
3077;0
3078;0
3079;0
3080;0
3081;0
3082;0
3083;0
3084;0
3085;0
3086;0
3087;0
3088;0
3089;0
3090;0
3091;0
3092;0
3093;0
3094;0
3095;0
3096;0
3097;0
3098;0
3099;0
3100;0
3101;0
3102;0
3103;0
3104;0
3105;0
3106;0
3107;0
3108;0
3109;0
3110;0
3111;0
3112;0
3113;0
3114;0
3115;0
3116;0
3117;0
3118;0
3119;0
3120;0
3121;0
3122;0
3123;0
3124;0
3125;0
3126;0
3127;0
3128;0
3129;0
3130;0
3131;0
3132;0
3133;0
3134;0
3135;0
3136;0
3137;0
3138;0
3139;0
3140;0
3141;0
3142;0
3143;0
3144;0
3145;0
3146;0
3147;0
3148;0
3149;0
3150;0
3151;0
3152;0
3153;0
3154;0
3155;0
3156;0
3157;0
3158;0
3159;0
3160;0
3161;0
3162;0
3163;0
3164;0
3165;0
3166;0
3167;0
3168;0
3169;0
3170;0
3171;0
3172;0
3173;0
3174;0
3175;0
3176;0
3177;0
3178;0
3179;0
3180;0
3181;0
3182;0
3183;0
3184;0
3185;0
3186;0
3187;0
3188;0
3189;0
3190;0
3191;0
3192;0
3193;0
3194;0
3195;0
3196;0
3197;0
3198;0
3199;0
3200;0
3201;0
3202;0
3203;0
3204;0
3205;0
3206;0
3207;0
3208;0
3209;0
3210;0
3211;0
3212;0
3213;0
3214;0
3215;0
3216;0
3217;0
3218;0
3219;0
3220;0
3221;0
3222;0
3223;0
3224;0
3225;0
3226;0
3227;0
3228;0
3229;0
3230;0
3231;0
3232;0
3233;0
3234;0
3235;0
3236;0
3237;0
3238;0
3239;0
3240;0
3241;0
3242;0
3243;0
3244;0
3245;0
3246;0
3247;0
3248;0
3249;0
3250;0
3251;0
3252;0
3253;0
3254;0
3255;0
3256;0
3257;0
3258;0
3259;0
3260;0
3261;0
3262;0
3263;0
3264;0
3265;0
3266;0
3267;0
3268;0
3269;0
3270;0
3271;0
3272;0
3273;0
3274;0
3275;0
3276;0
3277;0
3278;0
3279;0
3280;0
3281;0
3282;0
3283;0
3284;0
3285;0
3286;0
3287;0
3288;0
3289;0
3290;0
3291;0
3292;0
3293;0
3294;0
3295;0
3296;0
3297;0
3298;0
3299;0
3300;0
3301;0
3302;0
3303;0
3304;0
3305;0
3306;0
3307;0
3308;0
3309;0
3310;0
3311;0
3312;0
3313;0
3314;0
3315;0
3316;0
3317;0
3318;0
3319;0
3320;0
3321;0
3322;0
3323;0
3324;0
3325;0
3326;0
3327;0
3328;0
3329;0
3330;0
3331;0
3332;0
3333;0
3334;0
3335;0
3336;0
3337;0
3338;0
3339;0
3340;0
3341;0
3342;0
3343;0
3344;0
3345;0
3346;0
3347;0
3348;0
3349;0
3350;0
3351;0
3352;0
3353;0
3354;0
3355;0
3356;0
3357;0
3358;0
3359;0
3360;0
3361;0
3362;0
3363;0
3364;0
3365;0
3366;0
3367;0
3368;0
3369;0
3370;0
3371;0
3372;0
3373;0
3374;0
3375;0
3376;0
3377;0
3378;0
3379;0
3380;0
3381;0
3382;0
3383;0
3384;0
3385;0
3386;0
3387;0
3388;0
3389;0
3390;0
3391;0
3392;0
3393;0
3394;0
3395;0
3396;0
3397;0
3398;0
3399;0
3400;0
3401;0
3402;0
3403;0
3404;0
3405;0
3406;0
3407;0
3408;0
3409;0
3410;0
3411;0
3412;0
3413;0
3414;0
3415;0
3416;0
3417;0
3418;0
3419;0
3420;0
3421;0
3422;0
3423;0
3424;0
3425;0
3426;0
3427;0
3428;0
3429;0
3430;0
3431;0
3432;0
3433;0
3434;0
3435;0
3436;0
3437;0
3438;0
3439;0
3440;0
3441;0
3442;0
3443;0
3444;0
3445;0
3446;0
3447;0
3448;0
3449;0
3450;0
3451;0
3452;0
3453;0
3454;0
3455;0
3456;0
3457;0
3458;0
3459;0
3460;0
3461;0
3462;0
3463;0
3464;0
3465;0
3466;0
3467;0
3468;0
3469;0
3470;0
3471;0
3472;0
3473;0
3474;0
3475;0
3476;0
3477;0
3478;0
3479;0
3480;0
3481;0
3482;0
3483;0
3484;0
3485;0
3486;0
3487;0
3488;0
3489;0
3490;0
3491;0
3492;0
3493;0
3494;0
3495;0
3496;0
3497;0
3498;0
3499;0
3500;0
3501;0
3502;0
3503;0
3504;0
3505;0
3506;0
3507;0
3508;0
3509;0
3510;0
3511;0
3512;0
3513;0
3514;0
3515;0
3516;0
3517;0
3518;0
3519;0
3520;0
3521;0
3522;0
3523;0
3524;0
3525;0
3526;0
3527;0
3528;0
3529;0
3530;0
3531;0
3532;0
3533;0
3534;0
3535;0
3536;0
3537;0
3538;0
3539;0
3540;0
3541;0
3542;0
3543;0
3544;0
3545;0
3546;0
3547;0
3548;0
3549;0
3550;0
3551;0
3552;0
3553;0
3554;0
3555;0
3556;0
3557;0
3558;0
3559;0
3560;0
3561;0
3562;0
3563;0
3564;0
3565;0
3566;0
3567;0
3568;0
3569;0
3570;0
3571;0
3572;0
3573;0
3574;0
3575;0
3576;0
3577;0
3578;0
3579;0
3580;0
3581;0
3582;0
3583;0
3584;0
3585;0
3586;0
3587;0
3588;0
3589;0
3590;0
3591;0
3592;0
3593;0
3594;0
3595;0
3596;0
3597;0
3598;0
3599;0
3600;0
3601;0
3602;0
3603;0
3604;0
3605;0
3606;0
3607;0
3608;0
3609;0
3610;0
3611;0
3612;0
3613;0
3614;0
3615;0
3616;0
3617;0
3618;0
3619;0
3620;0
3621;0
3622;0
3623;0
3624;0
3625;0
3626;0
3627;0
3628;0
3629;0
3630;0
3631;0
3632;0
3633;0
3634;0
3635;0
3636;0
3637;0
3638;0
3639;0
3640;0
3641;0
3642;0
3643;0
3644;0
3645;0
3646;0
3647;0
3648;0
3649;0
3650;0
3651;0
3652;0
3653;0
3654;0
3655;0
3656;0
3657;0
3658;0
3659;0
3660;0
3661;0
3662;0
3663;0
3664;0
3665;0
3666;0
3667;0
3668;0
3669;0
3670;0
3671;0
3672;0
3673;0
3674;0
3675;0
3676;0
3677;0
3678;0
3679;0
3680;0
3681;0
3682;0
3683;0
3684;0
3685;0
3686;0
3687;0
3688;0
3689;0
3690;0
3691;0
3692;0
3693;0
3694;0
3695;0
3696;0
3697;0
3698;0
3699;0
3700;0
3701;0
3702;0
3703;0
3704;0
3705;0
3706;0
3707;0
3708;0
3709;0
3710;0
3711;0
3712;0
3713;0
3714;0
3715;0
3716;0
3717;0
3718;0
3719;0
3720;0
3721;0
3722;0
3723;0
3724;0
3725;0
3726;0
3727;0
3728;0
3729;0
3730;0
3731;0
3732;0
3733;0
3734;0
3735;0
3736;0
3737;0
3738;0
3739;0
3740;0
3741;0
3742;0
3743;0
3744;0
3745;0
3746;0
3747;0
3748;0
3749;0
3750;0
3751;0
3752;0
3753;0
3754;0
3755;0
3756;0
3757;0
3758;0
3759;0
3760;0
3761;0
3762;0
3763;0
3764;0
3765;0
3766;0
3767;0
3768;0
3769;0
3770;0
3771;0
3772;0
3773;0
3774;0
3775;0
3776;0
3777;0
3778;0
3779;0
3780;0
3781;0
3782;0
3783;0
3784;0
3785;0
3786;0
3787;0
3788;0
3789;0
3790;0
3791;0
3792;0
3793;0
3794;0
3795;0
3796;0
3797;0
3798;0
3799;0
3800;0
3801;0
3802;0
3803;0
3804;0
3805;0
3806;0
3807;0
3808;0
3809;0
3810;0
3811;0
3812;0
3813;0
3814;0
3815;0
3816;0
3817;0
3818;0
3819;0
3820;0
3821;0
3822;0
3823;0
3824;0
3825;0
3826;0
3827;0
3828;0
3829;0
3830;0
3831;0
3832;0
3833;0
3834;0
3835;0
3836;0
3837;0
3838;0
3839;0
3840;0
3841;0
3842;0
3843;0
3844;0
3845;0
3846;0
3847;0
3848;0
3849;0
3850;0
3851;0
3852;0
3853;0
3854;0
3855;0
3856;0
3857;0
3858;0
3859;0
3860;0
3861;0
3862;0
3863;0
3864;0
3865;0
3866;0
3867;0
3868;0
3869;0
3870;0
3871;0
3872;0
3873;0
3874;0
3875;0
3876;0
3877;0
3878;0
3879;0
3880;0
3881;0
3882;0
3883;0
3884;0
3885;0
3886;0
3887;0
3888;0
3889;0
3890;0
3891;0
3892;0
3893;0
3894;0
3895;0
3896;0
3897;0
3898;0
3899;0
3900;0
3901;0
3902;0
3903;0
3904;0
3905;0
3906;0
3907;0
3908;0
3909;0
3910;0
3911;0
3912;0
3913;0
3914;0
3915;0
3916;0
3917;0
3918;0
3919;0
3920;0
3921;0
3922;0
3923;0
3924;0
3925;0
3926;0
3927;0
3928;0
3929;0
3930;0
3931;0
3932;0
3933;0
3934;0
3935;0
3936;0
3937;0
3938;0
3939;0
3940;0
3941;0
3942;0
3943;0
3944;0
3945;0
3946;0
3947;0
3948;0
3949;0
3950;0
3951;0
3952;0
3953;0
3954;0
3955;0
3956;0
3957;0
3958;0
3959;0
3960;0
3961;0
3962;0
3963;0
3964;0
3965;0
3966;0
3967;0
3968;0
3969;0
3970;0
3971;0
3972;0
3973;0
3974;0
3975;0
3976;0
3977;0
3978;0
3979;0
3980;0
3981;0
3982;0
3983;0
3984;0
3985;0
3986;0
3987;0
3988;0
3989;0
3990;0
3991;0
3992;0
3993;0
3994;0
3995;0
3996;0
3997;0
3998;0
3999;0
4000;0
4001;0
4002;0
4003;0
4004;0
4005;0
4006;0
4007;0
4008;0
4009;0
4010;0
4011;0
4012;0
4013;0
4014;0
4015;0
4016;0
4017;0
4018;0
4019;0
4020;0
4021;0
4022;0
4023;0
4024;0
4025;0
4026;0
4027;0
4028;0
4029;0
4030;0
4031;0
4032;0
4033;0
4034;0
4035;0
4036;0
4037;0
4038;0
4039;0
4040;0
4041;0
4042;0
4043;0
4044;0
4045;0
4046;0
4047;0
4048;0
4049;0
4050;0
4051;0
4052;0
4053;0
4054;0
4055;0
4056;0
4057;0
4058;0
4059;0
4060;0
4061;0
4062;0
4063;0
4064;0
4065;0
4066;0
4067;0
4068;0
4069;0
4070;0
4071;0
4072;0
4073;0
4074;0
4075;0
4076;0
4077;0
4078;0
4079;0
4080;0
4081;0
4082;0
4083;0
4084;0
4085;0
4086;0
4087;0
4088;0
4089;0
4090;0
4091;0
4092;0
4093;0
4094;0
4095;0
4096;0
