L 64,p 0.594200,Z 100000
/* Tamanio de cluster; Ocurrencias de cada tamaño de cluster */
1;7214441
2;1540855
3;917956
4;595103
5;416054
6;305683
7;235271
8;187920
9;153686
10;128080
11;108466
12;92870
13;80939
14;70951
15;62887
16;56439
17;50845
18;45741
19;41743
20;37989
21;34719
22;32008
23;29751
24;27642
25;25915
26;24037
27;22446
28;20901
29;19668
30;18780
31;17416
32;16508
33;15714
34;14773
35;14253
36;13534
37;12823
38;12300
39;11598
40;11040
41;10543
42;10354
43;9993
44;9507
45;9024
46;8787
47;8326
48;8124
49;7910
50;7433
51;7316
52;7075
53;6861
54;6703
55;6397
56;6280
57;6007
58;5847
59;5679
60;5478
61;5339
62;5279
63;4934
64;4791
65;4706
66;4785
67;4587
68;4463
69;4288
70;4206
71;4241
72;3931
73;3936
74;3702
75;3690
76;3700
77;3531
78;3614
79;3370
80;3354
81;3256
82;3194
83;3103
84;3010
85;2971
86;2896
87;2877
88;2784
89;2791
90;2695
91;2627
92;2564
93;2553
94;2492
95;2442
96;2496
97;2452
98;2329
99;2260
100;2222
101;2161
102;2280
103;2179
104;2191
105;2104
106;2029
107;1996
108;1966
109;1894
110;1874
111;1968
112;1834
113;1839
114;1816
115;1789
116;1778
117;1701
118;1701
119;1681
120;1654
121;1646
122;1646
123;1596
124;1582
125;1509
126;1497
127;1485
128;1498
129;1477
130;1464
131;1423
132;1364
133;1364
134;1277
135;1341
136;1337
137;1274
138;1315
139;1333
140;1316
141;1270
142;1281
143;1232
144;1235
145;1224
146;1211
147;1151
148;1116
149;1149
150;1128
151;1148
152;1153
153;1054
154;1093
155;1075
156;995
157;998
158;1075
159;1047
160;977
161;1015
162;1014
163;1045
164;970
165;947
166;952
167;978
168;925
169;911
170;899
171;938
172;945
173;872
174;816
175;913
176;850
177;836
178;864
179;828
180;853
181;825
182;804
183;800
184;822
185;763
186;814
187;754
188;803
189;760
190;833
191;724
192;688
193;695
194;754
195;709
196;739
197;678
198;725
199;713
200;700
201;699
202;738
203;640
204;638
205;690
206;716
207;670
208;667
209;704
210;695
211;637
212;668
213;675
214;633
215;607
216;579
217;645
218;607
219;553
220;599
221;569
222;567
223;560
224;563
225;590
226;568
227;570
228;557
229;564
230;557
231;565
232;561
233;548
234;524
235;537
236;512
237;549
238;559
239;521
240;531
241;531
242;484
243;461
244;505
245;483
246;475
247;517
248;506
249;462
250;490
251;487
252;432
253;469
254;526
255;438
256;489
257;467
258;434
259;444
260;473
261;433
262;460
263;468
264;433
265;422
266;413
267;431
268;419
269;430
270;428
271;429
272;363
273;425
274;457
275;395
276;382
277;411
278;405
279;406
280;414
281;375
282;421
283;375
284;372
285;393
286;373
287;353
288;415
289;420
290;401
291;350
292;360
293;377
294;386
295;367
296;337
297;359
298;349
299;364
300;362
301;335
302;356
303;333
304;361
305;335
306;349
307;367
308;353
309;355
310;361
311;335
312;343
313;334
314;334
315;286
316;312
317;316
318;349
319;313
320;314
321;367
322;307
323;324
324;335
325;311
326;305
327;290
328;328
329;288
330;282
331;304
332;319
333;288
334;309
335;292
336;332
337;294
338;313
339;305
340;294
341;277
342;285
343;293
344;289
345;270
346;304
347;263
348;274
349;297
350;319
351;281
352;273
353;290
354;319
355;253
356;277
357;279
358;252
359;259
360;285
361;247
362;261
363;275
364;250
365;263
366;284
367;266
368;241
369;247
370;248
371;259
372;259
373;246
374;260
375;230
376;264
377;251
378;256
379;267
380;258
381;258
382;227
383;258
384;225
385;245
386;228
387;228
388;232
389;212
390;244
391;235
392;220
393;212
394;223
395;246
396;225
397;215
398;235
399;232
400;248
401;182
402;217
403;217
404;196
405;213
406;239
407;188
408;214
409;214
410;214
411;224
412;211
413;210
414;202
415;245
416;233
417;212
418;195
419;203
420;205
421;209
422;206
423;217
424;183
425;201
426;203
427;211
428;201
429;213
430;172
431;198
432;202
433;197
434;202
435;207
436;196
437;150
438;194
439;209
440;198
441;210
442;192
443;173
444;184
445;186
446;191
447;176
448;183
449;204
450;157
451;200
452;170
453;149
454;188
455;188
456;164
457;168
458;205
459;176
460;171
461;176
462;164
463;148
464;173
465;191
466;174
467;169
468;189
469;184
470;190
471;170
472;159
473;168
474;172
475;172
476;144
477;171
478;192
479;170
480;172
481;156
482;148
483;165
484;166
485;188
486;166
487;150
488;169
489;165
490;177
491;182
492;137
493;148
494;149
495;175
496;169
497;156
498;170
499;142
500;132
501;150
502;172
503;141
504;157
505;149
506;147
507;172
508;144
509;158
510;136
511;166
512;128
513;140
514;140
515;151
516;146
517;162
518;157
519;158
520;151
521;173
522;141
523;150
524;139
525;136
526;128
527;135
528;160
529;137
530;150
531;149
532;136
533;156
534;139
535;117
536;127
537;126
538;123
539;128
540;152
541;149
542;132
543;151
544;147
545;139
546;129
547;137
548;119
549;139
550;137
551;136
552;137
553;147
554;139
555;125
556;131
557;139
558;144
559;128
560;125
561;133
562;139
563;137
564;126
565;139
566;125
567;137
568;124
569;136
570;142
571;125
572;129
573;126
574;109
575;118
576;118
577;134
578;116
579;129
580;131
581;137
582;140
583;114
584;135
585;116
586;120
587;117
588;125
589;130
590;127
591;134
592;119
593;140
594;122
595;117
596;108
597;133
598;107
599;115
600;112
601;120
602;121
603;112
604;105
605;123
606;105
607;111
608;112
609;98
610;115
611;101
612;108
613;131
614;103
615;105
616;119
617;105
618;109
619;106
620;115
621;106
622;128
623;115
624;112
625;115
626;118
627;105
628;123
629;93
630;127
631;111
632;117
633;104
634;94
635;95
636;116
637;97
638;118
639;93
640;108
641;85
642;105
643;106
644;117
645;133
646;92
647;89
648;99
649;106
650;91
651;90
652;94
653;111
654;101
655;103
656;120
657;105
658;106
659;120
660;96
661;97
662;97
663;105
664;92
665;115
666;100
667;101
668;98
669;99
670;93
671;85
672;75
673;96
674;88
675;110
676;98
677;104
678;100
679;80
680;104
681;114
682;106
683;82
684;108
685;119
686;109
687;95
688;104
689;114
690;94
691;91
692;102
693;84
694;86
695;95
696;77
697;84
698;87
699;96
700;86
701;97
702;84
703;70
704;96
705;93
706;105
707;99
708;76
709;112
710;110
711;91
712;84
713;95
714;93
715;94
716;84
717;80
718;87
719;94
720;102
721;77
722;75
723;86
724;88
725;95
726;83
727;85
728;86
729;96
730;94
731;82
732;76
733;74
734;89
735;90
736;76
737;82
738;92
739;87
740;79
741;98
742;89
743;71
744;90
745;68
746;86
747;83
748;87
749;89
750;92
751;78
752;76
753;84
754;81
755;90
756;64
757;88
758;83
759;91
760;81
761;78
762;79
763;87
764;75
765;79
766;68
767;88
768;82
769;66
770;85
771;79
772;82
773;96
774;85
775;84
776;62
777;64
778;81
779;70
780;72
781;100
782;64
783;76
784;65
785;73
786;79
787;73
788;75
789;78
790;82
791;71
792;71
793;59
794;73
795;73
796;66
797;71
798;73
799;82
800;60
801;63
802;81
803;68
804;70
805;65
806;85
807;69
808;79
809;77
810;83
811;81
812;84
813;72
814;60
815;72
816;71
817;73
818;67
819;70
820;54
821;82
822;60
823;73
824;65
825;77
826;65
827;82
828;79
829;90
830;81
831;50
832;62
833;80
834;61
835;73
836;70
837;78
838;67
839;57
840;66
841;58
842;72
843;71
844;80
845;65
846;53
847;77
848;62
849;60
850;67
851;75
852;71
853;63
854;84
855;67
856;68
857;74
858;67
859;61
860;75
861;80
862;63
863;71
864;55
865;66
866;56
867;48
868;78
869;67
870;62
871;60
872;67
873;53
874;67
875;44
876;53
877;59
878;74
879;65
880;64
881;62
882;57
883;66
884;68
885;54
886;64
887;68
888;51
889;68
890;59
891;50
892;59
893;69
894;54
895;68
896;62
897;72
898;64
899;66
900;59
901;68
902;52
903;60
904;62
905;58
906;51
907;54
908;62
909;69
910;54
911;62
912;52
913;50
914;64
915;73
916;62
917;74
918;68
919;66
920;60
921;55
922;66
923;55
924;54
925;46
926;59
927;78
928;50
929;53
930;46
931;49
932;56
933;59
934;66
935;54
936;49
937;48
938;52
939;63
940;46
941;45
942;48
943;56
944;55
945;43
946;62
947;63
948;62
949;54
950;58
951;58
952;55
953;66
954;40
955;70
956;75
957;58
958;48
959;70
960;52
961;55
962;45
963;60
964;60
965;48
966;41
967;52
968;50
969;62
970;51
971;53
972;51
973;52
974;42
975;42
976;47
977;35
978;40
979;45
980;50
981;65
982;55
983;39
984;50
985;37
986;46
987;41
988;54
989;52
990;48
991;44
992;55
993;50
994;50
995;50
996;54
997;42
998;52
999;62
1000;58
1001;45
1002;56
1003;47
1004;55
1005;45
1006;46
1007;48
1008;46
1009;64
1010;50
1011;54
1012;45
1013;61
1014;43
1015;59
1016;47
1017;58
1018;52
1019;30
1020;47
1021;54
1022;45
1023;40
1024;52
1025;51
1026;44
1027;57
1028;45
1029;57
1030;42
1031;49
1032;55
1033;54
1034;47
1035;42
1036;40
1037;48
1038;57
1039;46
1040;51
1041;46
1042;37
1043;51
1044;44
1045;50
1046;36
1047;39
1048;39
1049;43
1050;42
1051;42
1052;40
1053;56
1054;48
1055;45
1056;42
1057;46
1058;41
1059;40
1060;39
1061;43
1062;47
1063;46
1064;42
1065;44
1066;38
1067;43
1068;49
1069;53
1070;38
1071;38
1072;60
1073;51
1074;36
1075;42
1076;34
1077;37
1078;40
1079;44
1080;41
1081;44
1082;40
1083;39
1084;46
1085;39
1086;37
1087;40
1088;33
1089;41
1090;51
1091;34
1092;33
1093;40
1094;40
1095;38
1096;45
1097;43
1098;44
1099;43
1100;39
1101;33
1102;46
1103;36
1104;37
1105;36
1106;47
1107;43
1108;35
1109;53
1110;36
1111;38
1112;42
1113;40
1114;38
1115;39
1116;43
1117;37
1118;41
1119;41
1120;27
1121;30
1122;45
1123;34
1124;37
1125;36
1126;46
1127;56
1128;39
1129;45
1130;41
1131;40
1132;43
1133;31
1134;44
1135;49
1136;35
1137;30
1138;36
1139;41
1140;32
1141;38
1142;28
1143;24
1144;38
1145;39
1146;42
1147;43
1148;31
1149;38
1150;35
1151;36
1152;48
1153;39
1154;42
1155;34
1156;35
1157;42
1158;38
1159;45
1160;44
1161;37
1162;42
1163;35
1164;41
1165;36
1166;51
1167;49
1168;40
1169;21
1170;45
1171;38
1172;25
1173;27
1174;36
1175;39
1176;31
1177;32
1178;31
1179;40
1180;40
1181;34
1182;35
1183;46
1184;29
1185;29
1186;31
1187;36
1188;37
1189;36
1190;36
1191;36
1192;36
1193;42
1194;26
1195;36
1196;40
1197;44
1198;39
1199;35
1200;24
1201;27
1202;34
1203;32
1204;36
1205;33
1206;37
1207;25
1208;33
1209;24
1210;35
1211;38
1212;37
1213;36
1214;32
1215;26
1216;31
1217;37
1218;30
1219;27
1220;27
1221;46
1222;31
1223;38
1224;28
1225;24
1226;31
1227;29
1228;30
1229;39
1230;35
1231;26
1232;36
1233;45
1234;30
1235;39
1236;36
1237;24
1238;30
1239;34
1240;22
1241;34
1242;46
1243;23
1244;27
1245;30
1246;40
1247;26
1248;33
1249;40
1250;25
1251;30
1252;28
1253;39
1254;35
1255;38
1256;27
1257;29
1258;26
1259;27
1260;27
1261;41
1262;34
1263;32
1264;28
1265;31
1266;29
1267;24
1268;27
1269;27
1270;28
1271;31
1272;26
1273;25
1274;23
1275;28
1276;33
1277;27
1278;21
1279;31
1280;26
1281;30
1282;32
1283;18
1284;19
1285;29
1286;35
1287;29
1288;22
1289;36
1290;20
1291;35
1292;27
1293;34
1294;18
1295;32
1296;23
1297;27
1298;27
1299;30
1300;30
1301;18
1302;30
1303;23
1304;34
1305;36
1306;21
1307;37
1308;14
1309;21
1310;22
1311;29
1312;33
1313;24
1314;18
1315;22
1316;22
1317;27
1318;28
1319;33
1320;25
1321;27
1322;17
1323;24
1324;21
1325;34
1326;22
1327;24
1328;24
1329;26
1330;20
1331;21
1332;18
1333;28
1334;15
1335;24
1336;28
1337;15
1338;25
1339;25
1340;26
1341;22
1342;19
1343;25
1344;24
1345;22
1346;25
1347;20
1348;24
1349;17
1350;25
1351;13
1352;28
1353;24
1354;20
1355;20
1356;24
1357;23
1358;23
1359;13
1360;24
1361;14
1362;18
1363;20
1364;20
1365;26
1366;31
1367;27
1368;18
1369;18
1370;18
1371;19
1372;25
1373;17
1374;15
1375;20
1376;22
1377;16
1378;23
1379;15
1380;19
1381;26
1382;20
1383;12
1384;22
1385;19
1386;30
1387;19
1388;17
1389;14
1390;22
1391;23
1392;33
1393;19
1394;19
1395;24
1396;21
1397;17
1398;22
1399;18
1400;21
1401;18
1402;21
1403;19
1404;23
1405;14
1406;25
1407;18
1408;29
1409;25
1410;12
1411;21
1412;24
1413;17
1414;17
1415;27
1416;13
1417;23
1418;23
1419;15
1420;8
1421;23
1422;20
1423;14
1424;21
1425;19
1426;12
1427;11
1428;19
1429;24
1430;14
1431;11
1432;13
1433;18
1434;22
1435;13
1436;15
1437;18
1438;15
1439;13
1440;23
1441;16
1442;16
1443;20
1444;13
1445;12
1446;18
1447;24
1448;15
1449;18
1450;13
1451;15
1452;17
1453;15
1454;15
1455;18
1456;21
1457;15
1458;15
1459;19
1460;16
1461;11
1462;18
1463;14
1464;16
1465;14
1466;15
1467;14
1468;13
1469;20
1470;7
1471;12
1472;18
1473;8
1474;19
1475;12
1476;10
1477;20
1478;16
1479;16
1480;12
1481;18
1482;19
1483;7
1484;14
1485;12
1486;14
1487;18
1488;15
1489;10
1490;11
1491;10
1492;12
1493;16
1494;12
1495;10
1496;23
1497;12
1498;16
1499;9
1500;11
1501;15
1502;15
1503;9
1504;4
1505;11
1506;15
1507;18
1508;10
1509;13
1510;13
1511;14
1512;15
1513;10
1514;10
1515;10
1516;13
1517;12
1518;8
1519;10
1520;9
1521;15
1522;16
1523;13
1524;9
1525;9
1526;20
1527;15
1528;12
1529;8
1530;13
1531;18
1532;11
1533;10
1534;13
1535;11
1536;10
1537;9
1538;5
1539;11
1540;12
1541;9
1542;11
1543;10
1544;0
1545;9
1546;6
1547;9
1548;9
1549;14
1550;8
1551;20
1552;11
1553;11
1554;12
1555;13
1556;13
1557;13
1558;12
1559;9
1560;7
1561;8
1562;6
1563;9
1564;12
1565;10
1566;4
1567;7
1568;9
1569;4
1570;11
1571;12
1572;8
1573;8
1574;1
1575;12
1576;9
1577;5
1578;7
1579;6
1580;12
1581;15
1582;9
1583;10
1584;9
1585;7
1586;7
1587;8
1588;11
1589;10
1590;8
1591;11
1592;6
1593;7
1594;6
1595;11
1596;3
1597;7
1598;12
1599;14
1600;9
1601;6
1602;6
1603;8
1604;8
1605;8
1606;8
1607;8
1608;10
1609;2
1610;4
1611;11
1612;9
1613;5
1614;6
1615;8
1616;10
1617;6
1618;7
1619;11
1620;9
1621;6
1622;6
1623;4
1624;5
1625;4
1626;9
1627;7
1628;9
1629;6
1630;1
1631;6
1632;9
1633;4
1634;3
1635;10
1636;2
1637;5
1638;5
1639;6
1640;2
1641;4
1642;4
1643;5
1644;7
1645;7
1646;4
1647;10
1648;3
1649;2
1650;7
1651;7
1652;2
1653;4
1654;6
1655;12
1656;3
1657;3
1658;2
1659;5
1660;8
1661;9
1662;5
1663;5
1664;5
1665;6
1666;3
1667;10
1668;8
1669;3
1670;5
1671;2
1672;3
1673;8
1674;1
1675;5
1676;6
1677;3
1678;4
1679;2
1680;5
1681;6
1682;5
1683;1
1684;6
1685;6
1686;2
1687;5
1688;2
1689;4
1690;3
1691;4
1692;7
1693;5
1694;7
1695;1
1696;5
1697;2
1698;4
1699;3
1700;3
1701;5
1702;1
1703;2
1704;5
1705;3
1706;6
1707;4
1708;6
1709;4
1710;5
1711;2
1712;4
1713;5
1714;8
1715;4
1716;2
1717;5
1718;4
1719;2
1720;3
1721;6
1722;7
1723;2
1724;4
1725;3
1726;2
1727;4
1728;1
1729;1
1730;7
1731;4
1732;1
1733;4
1734;3
1735;2
1736;4
1737;3
1738;1
1739;2
1740;3
1741;2
1742;5
1743;2
1744;4
1745;1
1746;2
1747;2
1748;2
1749;5
1750;2
1751;4
1752;2
1753;0
1754;3
1755;5
1756;0
1757;3
1758;4
1759;2
1760;2
1761;0
1762;2
1763;0
1764;2
1765;1
1766;1
1767;2
1768;0
1769;3
1770;0
1771;0
1772;2
1773;0
1774;1
1775;3
1776;0
1777;1
1778;4
1779;3
1780;1
1781;2
1782;1
1783;1
1784;0
1785;2
1786;1
1787;1
1788;2
1789;1
1790;1
1791;1
1792;2
1793;2
1794;2
1795;1
1796;1
1797;0
1798;1
1799;1
1800;1
1801;0
1802;1
1803;1
1804;2
1805;0
1806;1
1807;0
1808;0
1809;1
1810;1
1811;3
1812;1
1813;3
1814;2
1815;3
1816;3
1817;0
1818;0
1819;3
1820;0
1821;1
1822;3
1823;1
1824;1
1825;0
1826;1
1827;0
1828;1
1829;1
1830;0
1831;0
1832;1
1833;0
1834;0
1835;1
1836;0
1837;1
1838;2
1839;2
1840;0
1841;1
1842;0
1843;1
1844;0
1845;1
1846;1
1847;0
1848;0
1849;0
1850;0
1851;0
1852;1
1853;1
1854;0
1855;0
1856;0
1857;1
1858;0
1859;0
1860;0
1861;1
1862;0
1863;1
1864;0
1865;0
1866;1
1867;0
1868;0
1869;0
1870;0
1871;0
1872;3
1873;0
1874;1
1875;0
1876;0
1877;0
1878;0
1879;0
1880;1
1881;0
1882;0
1883;0
1884;1
1885;0
1886;0
1887;0
1888;0
1889;0
1890;0
1891;1
1892;1
1893;0
1894;1
1895;0
1896;0
1897;1
1898;0
1899;0
1900;0
1901;0
1902;0
1903;0
1904;1
1905;0
1906;1
1907;1
1908;0
1909;0
1910;0
1911;0
1912;2
1913;0
1914;0
1915;0
1916;0
1917;0
1918;0
1919;0
1920;0
1921;0
1922;0
1923;0
1924;0
1925;0
1926;0
1927;0
1928;0
1929;0
1930;0
1931;0
1932;0
1933;1
1934;0
1935;0
1936;0
1937;0
1938;0
1939;0
1940;0
1941;0
1942;1
1943;0
1944;0
1945;0
1946;1
1947;0
1948;0
1949;0
1950;0
1951;0
1952;1
1953;1
1954;0
1955;0
1956;1
1957;1
1958;0
1959;0
1960;0
1961;0
1962;1
1963;0
1964;0
1965;0
1966;0
1967;0
1968;0
1969;0
1970;0
1971;0
1972;0
1973;0
1974;0
1975;0
1976;0
1977;0
1978;0
1979;0
1980;0
1981;0
1982;0
1983;0
1984;1
1985;0
1986;0
1987;0
1988;0
1989;0
1990;0
1991;0
1992;0
1993;0
1994;0
1995;0
1996;0
1997;0
1998;0
1999;0
2000;0
2001;0
2002;0
2003;0
2004;1
2005;0
2006;0
2007;0
2008;1
2009;0
2010;0
2011;0
2012;0
2013;0
2014;0
2015;0
2016;0
2017;0
2018;0
2019;0
2020;0
2021;0
2022;0
2023;0
2024;0
2025;0
2026;0
2027;0
2028;0
2029;0
2030;0
2031;0
2032;0
2033;0
2034;0
2035;0
2036;0
2037;0
2038;0
2039;0
2040;0
2041;0
2042;0
2043;0
2044;0
2045;0
2046;0
2047;0
2048;0
2049;0
2050;0
2051;0
2052;0
2053;0
2054;0
2055;0
2056;0
2057;0
2058;0
2059;0
2060;0
2061;0
2062;0
2063;0
2064;0
2065;0
2066;0
2067;0
2068;0
2069;0
2070;0
2071;0
2072;0
2073;0
2074;0
2075;0
2076;0
2077;0
2078;0
2079;0
2080;0
2081;0
2082;0
2083;0
2084;0
2085;0
2086;0
2087;0
2088;0
2089;0
2090;0
2091;0
2092;0
2093;0
2094;0
2095;0
2096;0
2097;0
2098;0
2099;0
2100;0
2101;0
2102;0
2103;0
2104;0
2105;0
2106;0
2107;0
2108;0
2109;0
2110;0
2111;0
2112;0
2113;0
2114;0
2115;0
2116;0
2117;0
2118;0
2119;0
2120;0
2121;0
2122;0
2123;0
2124;0
2125;0
2126;0
2127;0
2128;0
2129;0
2130;0
2131;0
2132;0
2133;0
2134;0
2135;0
2136;0
2137;0
2138;0
2139;0
2140;0
2141;0
2142;0
2143;0
2144;0
2145;0
2146;0
2147;0
2148;0
2149;0
2150;0
2151;0
2152;0
2153;0
2154;0
2155;0
2156;0
2157;0
2158;0
2159;0
2160;0
2161;0
2162;0
2163;0
2164;0
2165;0
2166;0
2167;0
2168;0
2169;0
2170;0
2171;0
2172;0
2173;0
2174;0
2175;0
2176;0
2177;0
2178;0
2179;0
2180;0
2181;0
2182;0
2183;0
2184;0
2185;0
2186;0
2187;0
2188;0
2189;0
2190;0
2191;0
2192;0
2193;0
2194;0
2195;0
2196;0
2197;0
2198;0
2199;0
2200;0
2201;0
2202;0
2203;0
2204;0
2205;0
2206;0
2207;0
2208;0
2209;0
2210;0
2211;0
2212;0
2213;0
2214;0
2215;0
2216;0
2217;0
2218;0
2219;0
2220;0
2221;0
2222;0
2223;0
2224;0
2225;0
2226;0
2227;0
2228;0
2229;0
2230;0
2231;0
2232;0
2233;0
2234;0
2235;0
2236;0
2237;0
2238;0
2239;0
2240;0
2241;0
2242;0
2243;0
2244;0
2245;0
2246;0
2247;0
2248;0
2249;0
2250;0
2251;0
2252;0
2253;0
2254;0
2255;0
2256;0
2257;0
2258;0
2259;0
2260;0
2261;0
2262;0
2263;0
2264;0
2265;0
2266;0
2267;0
2268;0
2269;0
2270;0
2271;0
2272;0
2273;0
2274;0
2275;0
2276;0
2277;0
2278;0
2279;0
2280;0
2281;0
2282;0
2283;0
2284;0
2285;0
2286;0
2287;0
2288;0
2289;0
2290;0
2291;0
2292;0
2293;0
2294;0
2295;0
2296;0
2297;0
2298;0
2299;0
2300;0
2301;0
2302;0
2303;0
2304;0
2305;0
2306;0
2307;0
2308;0
2309;0
2310;0
2311;0
2312;0
2313;0
2314;0
2315;0
2316;0
2317;0
2318;0
2319;0
2320;0
2321;0
2322;0
2323;0
2324;0
2325;0
2326;0
2327;0
2328;0
2329;0
2330;0
2331;0
2332;0
2333;0
2334;0
2335;0
2336;0
2337;0
2338;0
2339;0
2340;0
2341;0
2342;0
2343;0
2344;0
2345;0
2346;0
2347;0
2348;0
2349;0
2350;0
2351;0
2352;0
2353;0
2354;0
2355;0
2356;0
2357;0
2358;0
2359;0
2360;0
2361;0
2362;0
2363;0
2364;0
2365;0
2366;0
2367;0
2368;0
2369;0
2370;0
2371;0
2372;0
2373;0
2374;0
2375;0
2376;0
2377;0
2378;0
2379;0
2380;0
2381;0
2382;0
2383;0
2384;0
2385;0
2386;0
2387;0
2388;0
2389;0
2390;0
2391;0
2392;0
2393;0
2394;0
2395;0
2396;0
2397;0
2398;0
2399;0
2400;0
2401;0
2402;0
2403;0
2404;0
2405;0
2406;0
2407;0
2408;0
2409;0
2410;0
2411;0
2412;0
2413;0
2414;0
2415;0
2416;0
2417;0
2418;0
2419;0
2420;0
2421;0
2422;0
2423;0
2424;0
2425;0
2426;0
2427;0
2428;0
2429;0
2430;0
2431;0
2432;0
2433;0
2434;0
2435;0
2436;0
2437;0
2438;0
2439;0
2440;0
2441;0
2442;0
2443;0
2444;0
2445;0
2446;0
2447;0
2448;0
2449;0
2450;0
2451;0
2452;0
2453;0
2454;0
2455;0
2456;0
2457;0
2458;0
2459;0
2460;0
2461;0
2462;0
2463;0
2464;0
2465;0
2466;0
2467;0
2468;0
2469;0
2470;0
2471;0
2472;0
2473;0
2474;0
2475;0
2476;0
2477;0
2478;0
2479;0
2480;0
2481;0
2482;0
2483;0
2484;0
2485;0
2486;0
2487;0
2488;0
2489;0
2490;0
2491;0
2492;0
2493;0
2494;0
2495;0
2496;0
2497;0
2498;0
2499;0
2500;0
2501;0
2502;0
2503;0
2504;0
2505;0
2506;0
2507;0
2508;0
2509;0
2510;0
2511;0
2512;0
2513;0
2514;0
2515;0
2516;0
2517;0
2518;0
2519;0
2520;0
2521;0
2522;0
2523;0
2524;0
2525;0
2526;0
2527;0
2528;0
2529;0
2530;0
2531;0
2532;0
2533;0
2534;0
2535;0
2536;0
2537;0
2538;0
2539;0
2540;0
2541;0
2542;0
2543;0
2544;0
2545;0
2546;0
2547;0
2548;0
2549;0
2550;0
2551;0
2552;0
2553;0
2554;0
2555;0
2556;0
2557;0
2558;0
2559;0
2560;0
2561;0
2562;0
2563;0
2564;0
2565;0
2566;0
2567;0
2568;0
2569;0
2570;0
2571;0
2572;0
2573;0
2574;0
2575;0
2576;0
2577;0
2578;0
2579;0
2580;0
2581;0
2582;0
2583;0
2584;0
2585;0
2586;0
2587;0
2588;0
2589;0
2590;0
2591;0
2592;0
2593;0
2594;0
2595;0
2596;0
2597;0
2598;0
2599;0
2600;0
2601;0
2602;0
2603;0
2604;0
2605;0
2606;0
2607;0
2608;0
2609;0
2610;0
2611;0
2612;0
2613;0
2614;0
2615;0
2616;0
2617;0
2618;0
2619;0
2620;0
2621;0
2622;0
2623;0
2624;0
2625;0
2626;0
2627;0
2628;0
2629;0
2630;0
2631;0
2632;0
2633;0
2634;0
2635;0
2636;0
2637;0
2638;0
2639;0
2640;0
2641;0
2642;0
2643;0
2644;0
2645;0
2646;0
2647;0
2648;0
2649;0
2650;0
2651;0
2652;0
2653;0
2654;0
2655;0
2656;0
2657;0
2658;0
2659;0
2660;0
2661;0
2662;0
2663;0
2664;0
2665;0
2666;0
2667;0
2668;0
2669;0
2670;0
2671;0
2672;0
2673;0
2674;0
2675;0
2676;0
2677;0
2678;0
2679;0
2680;0
2681;0
2682;0
2683;0
2684;0
2685;0
2686;0
2687;0
2688;0
2689;0
2690;0
2691;0
2692;0
2693;0
2694;0
2695;0
2696;0
2697;0
2698;0
2699;0
2700;0
2701;0
2702;0
2703;0
2704;0
2705;0
2706;0
2707;0
2708;0
2709;0
2710;0
2711;0
2712;0
2713;0
2714;0
2715;0
2716;0
2717;0
2718;0
2719;0
2720;0
2721;0
2722;0
2723;0
2724;0
2725;0
2726;0
2727;0
2728;0
2729;0
2730;0
2731;0
2732;0
2733;0
2734;0
2735;0
2736;0
2737;0
2738;0
2739;0
2740;0
2741;0
2742;0
2743;0
2744;0
2745;0
2746;0
2747;0
2748;0
2749;0
2750;0
2751;0
2752;0
2753;0
2754;0
2755;0
2756;0
2757;0
2758;0
2759;0
2760;0
2761;0
2762;0
2763;0
2764;0
2765;0
2766;0
2767;0
2768;0
2769;0
2770;0
2771;0
2772;0
2773;0
2774;0
2775;0
2776;0
2777;0
2778;0
2779;0
2780;0
2781;0
2782;0
2783;0
2784;0
2785;0
2786;0
2787;0
2788;0
2789;0
2790;0
2791;0
2792;0
2793;0
2794;0
2795;0
2796;0
2797;0
2798;0
2799;0
2800;0
2801;0
2802;0
2803;0
2804;0
2805;0
2806;0
2807;0
2808;0
2809;0
2810;0
2811;0
2812;0
2813;0
2814;0
2815;0
2816;0
2817;0
2818;0
2819;0
2820;0
2821;0
2822;0
2823;0
2824;0
2825;0
2826;0
2827;0
2828;0
2829;0
2830;0
2831;0
2832;0
2833;0
2834;0
2835;0
2836;0
2837;0
2838;0
2839;0
2840;0
2841;0
2842;0
2843;0
2844;0
2845;0
2846;0
2847;0
2848;0
2849;0
2850;0
2851;0
2852;0
2853;0
2854;0
2855;0
2856;0
2857;0
2858;0
2859;0
2860;0
2861;0
2862;0
2863;0
2864;0
2865;0
2866;0
2867;0
2868;0
2869;0
2870;0
2871;0
2872;0
2873;0
2874;0
2875;0
2876;0
2877;0
2878;0
2879;0
2880;0
2881;0
2882;0
2883;0
2884;0
2885;0
2886;0
2887;0
2888;0
2889;0
2890;0
2891;0
2892;0
2893;0
2894;0
2895;0
2896;0
2897;0
2898;0
2899;0
2900;0
2901;0
2902;0
2903;0
2904;0
2905;0
2906;0
2907;0
2908;0
2909;0
2910;0
2911;0
2912;0
2913;0
2914;0
2915;0
2916;0
2917;0
2918;0
2919;0
2920;0
2921;0
2922;0
2923;0
2924;0
2925;0
2926;0
2927;0
2928;0
2929;0
2930;0
2931;0
2932;0
2933;0
2934;0
2935;0
2936;0
2937;0
2938;0
2939;0
2940;0
2941;0
2942;0
2943;0
2944;0
2945;0
2946;0
2947;0
2948;0
2949;0
2950;0
2951;0
2952;0
2953;0
2954;0
2955;0
2956;0
2957;0
2958;0
2959;0
2960;0
2961;0
2962;0
2963;0
2964;0
2965;0
2966;0
2967;0
2968;0
2969;0
2970;0
2971;0
2972;0
2973;0
2974;0
2975;0
2976;0
2977;0
2978;0
2979;0
2980;0
2981;0
2982;0
2983;0
2984;0
2985;0
2986;0
2987;0
2988;0
2989;0
2990;0
2991;0
2992;0
2993;0
2994;0
2995;0
2996;0
2997;0
2998;0
2999;0
3000;0
3001;0
3002;0
3003;0
3004;0
3005;0
3006;0
3007;0
3008;0
3009;0
3010;0
3011;0
3012;0
3013;0
3014;0
3015;0
3016;0
3017;0
3018;0
3019;0
3020;0
3021;0
3022;0
3023;0
3024;0
3025;0
3026;0
3027;0
3028;0
3029;0
3030;0
3031;0
3032;0
3033;0
3034;0
3035;0
3036;0
3037;0
3038;0
3039;0
3040;0
3041;0
3042;0
3043;0
3044;0
3045;0
3046;0
3047;0
3048;0
3049;0
3050;0
3051;0
3052;0
3053;0
3054;0
3055;0
3056;0
3057;0
3058;0
3059;0
3060;0
3061;0
3062;0
3063;0
3064;0
3065;0
3066;0
3067;0
3068;0
3069;0
3070;0
3071;0
3072;0
3073;0
3074;0
3075;0
3076;0
3077;0
3078;0
3079;0
3080;0
3081;0
3082;0
3083;0
3084;0
3085;0
3086;0
3087;0
3088;0
3089;0
3090;0
3091;0
3092;0
3093;0
3094;0
3095;0
3096;0
3097;0
3098;0
3099;0
3100;0
3101;0
3102;0
3103;0
3104;0
3105;0
3106;0
3107;0
3108;0
3109;0
3110;0
3111;0
3112;0
3113;0
3114;0
3115;0
3116;0
3117;0
3118;0
3119;0
3120;0
3121;0
3122;0
3123;0
3124;0
3125;0
3126;0
3127;0
3128;0
3129;0
3130;0
3131;0
3132;0
3133;0
3134;0
3135;0
3136;0
3137;0
3138;0
3139;0
3140;0
3141;0
3142;0
3143;0
3144;0
3145;0
3146;0
3147;0
3148;0
3149;0
3150;0
3151;0
3152;0
3153;0
3154;0
3155;0
3156;0
3157;0
3158;0
3159;0
3160;0
3161;0
3162;0
3163;0
3164;0
3165;0
3166;0
3167;0
3168;0
3169;0
3170;0
3171;0
3172;0
3173;0
3174;0
3175;0
3176;0
3177;0
3178;0
3179;0
3180;0
3181;0
3182;0
3183;0
3184;0
3185;0
3186;0
3187;0
3188;0
3189;0
3190;0
3191;0
3192;0
3193;0
3194;0
3195;0
3196;0
3197;0
3198;0
3199;0
3200;0
3201;0
3202;0
3203;0
3204;0
3205;0
3206;0
3207;0
3208;0
3209;0
3210;0
3211;0
3212;0
3213;0
3214;0
3215;0
3216;0
3217;0
3218;0
3219;0
3220;0
3221;0
3222;0
3223;0
3224;0
3225;0
3226;0
3227;0
3228;0
3229;0
3230;0
3231;0
3232;0
3233;0
3234;0
3235;0
3236;0
3237;0
3238;0
3239;0
3240;0
3241;0
3242;0
3243;0
3244;0
3245;0
3246;0
3247;0
3248;0
3249;0
3250;0
3251;0
3252;0
3253;0
3254;0
3255;0
3256;0
3257;0
3258;0
3259;0
3260;0
3261;0
3262;0
3263;0
3264;0
3265;0
3266;0
3267;0
3268;0
3269;0
3270;0
3271;0
3272;0
3273;0
3274;0
3275;0
3276;0
3277;0
3278;0
3279;0
3280;0
3281;0
3282;0
3283;0
3284;0
3285;0
3286;0
3287;0
3288;0
3289;0
3290;0
3291;0
3292;0
3293;0
3294;0
3295;0
3296;0
3297;0
3298;0
3299;0
3300;0
3301;0
3302;0
3303;0
3304;0
3305;0
3306;0
3307;0
3308;0
3309;0
3310;0
3311;0
3312;0
3313;0
3314;0
3315;0
3316;0
3317;0
3318;0
3319;0
3320;0
3321;0
3322;0
3323;0
3324;0
3325;0
3326;0
3327;0
3328;0
3329;0
3330;0
3331;0
3332;0
3333;0
3334;0
3335;0
3336;0
3337;0
3338;0
3339;0
3340;0
3341;0
3342;0
3343;0
3344;0
3345;0
3346;0
3347;0
3348;0
3349;0
3350;0
3351;0
3352;0
3353;0
3354;0
3355;0
3356;0
3357;0
3358;0
3359;0
3360;0
3361;0
3362;0
3363;0
3364;0
3365;0
3366;0
3367;0
3368;0
3369;0
3370;0
3371;0
3372;0
3373;0
3374;0
3375;0
3376;0
3377;0
3378;0
3379;0
3380;0
3381;0
3382;0
3383;0
3384;0
3385;0
3386;0
3387;0
3388;0
3389;0
3390;0
3391;0
3392;0
3393;0
3394;0
3395;0
3396;0
3397;0
3398;0
3399;0
3400;0
3401;0
3402;0
3403;0
3404;0
3405;0
3406;0
3407;0
3408;0
3409;0
3410;0
3411;0
3412;0
3413;0
3414;0
3415;0
3416;0
3417;0
3418;0
3419;0
3420;0
3421;0
3422;0
3423;0
3424;0
3425;0
3426;0
3427;0
3428;0
3429;0
3430;0
3431;0
3432;0
3433;0
3434;0
3435;0
3436;0
3437;0
3438;0
3439;0
3440;0
3441;0
3442;0
3443;0
3444;0
3445;0
3446;0
3447;0
3448;0
3449;0
3450;0
3451;0
3452;0
3453;0
3454;0
3455;0
3456;0
3457;0
3458;0
3459;0
3460;0
3461;0
3462;0
3463;0
3464;0
3465;0
3466;0
3467;0
3468;0
3469;0
3470;0
3471;0
3472;0
3473;0
3474;0
3475;0
3476;0
3477;0
3478;0
3479;0
3480;0
3481;0
3482;0
3483;0
3484;0
3485;0
3486;0
3487;0
3488;0
3489;0
3490;0
3491;0
3492;0
3493;0
3494;0
3495;0
3496;0
3497;0
3498;0
3499;0
3500;0
3501;0
3502;0
3503;0
3504;0
3505;0
3506;0
3507;0
3508;0
3509;0
3510;0
3511;0
3512;0
3513;0
3514;0
3515;0
3516;0
3517;0
3518;0
3519;0
3520;0
3521;0
3522;0
3523;0
3524;0
3525;0
3526;0
3527;0
3528;0
3529;0
3530;0
3531;0
3532;0
3533;0
3534;0
3535;0
3536;0
3537;0
3538;0
3539;0
3540;0
3541;0
3542;0
3543;0
3544;0
3545;0
3546;0
3547;0
3548;0
3549;0
3550;0
3551;0
3552;0
3553;0
3554;0
3555;0
3556;0
3557;0
3558;0
3559;0
3560;0
3561;0
3562;0
3563;0
3564;0
3565;0
3566;0
3567;0
3568;0
3569;0
3570;0
3571;0
3572;0
3573;0
3574;0
3575;0
3576;0
3577;0
3578;0
3579;0
3580;0
3581;0
3582;0
3583;0
3584;0
3585;0
3586;0
3587;0
3588;0
3589;0
3590;0
3591;0
3592;0
3593;0
3594;0
3595;0
3596;0
3597;0
3598;0
3599;0
3600;0
3601;0
3602;0
3603;0
3604;0
3605;0
3606;0
3607;0
3608;0
3609;0
3610;0
3611;0
3612;0
3613;0
3614;0
3615;0
3616;0
3617;0
3618;0
3619;0
3620;0
3621;0
3622;0
3623;0
3624;0
3625;0
3626;0
3627;0
3628;0
3629;0
3630;0
3631;0
3632;0
3633;0
3634;0
3635;0
3636;0
3637;0
3638;0
3639;0
3640;0
3641;0
3642;0
3643;0
3644;0
3645;0
3646;0
3647;0
3648;0
3649;0
3650;0
3651;0
3652;0
3653;0
3654;0
3655;0
3656;0
3657;0
3658;0
3659;0
3660;0
3661;0
3662;0
3663;0
3664;0
3665;0
3666;0
3667;0
3668;0
3669;0
3670;0
3671;0
3672;0
3673;0
3674;0
3675;0
3676;0
3677;0
3678;0
3679;0
3680;0
3681;0
3682;0
3683;0
3684;0
3685;0
3686;0
3687;0
3688;0
3689;0
3690;0
3691;0
3692;0
3693;0
3694;0
3695;0
3696;0
3697;0
3698;0
3699;0
3700;0
3701;0
3702;0
3703;0
3704;0
3705;0
3706;0
3707;0
3708;0
3709;0
3710;0
3711;0
3712;0
3713;0
3714;0
3715;0
3716;0
3717;0
3718;0
3719;0
3720;0
3721;0
3722;0
3723;0
3724;0
3725;0
3726;0
3727;0
3728;0
3729;0
3730;0
3731;0
3732;0
3733;0
3734;0
3735;0
3736;0
3737;0
3738;0
3739;0
3740;0
3741;0
3742;0
3743;0
3744;0
3745;0
3746;0
3747;0
3748;0
3749;0
3750;0
3751;0
3752;0
3753;0
3754;0
3755;0
3756;0
3757;0
3758;0
3759;0
3760;0
3761;0
3762;0
3763;0
3764;0
3765;0
3766;0
3767;0
3768;0
3769;0
3770;0
3771;0
3772;0
3773;0
3774;0
3775;0
3776;0
3777;0
3778;0
3779;0
3780;0
3781;0
3782;0
3783;0
3784;0
3785;0
3786;0
3787;0
3788;0
3789;0
3790;0
3791;0
3792;0
3793;0
3794;0
3795;0
3796;0
3797;0
3798;0
3799;0
3800;0
3801;0
3802;0
3803;0
3804;0
3805;0
3806;0
3807;0
3808;0
3809;0
3810;0
3811;0
3812;0
3813;0
3814;0
3815;0
3816;0
3817;0
3818;0
3819;0
3820;0
3821;0
3822;0
3823;0
3824;0
3825;0
3826;0
3827;0
3828;0
3829;0
3830;0
3831;0
3832;0
3833;0
3834;0
3835;0
3836;0
3837;0
3838;0
3839;0
3840;0
3841;0
3842;0
3843;0
3844;0
3845;0
3846;0
3847;0
3848;0
3849;0
3850;0
3851;0
3852;0
3853;0
3854;0
3855;0
3856;0
3857;0
3858;0
3859;0
3860;0
3861;0
3862;0
3863;0
3864;0
3865;0
3866;0
3867;0
3868;0
3869;0
3870;0
3871;0
3872;0
3873;0
3874;0
3875;0
3876;0
3877;0
3878;0
3879;0
3880;0
3881;0
3882;0
3883;0
3884;0
3885;0
3886;0
3887;0
3888;0
3889;0
3890;0
3891;0
3892;0
3893;0
3894;0
3895;0
3896;0
3897;0
3898;0
3899;0
3900;0
3901;0
3902;0
3903;0
3904;0
3905;0
3906;0
3907;0
3908;0
3909;0
3910;0
3911;0
3912;0
3913;0
3914;0
3915;0
3916;0
3917;0
3918;0
3919;0
3920;0
3921;0
3922;0
3923;0
3924;0
3925;0
3926;0
3927;0
3928;0
3929;0
3930;0
3931;0
3932;0
3933;0
3934;0
3935;0
3936;0
3937;0
3938;0
3939;0
3940;0
3941;0
3942;0
3943;0
3944;0
3945;0
3946;0
3947;0
3948;0
3949;0
3950;0
3951;0
3952;0
3953;0
3954;0
3955;0
3956;0
3957;0
3958;0
3959;0
3960;0
3961;0
3962;0
3963;0
3964;0
3965;0
3966;0
3967;0
3968;0
3969;0
3970;0
3971;0
3972;0
3973;0
3974;0
3975;0
3976;0
3977;0
3978;0
3979;0
3980;0
3981;0
3982;0
3983;0
3984;0
3985;0
3986;0
3987;0
3988;0
3989;0
3990;0
3991;0
3992;0
3993;0
3994;0
3995;0
3996;0
3997;0
3998;0
3999;0
4000;0
4001;0
4002;0
4003;0
4004;0
4005;0
4006;0
4007;0
4008;0
4009;0
4010;0
4011;0
4012;0
4013;0
4014;0
4015;0
4016;0
4017;0
4018;0
4019;0
4020;0
4021;0
4022;0
4023;0
4024;0
4025;0
4026;0
4027;0
4028;0
4029;0
4030;0
4031;0
4032;0
4033;0
4034;0
4035;0
4036;0
4037;0
4038;0
4039;0
4040;0
4041;0
4042;0
4043;0
4044;0
4045;0
4046;0
4047;0
4048;0
4049;0
4050;0
4051;0
4052;0
4053;0
4054;0
4055;0
4056;0
4057;0
4058;0
4059;0
4060;0
4061;0
4062;0
4063;0
4064;0
4065;0
4066;0
4067;0
4068;0
4069;0
4070;0
4071;0
4072;0
4073;0
4074;0
4075;0
4076;0
4077;0
4078;0
4079;0
4080;0
4081;0
4082;0
4083;0
4084;0
4085;0
4086;0
4087;0
4088;0
4089;0
4090;0
4091;0
4092;0
4093;0
4094;0
4095;0
4096;0
