L 64,p 0.583900,Z 100000
/* Tamanio de cluster; Ocurrencias de cada tamaño de cluster */
1;7809834
2;1714420
3;1031716
4;673760
5;472473
6;349516
7;272622
8;216622
9;177608
10;149056
11;127197
12;109828
13;95315
14;84787
15;74808
16;67466
17;60643
18;54808
19;49904
20;45781
21;41769
22;39015
23;35798
24;33414
25;30903
26;29375
27;27083
28;25694
29;23985
30;22822
31;21522
32;20296
33;19262
34;18389
35;17485
36;16451
37;16024
38;15202
39;14422
40;13683
41;13352
42;12809
43;12307
44;11871
45;11289
46;10906
47;10654
48;9825
49;9912
50;9391
51;9140
52;8911
53;8526
54;8249
55;7948
56;7940
57;7506
58;7182
59;6988
60;6878
61;6849
62;6621
63;6302
64;6187
65;6076
66;5958
67;5743
68;5640
69;5485
70;5387
71;5239
72;5126
73;4912
74;4965
75;4642
76;4497
77;4573
78;4490
79;4488
80;4241
81;4209
82;4035
83;3844
84;3942
85;3956
86;3747
87;3660
88;3592
89;3404
90;3415
91;3417
92;3346
93;3346
94;3323
95;3208
96;3094
97;3122
98;3075
99;2972
100;2964
101;2891
102;2661
103;2834
104;2719
105;2705
106;2664
107;2629
108;2667
109;2464
110;2513
111;2443
112;2482
113;2420
114;2413
115;2355
116;2297
117;2221
118;2181
119;2177
120;2202
121;2088
122;2017
123;2078
124;1988
125;1933
126;2020
127;1989
128;1966
129;1969
130;1836
131;1854
132;1851
133;1855
134;1811
135;1766
136;1751
137;1733
138;1704
139;1657
140;1721
141;1623
142;1601
143;1643
144;1604
145;1553
146;1560
147;1470
148;1584
149;1442
150;1483
151;1414
152;1410
153;1490
154;1368
155;1376
156;1336
157;1361
158;1291
159;1319
160;1318
161;1281
162;1299
163;1345
164;1297
165;1275
166;1211
167;1228
168;1266
169;1213
170;1185
171;1192
172;1191
173;1154
174;1168
175;1139
176;1096
177;1143
178;1111
179;1179
180;1126
181;1100
182;1052
183;1061
184;1012
185;1074
186;1031
187;972
188;1022
189;995
190;965
191;969
192;968
193;959
194;952
195;991
196;965
197;897
198;893
199;908
200;923
201;898
202;907
203;867
204;841
205;918
206;899
207;867
208;827
209;839
210;865
211;805
212;881
213;815
214;831
215;808
216;729
217;785
218;720
219;797
220;805
221;760
222;772
223;784
224;776
225;778
226;754
227;723
228;724
229;768
230;719
231;725
232;682
233;702
234;693
235;710
236;713
237;651
238;725
239;686
240;683
241;677
242;730
243;632
244;632
245;614
246;693
247;620
248;668
249;596
250;669
251;642
252;605
253;589
254;617
255;591
256;621
257;600
258;596
259;568
260;585
261;583
262;597
263;620
264;516
265;587
266;565
267;537
268;544
269;600
270;564
271;569
272;563
273;542
274;568
275;492
276;508
277;527
278;552
279;502
280;591
281;514
282;482
283;464
284;469
285;475
286;458
287;535
288;485
289;509
290;478
291;469
292;512
293;479
294;480
295;463
296;461
297;453
298;527
299;488
300;438
301;480
302;516
303;466
304;427
305;410
306;466
307;502
308;444
309;467
310;413
311;436
312;466
313;448
314;424
315;437
316;452
317;447
318;420
319;410
320;406
321;413
322;405
323;388
324;420
325;428
326;409
327;374
328;380
329;397
330;368
331;434
332;384
333;369
334;399
335;403
336;382
337;384
338;355
339;434
340;393
341;380
342;366
343;390
344;379
345;379
346;358
347;334
348;373
349;352
350;375
351;361
352;379
353;367
354;342
355;325
356;350
357;349
358;343
359;323
360;367
361;315
362;340
363;319
364;340
365;308
366;322
367;329
368;336
369;301
370;323
371;360
372;325
373;370
374;318
375;329
376;322
377;347
378;322
379;310
380;309
381;293
382;332
383;305
384;302
385;320
386;285
387;298
388;303
389;288
390;326
391;304
392;336
393;305
394;284
395;314
396;297
397;307
398;308
399;277
400;300
401;277
402;300
403;301
404;292
405;281
406;292
407;296
408;267
409;297
410;262
411;255
412;311
413;287
414;257
415;243
416;295
417;256
418;233
419;258
420;296
421;268
422;273
423;252
424;262
425;240
426;283
427;219
428;248
429;289
430;282
431;271
432;265
433;278
434;280
435;280
436;263
437;241
438;265
439;276
440;247
441;247
442;244
443;242
444;231
445;231
446;252
447;240
448;260
449;222
450;224
451;243
452;270
453;233
454;217
455;228
456;222
457;250
458;244
459;206
460;255
461;214
462;232
463;254
464;247
465;221
466;243
467;219
468;211
469;234
470;232
471;202
472;197
473;217
474;220
475;207
476;218
477;198
478;203
479;226
480;209
481;226
482;213
483;209
484;213
485;208
486;199
487;214
488;187
489;197
490;203
491;200
492;214
493;233
494;186
495;193
496;188
497;209
498;183
499;194
500;199
501;195
502;216
503;184
504;199
505;199
506;180
507;204
508;193
509;170
510;196
511;211
512;201
513;205
514;191
515;189
516;186
517;186
518;172
519;171
520;202
521;189
522;180
523;185
524;163
525;175
526;205
527;199
528;163
529;202
530;165
531;170
532;208
533;168
534;176
535;179
536;177
537;187
538;185
539;188
540;193
541;197
542;184
543;179
544;139
545;172
546;159
547;167
548;167
549;193
550;151
551;189
552;165
553;182
554;168
555;168
556;159
557;167
558;216
559;175
560;186
561;168
562;159
563;168
564;147
565;171
566;170
567;166
568;151
569;158
570;160
571;191
572;164
573;178
574;173
575;168
576;156
577;151
578;147
579;156
580;145
581;150
582;165
583;160
584;160
585;141
586;159
587;142
588;161
589;139
590;139
591;145
592;156
593;140
594;134
595;140
596;135
597;148
598;156
599;158
600;147
601;116
602;142
603;132
604;140
605;135
606;133
607;132
608;147
609;166
610;136
611;146
612;160
613;151
614;140
615;129
616;168
617;146
618;150
619;157
620;150
621;126
622;127
623;139
624;119
625;139
626;129
627;145
628;128
629;131
630;113
631;132
632;133
633;130
634;153
635;111
636;128
637;128
638;141
639;131
640;118
641;121
642;134
643;128
644;140
645;111
646;133
647;132
648;122
649;117
650;126
651;119
652;113
653;127
654;148
655;138
656;136
657;117
658;116
659;124
660;126
661;127
662;134
663;117
664;118
665;123
666;147
667;125
668;121
669;123
670;142
671;132
672;121
673;124
674;118
675;115
676;100
677;124
678;101
679;136
680;99
681;105
682;113
683;110
684;121
685;101
686;120
687;131
688;122
689;111
690;120
691;107
692;95
693;104
694;122
695;102
696;113
697;97
698;115
699;118
700;100
701;126
702;111
703;128
704;114
705;114
706;111
707;108
708;109
709;99
710;121
711;116
712;124
713;122
714;110
715;83
716;102
717;117
718;110
719;114
720;123
721;100
722;106
723;108
724;103
725;114
726;115
727;99
728;116
729;94
730;112
731;110
732;96
733;106
734;108
735;106
736;100
737;90
738;106
739;90
740;92
741;96
742;109
743;106
744;89
745;86
746;88
747;82
748;93
749;94
750;92
751;95
752;113
753;96
754;95
755;100
756;104
757;92
758;91
759;93
760;89
761;97
762;103
763;99
764;88
765;109
766;86
767;101
768;84
769;94
770;89
771;121
772;99
773;104
774;96
775;97
776;99
777;89
778;94
779;92
780;82
781;83
782;86
783;95
784;100
785;95
786;90
787;65
788;89
789;88
790;90
791;82
792;92
793;81
794;111
795;98
796;104
797;82
798;84
799;82
800;74
801;89
802;88
803;78
804;90
805;95
806;85
807;114
808;74
809;76
810;102
811;106
812;96
813;92
814;102
815;83
816;79
817;93
818;91
819;75
820;69
821;83
822;77
823;84
824;87
825;76
826;74
827;77
828;78
829;78
830;73
831;87
832;76
833;90
834;83
835;70
836;72
837;61
838;82
839;68
840;77
841;54
842;74
843;82
844;80
845;83
846;77
847;73
848;66
849;79
850;80
851;73
852;65
853;78
854;86
855;61
856;75
857;61
858;77
859;84
860;69
861;65
862;86
863;84
864;80
865;74
866;76
867;65
868;83
869;65
870;72
871;79
872;76
873;56
874;88
875;78
876;72
877;63
878;68
879;82
880;67
881;66
882;82
883;64
884;68
885;71
886;82
887;75
888;66
889;71
890;66
891;74
892;79
893;70
894;62
895;75
896;78
897;72
898;64
899;69
900;71
901;74
902;78
903;70
904;64
905;90
906;71
907;69
908;54
909;76
910;63
911;64
912;79
913;64
914;63
915;76
916;74
917;69
918;65
919;56
920;70
921;71
922;61
923;65
924;67
925;59
926;60
927;68
928;75
929;56
930;65
931;72
932;74
933;56
934;70
935;76
936;69
937;66
938;65
939;55
940;64
941;56
942;69
943;60
944;54
945;69
946;59
947;69
948;64
949;60
950;61
951;67
952;54
953;65
954;53
955;51
956;55
957;68
958;68
959;50
960;49
961;61
962;68
963;58
964;47
965;74
966;53
967;52
968;65
969;65
970;62
971;64
972;56
973;74
974;48
975;52
976;50
977;39
978;61
979;59
980;65
981;55
982;51
983;65
984;47
985;61
986;57
987;46
988;52
989;50
990;51
991;62
992;52
993;48
994;57
995;51
996;42
997;53
998;55
999;46
1000;46
1001;40
1002;45
1003;58
1004;68
1005;51
1006;54
1007;60
1008;51
1009;47
1010;73
1011;47
1012;48
1013;53
1014;60
1015;59
1016;60
1017;52
1018;56
1019;63
1020;42
1021;43
1022;56
1023;51
1024;41
1025;66
1026;53
1027;59
1028;38
1029;64
1030;50
1031;40
1032;49
1033;52
1034;54
1035;46
1036;34
1037;38
1038;46
1039;58
1040;54
1041;47
1042;62
1043;48
1044;44
1045;47
1046;42
1047;29
1048;46
1049;43
1050;48
1051;58
1052;41
1053;55
1054;41
1055;55
1056;41
1057;45
1058;44
1059;47
1060;48
1061;46
1062;57
1063;56
1064;44
1065;44
1066;48
1067;42
1068;44
1069;50
1070;35
1071;37
1072;50
1073;52
1074;46
1075;38
1076;39
1077;34
1078;45
1079;49
1080;40
1081;52
1082;41
1083;46
1084;53
1085;26
1086;51
1087;35
1088;39
1089;49
1090;42
1091;40
1092;48
1093;38
1094;64
1095;46
1096;39
1097;44
1098;47
1099;49
1100;51
1101;43
1102;40
1103;38
1104;38
1105;38
1106;42
1107;40
1108;52
1109;40
1110;31
1111;42
1112;36
1113;31
1114;47
1115;37
1116;48
1117;47
1118;42
1119;34
1120;44
1121;48
1122;31
1123;37
1124;30
1125;43
1126;42
1127;24
1128;36
1129;36
1130;37
1131;35
1132;38
1133;43
1134;37
1135;33
1136;45
1137;44
1138;29
1139;35
1140;41
1141;32
1142;30
1143;30
1144;38
1145;26
1146;29
1147;38
1148;41
1149;38
1150;34
1151;26
1152;37
1153;42
1154;40
1155;32
1156;32
1157;33
1158;42
1159;40
1160;38
1161;29
1162;43
1163;27
1164;39
1165;28
1166;41
1167;22
1168;25
1169;31
1170;32
1171;37
1172;34
1173;44
1174;40
1175;31
1176;24
1177;37
1178;32
1179;32
1180;34
1181;39
1182;34
1183;33
1184;23
1185;20
1186;24
1187;31
1188;29
1189;39
1190;31
1191;20
1192;38
1193;34
1194;30
1195;40
1196;37
1197;24
1198;28
1199;29
1200;28
1201;18
1202;28
1203;32
1204;27
1205;22
1206;29
1207;18
1208;29
1209;33
1210;28
1211;26
1212;22
1213;32
1214;39
1215;28
1216;27
1217;23
1218;24
1219;25
1220;28
1221;22
1222;26
1223;24
1224;30
1225;29
1226;28
1227;38
1228;31
1229;26
1230;26
1231;16
1232;36
1233;30
1234;29
1235;19
1236;21
1237;28
1238;31
1239;29
1240;27
1241;27
1242;37
1243;26
1244;30
1245;15
1246;24
1247;19
1248;29
1249;29
1250;19
1251;30
1252;21
1253;20
1254;25
1255;23
1256;18
1257;25
1258;24
1259;25
1260;29
1261;27
1262;28
1263;35
1264;26
1265;9
1266;26
1267;30
1268;26
1269;23
1270;17
1271;19
1272;21
1273;16
1274;22
1275;23
1276;22
1277;23
1278;19
1279;34
1280;20
1281;22
1282;21
1283;22
1284;17
1285;19
1286;29
1287;22
1288;16
1289;21
1290;31
1291;23
1292;24
1293;14
1294;22
1295;25
1296;15
1297;24
1298;16
1299;24
1300;19
1301;13
1302;19
1303;19
1304;13
1305;20
1306;19
1307;18
1308;14
1309;21
1310;24
1311;14
1312;22
1313;16
1314;13
1315;20
1316;9
1317;23
1318;15
1319;21
1320;17
1321;13
1322;26
1323;13
1324;19
1325;21
1326;20
1327;16
1328;24
1329;16
1330;23
1331;12
1332;19
1333;23
1334;11
1335;19
1336;16
1337;15
1338;12
1339;15
1340;20
1341;23
1342;14
1343;16
1344;10
1345;9
1346;17
1347;25
1348;15
1349;24
1350;18
1351;20
1352;19
1353;14
1354;20
1355;12
1356;16
1357;10
1358;13
1359;22
1360;13
1361;19
1362;18
1363;16
1364;13
1365;19
1366;16
1367;14
1368;13
1369;14
1370;12
1371;12
1372;12
1373;18
1374;14
1375;14
1376;10
1377;16
1378;15
1379;17
1380;14
1381;18
1382;16
1383;15
1384;14
1385;12
1386;16
1387;10
1388;14
1389;12
1390;12
1391;11
1392;13
1393;13
1394;12
1395;16
1396;14
1397;8
1398;13
1399;11
1400;7
1401;15
1402;16
1403;11
1404;13
1405;14
1406;12
1407;15
1408;11
1409;8
1410;14
1411;10
1412;7
1413;12
1414;11
1415;11
1416;12
1417;16
1418;8
1419;16
1420;10
1421;7
1422;12
1423;12
1424;11
1425;3
1426;6
1427;13
1428;6
1429;11
1430;14
1431;16
1432;10
1433;10
1434;13
1435;3
1436;8
1437;4
1438;12
1439;15
1440;15
1441;11
1442;13
1443;10
1444;12
1445;14
1446;6
1447;7
1448;5
1449;11
1450;10
1451;9
1452;11
1453;8
1454;10
1455;11
1456;10
1457;6
1458;5
1459;9
1460;11
1461;5
1462;10
1463;8
1464;10
1465;5
1466;7
1467;10
1468;7
1469;5
1470;9
1471;6
1472;11
1473;13
1474;10
1475;10
1476;10
1477;9
1478;8
1479;11
1480;6
1481;6
1482;7
1483;9
1484;3
1485;10
1486;11
1487;3
1488;8
1489;15
1490;5
1491;6
1492;10
1493;6
1494;7
1495;11
1496;2
1497;12
1498;9
1499;6
1500;11
1501;2
1502;4
1503;6
1504;6
1505;3
1506;9
1507;6
1508;8
1509;2
1510;4
1511;4
1512;6
1513;7
1514;7
1515;12
1516;10
1517;7
1518;2
1519;5
1520;13
1521;10
1522;4
1523;9
1524;5
1525;7
1526;7
1527;5
1528;7
1529;7
1530;6
1531;1
1532;14
1533;5
1534;6
1535;8
1536;5
1537;3
1538;5
1539;9
1540;5
1541;12
1542;3
1543;10
1544;5
1545;5
1546;4
1547;4
1548;5
1549;0
1550;3
1551;7
1552;5
1553;8
1554;7
1555;8
1556;7
1557;12
1558;9
1559;4
1560;3
1561;1
1562;1
1563;6
1564;8
1565;6
1566;5
1567;4
1568;5
1569;5
1570;9
1571;4
1572;3
1573;2
1574;5
1575;5
1576;5
1577;6
1578;6
1579;6
1580;3
1581;2
1582;2
1583;4
1584;7
1585;2
1586;3
1587;2
1588;5
1589;5
1590;3
1591;5
1592;1
1593;1
1594;8
1595;3
1596;2
1597;1
1598;3
1599;5
1600;4
1601;3
1602;8
1603;3
1604;3
1605;1
1606;3
1607;4
1608;3
1609;7
1610;2
1611;5
1612;1
1613;4
1614;1
1615;2
1616;6
1617;1
1618;1
1619;2
1620;1
1621;3
1622;4
1623;0
1624;4
1625;2
1626;2
1627;3
1628;2
1629;2
1630;3
1631;3
1632;2
1633;5
1634;0
1635;0
1636;1
1637;6
1638;1
1639;3
1640;5
1641;3
1642;3
1643;2
1644;3
1645;2
1646;2
1647;2
1648;4
1649;1
1650;0
1651;1
1652;1
1653;3
1654;2
1655;1
1656;3
1657;4
1658;3
1659;6
1660;2
1661;1
1662;1
1663;0
1664;4
1665;1
1666;4
1667;2
1668;1
1669;2
1670;0
1671;0
1672;2
1673;2
1674;1
1675;1
1676;0
1677;1
1678;3
1679;2
1680;1
1681;1
1682;3
1683;0
1684;0
1685;0
1686;2
1687;1
1688;3
1689;1
1690;4
1691;3
1692;2
1693;0
1694;1
1695;1
1696;3
1697;1
1698;0
1699;5
1700;2
1701;0
1702;1
1703;3
1704;1
1705;2
1706;0
1707;1
1708;1
1709;2
1710;1
1711;3
1712;0
1713;1
1714;0
1715;2
1716;1
1717;2
1718;1
1719;1
1720;0
1721;1
1722;0
1723;0
1724;0
1725;2
1726;0
1727;0
1728;0
1729;2
1730;0
1731;2
1732;0
1733;0
1734;3
1735;0
1736;2
1737;1
1738;1
1739;1
1740;1
1741;0
1742;2
1743;1
1744;0
1745;1
1746;0
1747;0
1748;0
1749;0
1750;0
1751;1
1752;0
1753;0
1754;0
1755;1
1756;1
1757;2
1758;1
1759;0
1760;0
1761;2
1762;1
1763;0
1764;0
1765;0
1766;0
1767;0
1768;1
1769;2
1770;1
1771;0
1772;1
1773;0
1774;0
1775;1
1776;0
1777;0
1778;0
1779;0
1780;0
1781;3
1782;2
1783;1
1784;2
1785;0
1786;3
1787;1
1788;0
1789;0
1790;0
1791;0
1792;1
1793;0
1794;0
1795;0
1796;1
1797;0
1798;1
1799;0
1800;0
1801;0
1802;1
1803;0
1804;0
1805;0
1806;1
1807;0
1808;1
1809;0
1810;0
1811;0
1812;1
1813;0
1814;0
1815;0
1816;0
1817;0
1818;1
1819;0
1820;0
1821;0
1822;0
1823;0
1824;1
1825;0
1826;1
1827;1
1828;1
1829;0
1830;0
1831;0
1832;0
1833;0
1834;0
1835;0
1836;0
1837;0
1838;0
1839;0
1840;0
1841;0
1842;0
1843;0
1844;0
1845;0
1846;0
1847;0
1848;0
1849;0
1850;0
1851;0
1852;0
1853;0
1854;0
1855;0
1856;0
1857;0
1858;0
1859;1
1860;0
1861;0
1862;0
1863;0
1864;0
1865;0
1866;0
1867;0
1868;0
1869;0
1870;0
1871;0
1872;0
1873;0
1874;0
1875;0
1876;0
1877;0
1878;0
1879;0
1880;0
1881;0
1882;0
1883;0
1884;0
1885;0
1886;0
1887;0
1888;0
1889;0
1890;0
1891;0
1892;0
1893;0
1894;0
1895;0
1896;0
1897;0
1898;0
1899;0
1900;0
1901;0
1902;0
1903;0
1904;0
1905;0
1906;0
1907;1
1908;0
1909;0
1910;0
1911;0
1912;0
1913;0
1914;0
1915;0
1916;0
1917;0
1918;0
1919;0
1920;0
1921;0
1922;0
1923;0
1924;0
1925;0
1926;0
1927;0
1928;0
1929;0
1930;0
1931;1
1932;0
1933;0
1934;0
1935;0
1936;0
1937;0
1938;0
1939;0
1940;0
1941;0
1942;0
1943;0
1944;0
1945;0
1946;0
1947;0
1948;0
1949;0
1950;0
1951;0
1952;0
1953;0
1954;0
1955;0
1956;0
1957;0
1958;0
1959;0
1960;0
1961;0
1962;0
1963;0
1964;0
1965;0
1966;0
1967;0
1968;0
1969;0
1970;0
1971;0
1972;0
1973;0
1974;0
1975;0
1976;0
1977;0
1978;0
1979;0
1980;0
1981;0
1982;0
1983;0
1984;0
1985;0
1986;0
1987;0
1988;0
1989;0
1990;0
1991;0
1992;0
1993;0
1994;0
1995;0
1996;0
1997;0
1998;0
1999;0
2000;0
2001;0
2002;0
2003;0
2004;0
2005;0
2006;0
2007;0
2008;0
2009;0
2010;0
2011;0
2012;0
2013;0
2014;0
2015;0
2016;0
2017;0
2018;0
2019;0
2020;0
2021;0
2022;0
2023;0
2024;0
2025;0
2026;0
2027;0
2028;0
2029;0
2030;0
2031;0
2032;0
2033;0
2034;0
2035;0
2036;0
2037;0
2038;0
2039;0
2040;0
2041;0
2042;0
2043;0
2044;0
2045;0
2046;0
2047;0
2048;0
2049;0
2050;0
2051;0
2052;0
2053;0
2054;0
2055;0
2056;0
2057;0
2058;0
2059;0
2060;0
2061;0
2062;0
2063;0
2064;0
2065;0
2066;0
2067;0
2068;0
2069;0
2070;0
2071;0
2072;0
2073;0
2074;0
2075;0
2076;0
2077;0
2078;0
2079;0
2080;0
2081;0
2082;0
2083;0
2084;0
2085;0
2086;0
2087;0
2088;0
2089;0
2090;0
2091;0
2092;0
2093;0
2094;0
2095;0
2096;0
2097;0
2098;0
2099;0
2100;0
2101;0
2102;0
2103;0
2104;0
2105;0
2106;0
2107;0
2108;0
2109;0
2110;0
2111;0
2112;0
2113;0
2114;0
2115;0
2116;0
2117;0
2118;0
2119;0
2120;0
2121;0
2122;0
2123;0
2124;0
2125;0
2126;0
2127;0
2128;0
2129;0
2130;0
2131;0
2132;0
2133;0
2134;0
2135;0
2136;0
2137;0
2138;0
2139;0
2140;0
2141;0
2142;0
2143;0
2144;0
2145;0
2146;0
2147;0
2148;0
2149;0
2150;0
2151;0
2152;0
2153;0
2154;0
2155;0
2156;0
2157;0
2158;0
2159;0
2160;0
2161;0
2162;0
2163;0
2164;0
2165;0
2166;0
2167;0
2168;0
2169;0
2170;0
2171;0
2172;0
2173;0
2174;0
2175;0
2176;0
2177;0
2178;0
2179;0
2180;0
2181;0
2182;0
2183;0
2184;0
2185;0
2186;0
2187;0
2188;0
2189;0
2190;0
2191;0
2192;0
2193;0
2194;0
2195;0
2196;0
2197;0
2198;0
2199;0
2200;0
2201;0
2202;0
2203;0
2204;0
2205;0
2206;0
2207;0
2208;0
2209;0
2210;0
2211;0
2212;0
2213;0
2214;0
2215;0
2216;0
2217;0
2218;0
2219;0
2220;0
2221;0
2222;0
2223;0
2224;0
2225;0
2226;0
2227;0
2228;0
2229;0
2230;0
2231;0
2232;0
2233;0
2234;0
2235;0
2236;0
2237;0
2238;0
2239;0
2240;0
2241;0
2242;0
2243;0
2244;0
2245;0
2246;0
2247;0
2248;0
2249;0
2250;0
2251;0
2252;0
2253;0
2254;0
2255;0
2256;0
2257;0
2258;0
2259;0
2260;0
2261;0
2262;0
2263;0
2264;0
2265;0
2266;0
2267;0
2268;0
2269;0
2270;0
2271;0
2272;0
2273;0
2274;0
2275;0
2276;0
2277;0
2278;0
2279;0
2280;0
2281;0
2282;0
2283;0
2284;0
2285;0
2286;0
2287;0
2288;0
2289;0
2290;0
2291;0
2292;0
2293;0
2294;0
2295;0
2296;0
2297;0
2298;0
2299;0
2300;0
2301;0
2302;0
2303;0
2304;0
2305;0
2306;0
2307;0
2308;0
2309;0
2310;0
2311;0
2312;0
2313;0
2314;0
2315;0
2316;0
2317;0
2318;0
2319;0
2320;0
2321;0
2322;0
2323;0
2324;0
2325;0
2326;0
2327;0
2328;0
2329;0
2330;0
2331;0
2332;0
2333;0
2334;0
2335;0
2336;0
2337;0
2338;0
2339;0
2340;0
2341;0
2342;0
2343;0
2344;0
2345;0
2346;0
2347;0
2348;0
2349;0
2350;0
2351;0
2352;0
2353;0
2354;0
2355;0
2356;0
2357;0
2358;0
2359;0
2360;0
2361;0
2362;0
2363;0
2364;0
2365;0
2366;0
2367;0
2368;0
2369;0
2370;0
2371;0
2372;0
2373;0
2374;0
2375;0
2376;0
2377;0
2378;0
2379;0
2380;0
2381;0
2382;0
2383;0
2384;0
2385;0
2386;0
2387;0
2388;0
2389;0
2390;0
2391;0
2392;0
2393;0
2394;0
2395;0
2396;0
2397;0
2398;0
2399;0
2400;0
2401;0
2402;0
2403;0
2404;0
2405;0
2406;0
2407;0
2408;0
2409;0
2410;0
2411;0
2412;0
2413;0
2414;0
2415;0
2416;0
2417;0
2418;0
2419;0
2420;0
2421;0
2422;0
2423;0
2424;0
2425;0
2426;0
2427;0
2428;0
2429;0
2430;0
2431;0
2432;0
2433;0
2434;0
2435;0
2436;0
2437;0
2438;0
2439;0
2440;0
2441;0
2442;0
2443;0
2444;0
2445;0
2446;0
2447;0
2448;0
2449;0
2450;0
2451;0
2452;0
2453;0
2454;0
2455;0
2456;0
2457;0
2458;0
2459;0
2460;0
2461;0
2462;0
2463;0
2464;0
2465;0
2466;0
2467;0
2468;0
2469;0
2470;0
2471;0
2472;0
2473;0
2474;0
2475;0
2476;0
2477;0
2478;0
2479;0
2480;0
2481;0
2482;0
2483;0
2484;0
2485;0
2486;0
2487;0
2488;0
2489;0
2490;0
2491;0
2492;0
2493;0
2494;0
2495;0
2496;0
2497;0
2498;0
2499;0
2500;0
2501;0
2502;0
2503;0
2504;0
2505;0
2506;0
2507;0
2508;0
2509;0
2510;0
2511;0
2512;0
2513;0
2514;0
2515;0
2516;0
2517;0
2518;0
2519;0
2520;0
2521;0
2522;0
2523;0
2524;0
2525;0
2526;0
2527;0
2528;0
2529;0
2530;0
2531;0
2532;0
2533;0
2534;0
2535;0
2536;0
2537;0
2538;0
2539;0
2540;0
2541;0
2542;0
2543;0
2544;0
2545;0
2546;0
2547;0
2548;0
2549;0
2550;0
2551;0
2552;0
2553;0
2554;0
2555;0
2556;0
2557;0
2558;0
2559;0
2560;0
2561;0
2562;0
2563;0
2564;0
2565;0
2566;0
2567;0
2568;0
2569;0
2570;0
2571;0
2572;0
2573;0
2574;0
2575;0
2576;0
2577;0
2578;0
2579;0
2580;0
2581;0
2582;0
2583;0
2584;0
2585;0
2586;0
2587;0
2588;0
2589;0
2590;0
2591;0
2592;0
2593;0
2594;0
2595;0
2596;0
2597;0
2598;0
2599;0
2600;0
2601;0
2602;0
2603;0
2604;0
2605;0
2606;0
2607;0
2608;0
2609;0
2610;0
2611;0
2612;0
2613;0
2614;0
2615;0
2616;0
2617;0
2618;0
2619;0
2620;0
2621;0
2622;0
2623;0
2624;0
2625;0
2626;0
2627;0
2628;0
2629;0
2630;0
2631;0
2632;0
2633;0
2634;0
2635;0
2636;0
2637;0
2638;0
2639;0
2640;0
2641;0
2642;0
2643;0
2644;0
2645;0
2646;0
2647;0
2648;0
2649;0
2650;0
2651;0
2652;0
2653;0
2654;0
2655;0
2656;0
2657;0
2658;0
2659;0
2660;0
2661;0
2662;0
2663;0
2664;0
2665;0
2666;0
2667;0
2668;0
2669;0
2670;0
2671;0
2672;0
2673;0
2674;0
2675;0
2676;0
2677;0
2678;0
2679;0
2680;0
2681;0
2682;0
2683;0
2684;0
2685;0
2686;0
2687;0
2688;0
2689;0
2690;0
2691;0
2692;0
2693;0
2694;0
2695;0
2696;0
2697;0
2698;0
2699;0
2700;0
2701;0
2702;0
2703;0
2704;0
2705;0
2706;0
2707;0
2708;0
2709;0
2710;0
2711;0
2712;0
2713;0
2714;0
2715;0
2716;0
2717;0
2718;0
2719;0
2720;0
2721;0
2722;0
2723;0
2724;0
2725;0
2726;0
2727;0
2728;0
2729;0
2730;0
2731;0
2732;0
2733;0
2734;0
2735;0
2736;0
2737;0
2738;0
2739;0
2740;0
2741;0
2742;0
2743;0
2744;0
2745;0
2746;0
2747;0
2748;0
2749;0
2750;0
2751;0
2752;0
2753;0
2754;0
2755;0
2756;0
2757;0
2758;0
2759;0
2760;0
2761;0
2762;0
2763;0
2764;0
2765;0
2766;0
2767;0
2768;0
2769;0
2770;0
2771;0
2772;0
2773;0
2774;0
2775;0
2776;0
2777;0
2778;0
2779;0
2780;0
2781;0
2782;0
2783;0
2784;0
2785;0
2786;0
2787;0
2788;0
2789;0
2790;0
2791;0
2792;0
2793;0
2794;0
2795;0
2796;0
2797;0
2798;0
2799;0
2800;0
2801;0
2802;0
2803;0
2804;0
2805;0
2806;0
2807;0
2808;0
2809;0
2810;0
2811;0
2812;0
2813;0
2814;0
2815;0
2816;0
2817;0
2818;0
2819;0
2820;0
2821;0
2822;0
2823;0
2824;0
2825;0
2826;0
2827;0
2828;0
2829;0
2830;0
2831;0
2832;0
2833;0
2834;0
2835;0
2836;0
2837;0
2838;0
2839;0
2840;0
2841;0
2842;0
2843;0
2844;0
2845;0
2846;0
2847;0
2848;0
2849;0
2850;0
2851;0
2852;0
2853;0
2854;0
2855;0
2856;0
2857;0
2858;0
2859;0
2860;0
2861;0
2862;0
2863;0
2864;0
2865;0
2866;0
2867;0
2868;0
2869;0
2870;0
2871;0
2872;0
2873;0
2874;0
2875;0
2876;0
2877;0
2878;0
2879;0
2880;0
2881;0
2882;0
2883;0
2884;0
2885;0
2886;0
2887;0
2888;0
2889;0
2890;0
2891;0
2892;0
2893;0
2894;0
2895;0
2896;0
2897;0
2898;0
2899;0
2900;0
2901;0
2902;0
2903;0
2904;0
2905;0
2906;0
2907;0
2908;0
2909;0
2910;0
2911;0
2912;0
2913;0
2914;0
2915;0
2916;0
2917;0
2918;0
2919;0
2920;0
2921;0
2922;0
2923;0
2924;0
2925;0
2926;0
2927;0
2928;0
2929;0
2930;0
2931;0
2932;0
2933;0
2934;0
2935;0
2936;0
2937;0
2938;0
2939;0
2940;0
2941;0
2942;0
2943;0
2944;0
2945;0
2946;0
2947;0
2948;0
2949;0
2950;0
2951;0
2952;0
2953;0
2954;0
2955;0
2956;0
2957;0
2958;0
2959;0
2960;0
2961;0
2962;0
2963;0
2964;0
2965;0
2966;0
2967;0
2968;0
2969;0
2970;0
2971;0
2972;0
2973;0
2974;0
2975;0
2976;0
2977;0
2978;0
2979;0
2980;0
2981;0
2982;0
2983;0
2984;0
2985;0
2986;0
2987;0
2988;0
2989;0
2990;0
2991;0
2992;0
2993;0
2994;0
2995;0
2996;0
2997;0
2998;0
2999;0
3000;0
3001;0
3002;0
3003;0
3004;0
3005;0
3006;0
3007;0
3008;0
3009;0
3010;0
3011;0
3012;0
3013;0
3014;0
3015;0
3016;0
3017;0
3018;0
3019;0
3020;0
3021;0
3022;0
3023;0
3024;0
3025;0
3026;0
3027;0
3028;0
3029;0
3030;0
3031;0
3032;0
3033;0
3034;0
3035;0
3036;0
3037;0
3038;0
3039;0
3040;0
3041;0
3042;0
3043;0
3044;0
3045;0
3046;0
3047;0
3048;0
3049;0
3050;0
3051;0
3052;0
3053;0
3054;0
3055;0
3056;0
3057;0
3058;0
3059;0
3060;0
3061;0
3062;0
3063;0
3064;0
3065;0
3066;0
3067;0
3068;0
3069;0
3070;0
3071;0
3072;0
3073;0
3074;0
3075;0
3076;0
3077;0
3078;0
3079;0
3080;0
3081;0
3082;0
3083;0
3084;0
3085;0
3086;0
3087;0
3088;0
3089;0
3090;0
3091;0
3092;0
3093;0
3094;0
3095;0
3096;0
3097;0
3098;0
3099;0
3100;0
3101;0
3102;0
3103;0
3104;0
3105;0
3106;0
3107;0
3108;0
3109;0
3110;0
3111;0
3112;0
3113;0
3114;0
3115;0
3116;0
3117;0
3118;0
3119;0
3120;0
3121;0
3122;0
3123;0
3124;0
3125;0
3126;0
3127;0
3128;0
3129;0
3130;0
3131;0
3132;0
3133;0
3134;0
3135;0
3136;0
3137;0
3138;0
3139;0
3140;0
3141;0
3142;0
3143;0
3144;0
3145;0
3146;0
3147;0
3148;0
3149;0
3150;0
3151;0
3152;0
3153;0
3154;0
3155;0
3156;0
3157;0
3158;0
3159;0
3160;0
3161;0
3162;0
3163;0
3164;0
3165;0
3166;0
3167;0
3168;0
3169;0
3170;0
3171;0
3172;0
3173;0
3174;0
3175;0
3176;0
3177;0
3178;0
3179;0
3180;0
3181;0
3182;0
3183;0
3184;0
3185;0
3186;0
3187;0
3188;0
3189;0
3190;0
3191;0
3192;0
3193;0
3194;0
3195;0
3196;0
3197;0
3198;0
3199;0
3200;0
3201;0
3202;0
3203;0
3204;0
3205;0
3206;0
3207;0
3208;0
3209;0
3210;0
3211;0
3212;0
3213;0
3214;0
3215;0
3216;0
3217;0
3218;0
3219;0
3220;0
3221;0
3222;0
3223;0
3224;0
3225;0
3226;0
3227;0
3228;0
3229;0
3230;0
3231;0
3232;0
3233;0
3234;0
3235;0
3236;0
3237;0
3238;0
3239;0
3240;0
3241;0
3242;0
3243;0
3244;0
3245;0
3246;0
3247;0
3248;0
3249;0
3250;0
3251;0
3252;0
3253;0
3254;0
3255;0
3256;0
3257;0
3258;0
3259;0
3260;0
3261;0
3262;0
3263;0
3264;0
3265;0
3266;0
3267;0
3268;0
3269;0
3270;0
3271;0
3272;0
3273;0
3274;0
3275;0
3276;0
3277;0
3278;0
3279;0
3280;0
3281;0
3282;0
3283;0
3284;0
3285;0
3286;0
3287;0
3288;0
3289;0
3290;0
3291;0
3292;0
3293;0
3294;0
3295;0
3296;0
3297;0
3298;0
3299;0
3300;0
3301;0
3302;0
3303;0
3304;0
3305;0
3306;0
3307;0
3308;0
3309;0
3310;0
3311;0
3312;0
3313;0
3314;0
3315;0
3316;0
3317;0
3318;0
3319;0
3320;0
3321;0
3322;0
3323;0
3324;0
3325;0
3326;0
3327;0
3328;0
3329;0
3330;0
3331;0
3332;0
3333;0
3334;0
3335;0
3336;0
3337;0
3338;0
3339;0
3340;0
3341;0
3342;0
3343;0
3344;0
3345;0
3346;0
3347;0
3348;0
3349;0
3350;0
3351;0
3352;0
3353;0
3354;0
3355;0
3356;0
3357;0
3358;0
3359;0
3360;0
3361;0
3362;0
3363;0
3364;0
3365;0
3366;0
3367;0
3368;0
3369;0
3370;0
3371;0
3372;0
3373;0
3374;0
3375;0
3376;0
3377;0
3378;0
3379;0
3380;0
3381;0
3382;0
3383;0
3384;0
3385;0
3386;0
3387;0
3388;0
3389;0
3390;0
3391;0
3392;0
3393;0
3394;0
3395;0
3396;0
3397;0
3398;0
3399;0
3400;0
3401;0
3402;0
3403;0
3404;0
3405;0
3406;0
3407;0
3408;0
3409;0
3410;0
3411;0
3412;0
3413;0
3414;0
3415;0
3416;0
3417;0
3418;0
3419;0
3420;0
3421;0
3422;0
3423;0
3424;0
3425;0
3426;0
3427;0
3428;0
3429;0
3430;0
3431;0
3432;0
3433;0
3434;0
3435;0
3436;0
3437;0
3438;0
3439;0
3440;0
3441;0
3442;0
3443;0
3444;0
3445;0
3446;0
3447;0
3448;0
3449;0
3450;0
3451;0
3452;0
3453;0
3454;0
3455;0
3456;0
3457;0
3458;0
3459;0
3460;0
3461;0
3462;0
3463;0
3464;0
3465;0
3466;0
3467;0
3468;0
3469;0
3470;0
3471;0
3472;0
3473;0
3474;0
3475;0
3476;0
3477;0
3478;0
3479;0
3480;0
3481;0
3482;0
3483;0
3484;0
3485;0
3486;0
3487;0
3488;0
3489;0
3490;0
3491;0
3492;0
3493;0
3494;0
3495;0
3496;0
3497;0
3498;0
3499;0
3500;0
3501;0
3502;0
3503;0
3504;0
3505;0
3506;0
3507;0
3508;0
3509;0
3510;0
3511;0
3512;0
3513;0
3514;0
3515;0
3516;0
3517;0
3518;0
3519;0
3520;0
3521;0
3522;0
3523;0
3524;0
3525;0
3526;0
3527;0
3528;0
3529;0
3530;0
3531;0
3532;0
3533;0
3534;0
3535;0
3536;0
3537;0
3538;0
3539;0
3540;0
3541;0
3542;0
3543;0
3544;0
3545;0
3546;0
3547;0
3548;0
3549;0
3550;0
3551;0
3552;0
3553;0
3554;0
3555;0
3556;0
3557;0
3558;0
3559;0
3560;0
3561;0
3562;0
3563;0
3564;0
3565;0
3566;0
3567;0
3568;0
3569;0
3570;0
3571;0
3572;0
3573;0
3574;0
3575;0
3576;0
3577;0
3578;0
3579;0
3580;0
3581;0
3582;0
3583;0
3584;0
3585;0
3586;0
3587;0
3588;0
3589;0
3590;0
3591;0
3592;0
3593;0
3594;0
3595;0
3596;0
3597;0
3598;0
3599;0
3600;0
3601;0
3602;0
3603;0
3604;0
3605;0
3606;0
3607;0
3608;0
3609;0
3610;0
3611;0
3612;0
3613;0
3614;0
3615;0
3616;0
3617;0
3618;0
3619;0
3620;0
3621;0
3622;0
3623;0
3624;0
3625;0
3626;0
3627;0
3628;0
3629;0
3630;0
3631;0
3632;0
3633;0
3634;0
3635;0
3636;0
3637;0
3638;0
3639;0
3640;0
3641;0
3642;0
3643;0
3644;0
3645;0
3646;0
3647;0
3648;0
3649;0
3650;0
3651;0
3652;0
3653;0
3654;0
3655;0
3656;0
3657;0
3658;0
3659;0
3660;0
3661;0
3662;0
3663;0
3664;0
3665;0
3666;0
3667;0
3668;0
3669;0
3670;0
3671;0
3672;0
3673;0
3674;0
3675;0
3676;0
3677;0
3678;0
3679;0
3680;0
3681;0
3682;0
3683;0
3684;0
3685;0
3686;0
3687;0
3688;0
3689;0
3690;0
3691;0
3692;0
3693;0
3694;0
3695;0
3696;0
3697;0
3698;0
3699;0
3700;0
3701;0
3702;0
3703;0
3704;0
3705;0
3706;0
3707;0
3708;0
3709;0
3710;0
3711;0
3712;0
3713;0
3714;0
3715;0
3716;0
3717;0
3718;0
3719;0
3720;0
3721;0
3722;0
3723;0
3724;0
3725;0
3726;0
3727;0
3728;0
3729;0
3730;0
3731;0
3732;0
3733;0
3734;0
3735;0
3736;0
3737;0
3738;0
3739;0
3740;0
3741;0
3742;0
3743;0
3744;0
3745;0
3746;0
3747;0
3748;0
3749;0
3750;0
3751;0
3752;0
3753;0
3754;0
3755;0
3756;0
3757;0
3758;0
3759;0
3760;0
3761;0
3762;0
3763;0
3764;0
3765;0
3766;0
3767;0
3768;0
3769;0
3770;0
3771;0
3772;0
3773;0
3774;0
3775;0
3776;0
3777;0
3778;0
3779;0
3780;0
3781;0
3782;0
3783;0
3784;0
3785;0
3786;0
3787;0
3788;0
3789;0
3790;0
3791;0
3792;0
3793;0
3794;0
3795;0
3796;0
3797;0
3798;0
3799;0
3800;0
3801;0
3802;0
3803;0
3804;0
3805;0
3806;0
3807;0
3808;0
3809;0
3810;0
3811;0
3812;0
3813;0
3814;0
3815;0
3816;0
3817;0
3818;0
3819;0
3820;0
3821;0
3822;0
3823;0
3824;0
3825;0
3826;0
3827;0
3828;0
3829;0
3830;0
3831;0
3832;0
3833;0
3834;0
3835;0
3836;0
3837;0
3838;0
3839;0
3840;0
3841;0
3842;0
3843;0
3844;0
3845;0
3846;0
3847;0
3848;0
3849;0
3850;0
3851;0
3852;0
3853;0
3854;0
3855;0
3856;0
3857;0
3858;0
3859;0
3860;0
3861;0
3862;0
3863;0
3864;0
3865;0
3866;0
3867;0
3868;0
3869;0
3870;0
3871;0
3872;0
3873;0
3874;0
3875;0
3876;0
3877;0
3878;0
3879;0
3880;0
3881;0
3882;0
3883;0
3884;0
3885;0
3886;0
3887;0
3888;0
3889;0
3890;0
3891;0
3892;0
3893;0
3894;0
3895;0
3896;0
3897;0
3898;0
3899;0
3900;0
3901;0
3902;0
3903;0
3904;0
3905;0
3906;0
3907;0
3908;0
3909;0
3910;0
3911;0
3912;0
3913;0
3914;0
3915;0
3916;0
3917;0
3918;0
3919;0
3920;0
3921;0
3922;0
3923;0
3924;0
3925;0
3926;0
3927;0
3928;0
3929;0
3930;0
3931;0
3932;0
3933;0
3934;0
3935;0
3936;0
3937;0
3938;0
3939;0
3940;0
3941;0
3942;0
3943;0
3944;0
3945;0
3946;0
3947;0
3948;0
3949;0
3950;0
3951;0
3952;0
3953;0
3954;0
3955;0
3956;0
3957;0
3958;0
3959;0
3960;0
3961;0
3962;0
3963;0
3964;0
3965;0
3966;0
3967;0
3968;0
3969;0
3970;0
3971;0
3972;0
3973;0
3974;0
3975;0
3976;0
3977;0
3978;0
3979;0
3980;0
3981;0
3982;0
3983;0
3984;0
3985;0
3986;0
3987;0
3988;0
3989;0
3990;0
3991;0
3992;0
3993;0
3994;0
3995;0
3996;0
3997;0
3998;0
3999;0
4000;0
4001;0
4002;0
4003;0
4004;0
4005;0
4006;0
4007;0
4008;0
4009;0
4010;0
4011;0
4012;0
4013;0
4014;0
4015;0
4016;0
4017;0
4018;0
4019;0
4020;0
4021;0
4022;0
4023;0
4024;0
4025;0
4026;0
4027;0
4028;0
4029;0
4030;0
4031;0
4032;0
4033;0
4034;0
4035;0
4036;0
4037;0
4038;0
4039;0
4040;0
4041;0
4042;0
4043;0
4044;0
4045;0
4046;0
4047;0
4048;0
4049;0
4050;0
4051;0
4052;0
4053;0
4054;0
4055;0
4056;0
4057;0
4058;0
4059;0
4060;0
4061;0
4062;0
4063;0
4064;0
4065;0
4066;0
4067;0
4068;0
4069;0
4070;0
4071;0
4072;0
4073;0
4074;0
4075;0
4076;0
4077;0
4078;0
4079;0
4080;0
4081;0
4082;0
4083;0
4084;0
4085;0
4086;0
4087;0
4088;0
4089;0
4090;0
4091;0
4092;0
4093;0
4094;0
4095;0
4096;0
