/* L = 8, Z = 27000 */
/* p;ocurrencias de percolacion;Masa promedio */
0.010000;0;0
0.020000;0;0
0.030000;0;0
0.040000;0;0
0.050000;0;0
0.060000;0;0
0.070000;0;0
0.080000;0;0
0.090000;0;0
0.100000;0;0
0.110000;0;0
0.120000;0;0
0.130000;0;0
0.140000;1;10
0.150000;1;10
0.160000;1;10
0.170000;1;10
0.180000;2;22
0.190000;2;22
0.200000;3;43
0.210000;3;45
0.220000;6;81
0.230000;8;114
0.240000;9;129
0.250000;17;257
0.260000;27;415
0.270000;48;704
0.280000;65;989
0.290000;85;1328
0.300000;120;1919
0.310000;160;2624
0.320000;199;3345
0.330000;254;4368
0.340000;317;5545
0.350000;399;7189
0.360000;485;8916
0.370000;602;11464
0.380000;765;14946
0.390000;941;18714
0.400000;1158;23568
0.410000;1383;28769
0.420000;1634;34698
0.430000;1954;42341
0.440000;2317;51509
0.450000;2789;63768
0.460000;3260;76161
0.470000;3754;89981
0.480000;4343;106544
0.490000;4963;124672
0.500000;5649;145167
0.500100;5658;145407
0.500200;5660;145523
0.500300;5665;145684
0.500400;5669;145874
0.500500;5678;146144
0.500600;5696;146613
0.500700;5704;146822
0.500800;5715;147137
0.500900;5726;147456
0.501000;5738;147785
0.501100;5750;148137
0.501200;5832;148783
0.501300;5835;148910
0.501400;5838;149021
0.501500;5847;149323
0.501600;5857;149600
0.501700;5863;149771
0.501800;5869;149960
0.501900;5881;150295
0.502000;5888;150535
0.502100;5896;150813
0.502200;5901;151031
0.502300;5903;151141
0.502400;5911;151371
0.502500;5918;151542
0.502600;5923;151729
0.502700;5932;151989
0.502800;5941;152251
0.502900;5935;152113
0.503000;5946;152402
0.503100;5955;152713
0.503200;5965;153013
0.503300;5967;153104
0.503400;5971;153253
0.503500;5973;153342
0.503600;5984;153622
0.503700;5992;153861
0.503800;6005;154252
0.503900;6014;154505
0.504000;6019;154663
0.504100;6026;154906
0.504200;6037;155198
0.504300;6043;155438
0.504400;6054;155755
0.504500;6060;155997
0.504600;6126;158259
0.504700;6132;158431
0.504800;6136;158558
0.504900;6142;158737
0.505000;6157;159182
0.505100;6160;159312
0.505200;6165;159473
0.505300;6170;159675
0.505400;6174;159856
0.505500;6182;160120
0.505600;6188;160308
0.505700;6195;160512
0.505800;6202;160741
0.505900;6209;161009
0.506000;6215;161203
0.506100;6223;161382
0.506200;6271;162755
0.506300;6279;162982
0.506400;6290;163304
0.506500;6299;163587
0.506600;6304;163775
0.506700;6308;163921
0.506800;6319;164278
0.506900;6330;164584
0.507000;6337;164777
0.507100;6345;165033
0.507200;6350;165210
0.507300;6356;165476
0.507400;6368;165778
0.507500;6377;166103
0.507600;6386;166394
0.507700;6392;166588
0.507800;6396;166721
0.507900;6391;166851
0.508000;6398;167052
0.508100;6410;167381
0.508200;6416;167580
0.508300;6419;167729
0.508400;6430;168060
0.508500;6436;168300
0.508600;6445;168594
0.508700;6455;168866
0.508800;6466;169181
0.508900;6472;169388
0.509000;6479;169615
0.509100;6491;169934
0.509200;6500;170226
0.509300;6514;170627
0.509400;6522;170879
0.509500;6525;171043
0.509600;6503;170304
0.509700;6512;170593
0.509800;6519;170875
0.509900;6524;171042
0.510000;6532;171288
0.510100;6544;171660
0.510200;6551;171907
0.510300;6559;172183
0.510400;6569;172495
0.510500;6577;172715
0.510600;6584;172927
0.510700;6590;173115
0.510800;6597;173313
0.510900;6604;173549
0.511000;6610;173757
0.511100;6621;174050
0.511200;6629;173612
0.511300;6637;173844
0.511400;6646;174080
0.511500;6656;174427
0.511600;6663;174701
0.511700;6670;174904
0.511800;6677;175110
0.511900;6683;175286
0.512000;6692;175624
0.512100;6696;175792
0.512200;6705;176089
0.512300;6716;176396
0.512400;6723;176572
0.512500;6732;176843
0.512600;6735;176993
0.512700;6743;177259
0.512800;6748;177403
0.512900;6722;177701
0.513000;6730;177949
0.513100;6741;178290
0.513200;6747;178516
0.513300;6756;178809
0.513400;6759;178953
0.513500;6766;179195
0.513600;6773;179416
0.513700;6779;179635
0.513800;6785;179854
0.513900;6791;180059
0.514000;6799;180304
0.514100;6807;180524
0.514200;6810;180631
0.514300;6820;180966
0.514400;6833;181315
0.514500;6820;181138
0.514600;6828;181382
0.514700;6840;181754
0.514800;6850;182086
0.514900;6854;182254
0.515000;6867;182631
0.515100;6875;182939
0.515200;6883;183196
0.515300;6894;183557
0.515400;6904;183859
0.515500;6914;184221
0.515600;6923;184504
0.515700;6930;184734
0.515800;6935;184904
0.515900;6939;185050
0.516000;6948;185329
0.516100;6961;185687
0.516200;6899;182967
0.516300;6913;183353
0.516400;6923;183659
0.516500;6935;184027
0.516600;6939;184216
0.516700;6944;184432
0.516800;6948;184573
0.516900;6959;184918
0.517000;6970;185233
0.517100;6977;185527
0.517200;6988;185909
0.517300;6998;186218
0.517400;7007;186510
0.517500;7021;186934
0.517600;7031;187228
0.517700;7037;187458
0.517800;7042;187678
0.517900;7091;189455
0.518000;7097;189707
0.518100;7103;189912
0.518200;7116;190320
0.518300;7126;190619
0.518400;7132;190878
0.518500;7143;191160
0.518600;7149;191387
0.518700;7160;191779
0.518800;7171;192100
0.518900;7176;192297
0.519000;7191;192680
0.519100;7204;193064
0.519200;7206;193208
0.519300;7212;193434
0.519400;7217;193624
0.519500;7274;195453
0.519600;7282;195694
0.519700;7289;195928
0.519800;7295;196206
0.519900;7301;196435
0.520000;7309;196689
0.520100;7317;196944
0.520200;7327;197309
0.520300;7334;197547
0.520400;7341;197818
0.520500;7347;198036
0.520600;7353;198221
0.520700;7363;198575
0.520800;7371;198819
0.520900;7383;199174
0.521000;7396;199550
0.521100;7405;199867
0.521200;7455;200881
0.521300;7463;201124
0.521400;7473;201448
0.521500;7478;201658
0.521600;7486;201932
0.521700;7496;202220
0.521800;7501;202439
0.521900;7505;202548
0.522000;7514;202848
0.522100;7520;203061
0.522200;7530;203449
0.522300;7544;203871
0.522400;7552;204093
0.522500;7561;204392
0.522600;7567;204610
0.522700;7577;204936
0.522800;7610;206633
0.522900;7616;206854
0.523000;7623;207074
0.523100;7633;207404
0.523200;7644;207822
0.523300;7654;208156
0.523400;7660;208371
0.523500;7667;208643
0.523600;7672;208873
0.523700;7678;209122
0.523800;7684;209327
0.523900;7690;209532
0.524000;7698;209825
0.524100;7702;209985
0.524200;7710;210236
0.524300;7721;210558
0.524400;7636;207373
0.524500;7642;207568
0.524600;7647;207768
0.524700;7661;208161
0.524800;7671;208444
0.524900;7676;208648
0.525000;7681;208842
0.525100;7687;209043
0.525200;7694;209256
0.525300;7699;209480
0.525400;7706;209739
0.525500;7719;210164
0.525600;7732;210548
0.525700;7740;210826
0.525800;7746;211062
0.525900;7759;211484
0.526000;7768;211796
0.526100;7744;211203
0.526200;7752;211509
0.526300;7758;211704
0.526400;7767;211993
0.526500;7771;212175
0.526600;7778;212442
0.526700;7788;212762
0.526800;7797;213060
0.526900;7805;213281
0.527000;7811;213516
0.527100;7823;213891
0.527200;7828;214118
0.527300;7847;214621
0.527400;7857;214877
0.527500;7860;215066
0.527600;7873;215434
0.527700;7787;212147
0.527800;7799;212542
0.527900;7811;212886
0.528000;7821;213193
0.528100;7827;213431
0.528200;7831;213646
0.528300;7836;213858
0.528400;7843;214178
0.528500;7849;214390
0.528600;7856;214656
0.528700;7873;215099
0.528800;7879;215308
0.528900;7889;215644
0.529000;7898;215925
0.529100;7908;216261
0.529200;7917;216570
0.529300;7971;219552
0.529400;7980;219809
0.529500;7985;220029
0.529600;7995;220335
0.529700;8005;220639
0.529800;8017;221012
0.529900;8025;221247
0.530000;8034;221543
0.530100;8047;221927
0.530200;8057;222328
0.530300;8070;222711
0.530400;8079;223026
0.530500;8088;223378
0.530600;8096;223714
0.530700;8102;223900
0.530800;8114;224268
0.530900;8326;228846
0.531000;8334;229104
0.531100;8338;229299
0.531200;8343;229491
0.531300;8349;229756
0.531400;8354;229943
0.531500;8359;230146
0.531600;8369;230493
0.531700;8377;230815
0.531800;8383;231011
0.531900;8389;231240
0.532000;8396;231504
0.532100;8403;231756
0.532200;8410;231983
0.532300;8416;232209
0.532400;8436;232749
0.532500;8447;233115
0.532600;8190;226718
0.532700;8199;227057
0.532800;8207;227335
0.532900;8219;227638
0.533000;8227;227878
0.533100;8237;228204
0.533200;8246;228490
0.533300;8254;228729
0.533400;8265;229083
0.533500;8273;229342
0.533600;8280;229624
0.533700;8291;229932
0.533800;8303;230317
0.533900;8312;230603
0.534000;8324;230955
0.534100;8335;231309
0.534200;8622;240282
0.534300;8633;240622
0.534400;8641;240863
0.534500;8652;241173
0.534600;8657;241395
0.534700;8666;241761
0.534800;8676;242052
0.534900;8682;242275
0.535000;8691;242579
0.535100;8698;242811
0.535200;8705;243049
0.535300;8718;243483
0.535400;8722;243705
0.535500;8731;244040
0.535600;8739;244295
0.535700;8746;244545
0.535800;8650;240265
0.535900;8664;240682
0.536000;8669;240896
0.536100;8680;241316
0.536200;8688;241638
0.536300;8702;242067
0.536400;8719;242544
0.536500;8730;242848
0.536600;8740;243187
0.536700;8750;243508
0.536800;8760;243890
0.536900;8766;244117
0.537000;8774;244405
0.537100;8787;244800
0.537200;8799;245159
0.537300;8805;245399
0.537400;8809;245536
0.537500;8959;251114
0.537600;8963;251284
0.537700;8971;251561
0.537800;8979;251875
0.537900;8987;252130
0.538000;8996;252413
0.538100;9006;252789
0.538200;9017;253171
0.538300;9029;253544
0.538400;9035;253804
0.538500;9049;254211
0.538600;9054;254447
0.538700;9059;254683
0.538800;9068;254981
0.538900;9074;255192
0.539000;9087;255632
0.539100;9016;253477
0.539200;9021;253699
0.539300;9027;253938
0.539400;9033;254162
0.539500;9044;254521
0.539600;9056;254897
0.539700;9066;255225
0.539800;9072;255488
0.539900;9085;255965
0.540000;9092;256213
0.540100;9102;256513
0.540200;9107;256698
0.540300;9116;257023
0.540400;9122;257209
0.540500;9132;257561
0.540600;9136;257771
0.540700;9141;257955
0.540800;9260;262195
0.540900;9263;262341
0.541000;9273;262724
0.541100;9281;263031
0.541200;9290;263381
0.541300;9297;263686
0.541400;9309;264097
0.541500;9319;264437
0.541600;9326;264694
0.541700;9338;265111
0.541800;9341;265268
0.541900;9352;265659
0.542000;9359;265887
0.542100;9369;266230
0.542200;9378;266533
0.542300;9386;266849
0.542400;9327;266079
0.542500;9336;266391
0.542600;9342;266634
0.542700;9348;266878
0.542800;9360;267252
0.542900;9374;267731
0.543000;9385;268096
0.543100;9393;268365
0.543200;9402;268702
0.543300;9420;269182
0.543400;9431;269547
0.543500;9439;269868
0.543600;9447;270212
0.543700;9459;270634
0.543800;9466;270895
0.543900;9483;271433
0.544000;9361;267583
0.544100;9372;267966
0.544200;9378;268237
0.544300;9386;268566
0.544400;9394;268812
0.544500;9401;269111
0.544600;9408;269367
0.544700;9415;269641
0.544800;9426;270041
0.544900;9437;270430
0.545000;9448;270744
0.545100;9459;271090
0.545200;9468;271407
0.545300;9481;271823
0.545400;9490;272110
0.545500;9500;272512
0.545600;9506;272769
0.545700;9633;275785
0.545800;9641;276083
0.545900;9647;276305
0.546000;9659;276758
0.546100;9665;277033
0.546200;9680;277502
0.546300;9685;277707
0.546400;9694;278020
0.546500;9704;278352
0.546600;9712;278685
0.546700;9726;279152
0.546800;9732;279416
0.546900;9740;279782
0.547000;9747;280080
0.547100;9759;280459
0.547200;9768;280806
0.547300;9777;281174
0.547400;9860;283442
0.547500;9868;283730
0.547600;9875;283973
0.547700;9887;284423
0.547800;9907;285132
0.547900;9916;285494
0.548000;9923;285764
0.548100;9932;286095
0.548200;9945;286461
0.548300;9956;286880
0.548400;9962;287149
0.548500;9970;287426
0.548600;9979;287792
0.548700;9990;288193
0.548800;9998;288472
0.548900;10006;288824
0.549000;9925;286208
0.549100;9934;286534
0.549200;9942;286842
0.549300;9955;287275
0.549400;9968;287717
0.549500;9976;288075
0.549600;9985;288466
0.549700;9993;288760
0.549800;10007;289189
0.549900;10013;289468
0.550000;10023;289843
0.550100;10031;290153
0.550200;10035;290368
0.550300;10049;290829
0.550400;10061;291249
0.550500;10074;291684
0.550600;10085;292012
0.550700;10179;295549
0.550800;10188;295884
0.550900;10192;296045
0.551000;10199;296341
0.551100;10213;296857
0.551200;10219;297115
0.551300;10228;297456
0.551400;10239;297803
0.551500;10248;298103
0.551600;10259;298501
0.551700;10272;298997
0.551800;10283;299403
0.551900;10292;299789
0.552000;10311;300463
0.552100;10321;300833
0.552200;10335;301296
0.552300;10205;297678
0.552400;10212;297976
0.552500;10219;298237
0.552600;10229;298587
0.552700;10238;298933
0.552800;10247;299221
0.552900;10253;299551
0.553000;10261;299851
0.553100;10265;300063
0.553200;10278;300551
0.553300;10288;300880
0.553400;10294;301110
0.553500;10302;301406
0.553600;10309;301675
0.553700;10319;302003
0.553800;10323;302268
0.553900;10336;302734
0.554000;10503;305801
0.554100;10511;306171
0.554200;10518;306460
0.554300;10522;306658
0.554400;10532;307022
0.554500;10544;307445
0.554600;10552;307762
0.554700;10556;307984
0.554800;10566;308361
0.554900;10576;308749
0.555000;10593;309301
0.555100;10602;309638
0.555200;10615;310111
0.555300;10620;310376
0.555400;10624;310547
0.555500;10642;311121
0.555600;10653;311479
0.555700;10639;313716
0.555800;10652;314072
0.555900;10660;314353
0.556000;10668;314646
0.556100;10682;315121
0.556200;10695;315526
0.556300;10706;315934
0.556400;10713;316241
0.556500;10726;316718
0.556600;10733;317005
0.556700;10745;317408
0.556800;10756;317772
0.556900;10767;318199
0.557000;10780;318714
0.557100;10788;319021
0.557200;10799;319449
0.557300;10854;318009
0.557400;10869;318570
0.557500;10882;319033
0.557600;10889;319331
0.557700;10892;319525
0.557800;10905;319990
0.557900;10916;320391
0.558000;10926;320767
0.558100;10934;321065
0.558200;10947;321493
0.558300;10960;322006
0.558400;10969;322371
0.558500;10977;322671
0.558600;10980;322923
0.558700;10991;323352
0.558800;11008;323935
0.558900;11017;324276
0.559000;10855;321853
0.559100;10862;322142
0.559200;10871;322478
0.559300;10882;322884
0.559400;10887;323178
0.559500;10894;323512
0.559600;10899;323692
0.559700;10907;324083
0.559800;10920;324551
0.559900;10935;325076
0.560000;10945;325456
0.560100;10958;325912
0.560200;10965;326189
0.560300;10973;326464
0.560400;10979;326736
0.560500;10985;326998
0.560600;10991;326806
0.560700;11004;327316
0.560800;11020;327855
0.560900;11029;328219
0.561000;11043;328656
0.561100;11053;329017
0.561200;11063;329397
0.561300;11076;329849
0.561400;11085;330162
0.561500;11095;330591
0.561600;11108;331070
0.561700;11115;331317
0.561800;11126;331712
0.561900;11139;332164
0.562000;11155;332720
0.562100;11163;333090
0.562200;11173;333502
0.562300;11193;333529
0.562400;11205;334025
0.562500;11211;334296
0.562600;11221;334679
0.562700;11230;335038
0.562800;11241;335451
0.562900;11245;335710
0.563000;11255;336065
0.563100;11268;336475
0.563200;11274;336775
0.563300;11291;337351
0.563400;11303;337786
0.563500;11315;338196
0.563600;11322;338487
0.563700;11333;338913
0.563800;11341;339295
0.563900;11349;339588
0.564000;11382;340523
0.564100;11395;341010
0.564200;11401;341270
0.564300;11408;341560
0.564400;11422;342028
0.564500;11427;342302
0.564600;11440;342765
0.564700;11454;343274
0.564800;11467;343776
0.564900;11475;344099
0.565000;11487;344547
0.565100;11498;344929
0.565200;11506;345249
0.565300;11514;345553
0.565400;11519;345787
0.565500;11526;346117
0.565600;11538;346598
0.565700;11570;348290
0.565800;11578;348600
0.565900;11593;349105
0.566000;11606;349553
0.566100;11618;350029
0.566200;11629;350465
0.566300;11641;350891
0.566400;11652;351272
0.566500;11662;351680
0.566600;11673;352098
0.566700;11688;352581
0.566800;11694;352869
0.566900;11703;353212
0.567000;11722;353794
0.567100;11736;354370
0.567200;11745;354691
0.567300;11690;352389
0.567400;11699;352833
0.567500;11705;353096
0.567600;11717;353570
0.567700;11725;353917
0.567800;11731;354174
0.567900;11745;354728
0.568000;11755;355183
0.568100;11766;355634
0.568200;11774;355960
0.568300;11782;356301
0.568400;11794;356733
0.568500;11810;357357
0.568600;11820;357737
0.568700;11829;358089
0.568800;11838;358411
0.568900;11850;358912
0.569000;11939;361677
0.569100;11950;362074
0.569200;11958;362476
0.569300;11970;362974
0.569400;11983;363491
0.569500;12001;364154
0.569600;12014;364607
0.569700;12022;364908
0.569800;12035;365374
0.569900;12050;365914
0.570000;12065;366474
0.570100;12079;366965
0.570200;12090;367361
0.570300;12096;367710
0.570400;12106;368087
0.570500;12110;368308
0.570600;12281;372208
0.570700;12289;372561
0.570800;12298;372930
0.570900;12307;373294
0.571000;12316;373690
0.571100;12329;374165
0.571200;12337;374524
0.571300;12344;374866
0.571400;12352;375226
0.571500;12367;375815
0.571600;12375;376195
0.571700;12387;376654
0.571800;12398;377107
0.571900;12405;377463
0.572000;12413;377773
0.572100;12428;378296
0.572200;12436;378657
0.572300;12239;373370
0.572400;12251;373865
0.572500;12264;374332
0.572600;12271;374690
0.572700;12284;375139
0.572800;12290;375381
0.572900;12304;375926
0.573000;12319;376468
0.573100;12338;377055
0.573200;12343;377320
0.573300;12357;377867
0.573400;12367;378276
0.573500;12378;378721
0.573600;12388;379137
0.573700;12397;379456
0.573800;12410;379993
0.573900;12418;380331
0.574000;12389;380035
0.574100;12396;380340
0.574200;12406;380756
0.574300;12422;381317
0.574400;12434;381767
0.574500;12441;382144
0.574600;12450;382554
0.574700;12460;382932
0.574800;12474;383449
0.574900;12488;383976
0.575000;12501;384448
0.575100;12509;384788
0.575200;12523;385333
0.575300;12536;385817
0.575400;12551;386290
0.575500;12559;386638
0.575600;12508;384431
0.575700;12520;384883
0.575800;12531;385301
0.575900;12553;386005
0.576000;12566;386421
0.576100;12582;387030
0.576200;12595;387606
0.576300;12605;388065
0.576400;12614;388472
0.576500;12619;388763
0.576600;12628;389149
0.576700;12638;389569
0.576800;12650;390101
0.576900;12657;390451
0.577000;12665;390732
0.577100;12674;391195
0.577200;12859;395301
0.577300;12866;395611
0.577400;12881;396234
0.577500;12887;396535
0.577600;12896;396849
0.577700;12906;397235
0.577800;12914;397622
0.577900;12918;397853
0.578000;12923;398145
0.578100;12938;398698
0.578200;12947;399039
0.578300;12960;399489
0.578400;12968;399799
0.578500;12984;400428
0.578600;12991;400783
0.578700;13000;401118
0.578800;13009;401497
0.578900;12941;401548
0.579000;12952;402034
0.579100;12962;402429
0.579200;12975;402959
0.579300;12982;403231
0.579400;12989;403571
0.579500;13004;404135
0.579600;13016;404609
0.579700;13024;404962
0.579800;13028;405234
0.579900;13039;405663
0.580000;13050;406102
0.580100;13060;406472
0.580200;13071;406873
0.580300;13080;407246
0.580400;13091;407683
0.580500;13104;408193
0.580600;13148;410576
0.580700;13158;410993
0.580800;13171;411484
0.580900;13182;411956
0.581000;13191;412373
0.581100;13204;412854
0.581200;13212;413178
0.581300;13225;413634
0.581400;13238;414113
0.581500;13241;414317
0.581600;13248;414625
0.581700;13257;414987
0.581800;13267;415346
0.581900;13281;415900
0.582000;13293;416419
0.582100;13301;416781
0.582200;13310;417123
0.582300;13254;414025
0.582400;13263;414381
0.582500;13270;414688
0.582600;13278;415033
0.582700;13291;415490
0.582800;13309;416108
0.582900;13320;416573
0.583000;13328;416945
0.583100;13340;417417
0.583200;13352;417910
0.583300;13359;418253
0.583400;13371;418805
0.583500;13375;419091
0.583600;13380;419371
0.583700;13389;419759
0.583800;13405;420310
0.583900;13415;420638
0.584000;13515;423749
0.584100;13526;424217
0.584200;13542;424780
0.584300;13554;425223
0.584400;13564;425643
0.584500;13581;426257
0.584600;13588;426609
0.584700;13598;427086
0.584800;13604;427358
0.584900;13607;427618
0.585000;13613;427902
0.585100;13623;428261
0.585200;13632;428663
0.585300;13643;429130
0.585400;13659;429774
0.585500;13670;430163
0.585600;13665;431532
0.585700;13672;431898
0.585800;13684;432368
0.585900;13692;432752
0.586000;13702;433172
0.586100;13709;433511
0.586200;13718;433862
0.586300;13723;434066
0.586400;13734;434537
0.586500;13743;434934
0.586600;13756;435407
0.586700;13769;435971
0.586800;13774;436198
0.586900;13783;436602
0.587000;13795;437153
0.587100;13806;437585
0.587200;13820;438162
0.587300;13746;436813
0.587400;13758;437258
0.587500;13772;437809
0.587600;13786;438325
0.587700;13793;438611
0.587800;13804;439033
0.587900;13810;439363
0.588000;13815;439684
0.588100;13830;440186
0.588200;13843;440656
0.588300;13855;441149
0.588400;13866;441666
0.588500;13881;442276
0.588600;13891;442721
0.588700;13902;443187
0.588800;13916;443740
0.588900;14009;446848
0.589000;14020;447263
0.589100;14028;447634
0.589200;14034;447969
0.589300;14049;448550
0.589400;14059;448952
0.589500;14069;449389
0.589600;14078;449811
0.589700;14091;450237
0.589800;14106;450768
0.589900;14114;451084
0.590000;14123;451463
0.590100;14137;451982
0.590200;14147;452354
0.590300;14152;452732
0.590400;14165;453216
0.590500;14175;453606
0.590600;14171;452154
0.590700;14176;452452
0.590800;14186;452879
0.590900;14195;453323
0.591000;14203;453705
0.591100;14208;454004
0.591200;14226;454755
0.591300;14236;455150
0.591400;14246;455598
0.591500;14258;456115
0.591600;14271;456619
0.591700;14277;456914
0.591800;14285;457307
0.591900;14295;457681
0.592000;14302;458050
0.592100;14314;458500
0.592200;14423;462031
0.592300;14432;462477
0.592400;14440;462882
0.592500;14448;463284
0.592600;14458;463787
0.592700;14468;464217
0.592800;14479;464707
0.592900;14493;465252
0.593000;14502;465674
0.593100;14513;466212
0.593200;14520;466578
0.593300;14530;467006
0.593400;14540;467492
0.593500;14548;467797
0.593600;14555;468099
0.593700;14571;468788
0.593800;14586;469390
0.593900;14523;468213
0.594000;14532;468664
0.594100;14540;469053
0.594200;14552;469587
0.594300;14563;470082
0.594400;14575;470579
0.594500;14585;470968
0.594600;14597;471477
0.594700;14610;471985
0.594800;14619;472351
0.594900;14628;472767
0.595000;14636;473097
0.595100;14650;473684
0.595200;14658;474082
0.595300;14668;474523
0.595400;14679;475000
0.595500;14688;475398
0.595600;14618;473439
0.595700;14629;473870
0.595800;14643;474460
0.595900;14659;475111
0.596000;14673;475627
0.596100;14681;476052
0.596200;14688;476455
0.596300;14696;476812
0.596400;14706;477283
0.596500;14721;477907
0.596600;14730;478298
0.596700;14738;478698
0.596800;14745;479096
0.596900;14762;479685
0.597000;14783;480444
0.597100;14792;480831
0.597200;14919;484313
0.597300;14929;484800
0.597400;14941;485298
0.597500;14948;485701
0.597600;14957;486163
0.597700;14970;486720
0.597800;14983;487199
0.597900;14986;487433
0.598000;14993;487813
0.598100;14999;488112
0.598200;15010;488625
0.598300;15023;489168
0.598400;15032;489520
0.598500;15049;490087
0.598600;15054;490487
0.598700;15059;490775
0.598800;15073;491342
0.598900;15020;490377
0.599000;15035;490971
0.599100;15045;491475
0.599200;15063;492163
0.599300;15072;492535
0.599400;15079;492889
0.599500;15093;493484
0.599600;15107;494090
0.599700;15114;494474
0.599800;15125;495020
0.599900;15136;495494
0.600000;15146;495928
0.600100;15164;496613
0.600200;15171;496992
0.600300;15179;497398
0.600400;15196;498022
0.600500;15205;498346
0.600600;15199;496536
0.600700;15209;496929
0.600800;15219;497437
0.600900;15228;497822
0.601000;15236;498238
0.601100;15243;498617
0.601200;15257;499261
0.601300;15272;499905
0.601400;15282;500355
0.601500;15293;500855
0.601600;15305;501364
0.601700;15314;501765
0.601800;15330;502390
0.601900;15340;502844
0.602000;15352;503309
0.602100;15365;503923
0.602200;15379;505346
0.602300;15393;505917
0.602400;15403;506369
0.602500;15413;506866
0.602600;15422;507247
0.602700;15432;507752
0.602800;15441;508206
0.602900;15453;508737
0.603000;15461;509202
0.603100;15468;509561
0.603200;15487;510264
0.603300;15499;510834
0.603400;15509;511282
0.603500;15515;511613
0.603600;15529;512143
0.603700;15535;512427
0.603800;15549;512971
0.603900;15745;519969
0.604000;15754;520430
0.604100;15765;520876
0.604200;15776;521352
0.604300;15784;521767
0.604400;15796;522338
0.604500;15808;522902
0.604600;15814;523208
0.604700;15825;523693
0.604800;15837;524210
0.604900;15852;524833
0.605000;15865;525358
0.605100;15875;525851
0.605200;15885;526319
0.605300;15893;526733
0.605400;15911;527419
0.605500;15730;521742
0.605600;15742;522237
0.605700;15749;522677
0.605800;15756;523042
0.605900;15762;523395
0.606000;15775;523922
0.606100;15786;524398
0.606200;15794;524850
0.606300;15800;525169
0.606400;15810;525571
0.606500;15819;525957
0.606600;15830;526408
0.606700;15837;526770
0.606800;15848;527274
0.606900;15856;527721
0.607000;15869;528323
0.607100;15877;528758
0.607200;15908;528487
0.607300;15920;529014
0.607400;15930;529459
0.607500;15940;529900
0.607600;15952;530395
0.607700;15962;530881
0.607800;15974;531383
0.607900;15989;531982
0.608000;15998;532360
0.608100;16006;532881
0.608200;16017;533399
0.608300;16029;533972
0.608400;16040;534436
0.608500;16049;534872
0.608600;16058;535234
0.608700;16067;535720
0.608800;16074;536078
0.608900;15982;535553
0.609000;15994;536079
0.609100;16001;536391
0.609200;16010;536831
0.609300;16015;537144
0.609400;16029;537618
0.609500;16041;538135
0.609600;16052;538619
0.609700;16062;539085
0.609800;16071;539588
0.609900;16085;540188
0.610000;16093;540616
0.610100;16099;540967
0.610200;16116;541661
0.610300;16129;542237
0.610400;16143;542854
0.610500;16357;548298
0.610600;16369;548844
0.610700;16381;549344
0.610800;16390;549810
0.610900;16397;550140
0.611000;16405;550575
0.611100;16412;550920
0.611200;16419;551278
0.611300;16429;551667
0.611400;16438;552116
0.611500;16445;552495
0.611600;16460;553104
0.611700;16468;553502
0.611800;16478;554043
0.611900;16485;554438
0.612000;16491;554778
0.612100;16499;555227
0.612200;16412;554363
0.612300;16420;554746
0.612400;16432;555245
0.612500;16439;555613
0.612600;16450;556083
0.612700;16462;556608
0.612800;16469;557053
0.612900;16474;557341
0.613000;16480;557646
0.613100;16489;558048
0.613200;16502;558676
0.613300;16515;559280
0.613400;16527;559799
0.613500;16537;560287
0.613600;16549;560836
0.613700;16559;561303
0.613800;16470;556473
0.613900;16479;556935
0.614000;16487;557355
0.614100;16491;557605
0.614200;16508;558285
0.614300;16522;558826
0.614400;16534;559356
0.614500;16548;559957
0.614600;16555;560361
0.614700;16562;560673
0.614800;16571;561081
0.614900;16579;561430
0.615000;16592;561966
0.615100;16606;562542
0.615200;16616;562928
0.615300;16630;563527
0.615400;16637;563879
0.615500;16685;566004
0.615600;16696;566553
0.615700;16706;567072
0.615800;16713;567420
0.615900;16720;567761
0.616000;16733;568314
0.616100;16748;568989
0.616200;16758;569539
0.616300;16762;569800
0.616400;16774;570349
0.616500;16785;570790
0.616600;16793;571206
0.616700;16806;571727
0.616800;16818;572323
0.616900;16830;572881
0.617000;16840;573383
0.617100;16850;573876
0.617200;17058;581226
0.617300;17069;581714
0.617400;17079;582225
0.617500;17090;582747
0.617600;17102;583320
0.617700;17106;583629
0.617800;17120;584264
0.617900;17130;584758
0.618000;17145;585404
0.618100;17155;585881
0.618200;17161;586260
0.618300;17175;586846
0.618400;17185;587379
0.618500;17197;587914
0.618600;17204;588300
0.618700;17212;588778
0.618800;17079;585368
0.618900;17088;585847
0.619000;17099;586446
0.619100;17104;586721
0.619200;17115;587191
0.619300;17128;587713
0.619400;17135;588125
0.619500;17144;588544
0.619600;17154;589013
0.619700;17165;589487
0.619800;17174;589907
0.619900;17186;590443
0.620000;17200;591003
0.620100;17217;591739
0.620200;17223;592099
0.620300;17235;592642
0.620400;17242;593015
0.620500;17275;592857
0.620600;17285;593343
0.620700;17293;593765
0.620800;17300;594176
0.620900;17315;594844
0.621000;17323;595269
0.621100;17329;595604
0.621200;17337;595951
0.621300;17344;596345
0.621400;17350;596736
0.621500;17361;597229
0.621600;17371;597750
0.621700;17386;598386
0.621800;17391;598696
0.621900;17403;599242
0.622000;17408;599600
0.622100;17312;598847
0.622200;17323;599389
0.622300;17333;599893
0.622400;17348;600549
0.622500;17359;601125
0.622600;17370;601621
0.622700;17380;602120
0.622800;17391;602600
0.622900;17409;603321
0.623000;17418;603745
0.623100;17431;604375
0.623200;17442;604854
0.623300;17448;605195
0.623400;17461;605717
0.623500;17472;606313
0.623600;17478;606685
0.623700;17488;607108
0.623800;17645;611055
0.623900;17654;611522
0.624000;17667;612053
0.624100;17674;612535
0.624200;17683;612947
0.624300;17692;613415
0.624400;17704;613945
0.624500;17711;614311
0.624600;17722;614848
0.624700;17738;615484
0.624800;17750;616046
0.624900;17760;616557
0.625000;17769;617051
0.625100;17781;617541
0.625200;17784;617751
0.625300;17794;618272
0.625400;17805;618708
0.625500;17773;617351
0.625600;17788;618053
0.625700;17797;618463
0.625800;17803;618831
0.625900;17809;619182
0.626000;17825;619810
0.626100;17835;620303
0.626200;17844;620811
0.626300;17862;621539
0.626400;17871;621999
0.626500;17878;622431
0.626600;17885;622910
0.626700;17899;623609
0.626800;17907;624046
0.626900;17917;624561
0.627000;17926;624966
0.627100;17968;628752
0.627200;17983;629383
0.627300;17997;630066
0.627400;18006;630588
0.627500;18014;630998
0.627600;18028;631650
0.627700;18039;632229
0.627800;18048;632684
0.627900;18054;633013
0.628000;18062;633471
0.628100;18070;633948
0.628200;18079;634446
0.628300;18087;634912
0.628400;18098;635461
0.628500;18107;635892
0.628600;18119;636458
0.628700;18125;636842
0.628800;18136;636684
0.628900;18143;637095
0.629000;18154;637563
0.629100;18164;638120
0.629200;18170;638444
0.629300;18180;638946
0.629400;18190;639417
0.629500;18199;639842
0.629600;18208;640231
0.629700;18222;640914
0.629800;18235;641491
0.629900;18240;641911
0.630000;18252;642467
0.630100;18262;643023
0.630200;18268;643392
0.630300;18286;644115
0.630400;18290;644359
0.630500;18324;645514
0.630600;18335;646079
0.630700;18344;646494
0.630800;18354;646946
0.630900;18360;647319
0.631000;18368;647770
0.631100;18374;648148
0.631200;18382;648495
0.631300;18397;649136
0.631400;18404;649550
0.631500;18409;649906
0.631600;18419;650465
0.631700;18435;651180
0.631800;18444;651706
0.631900;18458;652357
0.632000;18463;652754
0.632100;18471;653096
0.632200;18335;649394
0.632300;18345;649990
0.632400;18360;650678
0.632500;18366;651076
0.632600;18372;651466
0.632700;18381;651984
0.632800;18388;652485
0.632900;18393;652819
0.633000;18406;653414
0.633100;18411;653666
0.633200;18421;654186
0.633300;18431;654667
0.633400;18437;655045
0.633500;18447;655547
0.633600;18456;655996
0.633700;18468;656657
0.633800;18477;657136
0.633900;18582;659244
0.634000;18587;659644
0.634100;18602;660362
0.634200;18613;660921
0.634300;18624;661398
0.634400;18635;661917
0.634500;18641;662343
0.634600;18650;662798
0.634700;18660;663304
0.634800;18670;663875
0.634900;18681;664463
0.635000;18685;664774
0.635100;18689;665079
0.635200;18700;665643
0.635300;18708;666128
0.635400;18719;666674
0.635500;18768;668394
0.635600;18780;669035
0.635700;18789;669532
0.635800;18795;669834
0.635900;18803;670314
0.636000;18813;670790
0.636100;18818;671199
0.636200;18826;671663
0.636300;18839;672263
0.636400;18851;672869
0.636500;18860;673364
0.636600;18868;673805
0.636700;18876;674281
0.636800;18890;674937
0.636900;18902;675504
0.637000;18917;676157
0.637100;18928;676707
0.637200;19007;681535
0.637300;19017;682129
0.637400;19026;682622
0.637500;19038;683211
0.637600;19049;683787
0.637700;19057;684301
0.637800;19064;684707
0.637900;19073;685259
0.638000;19086;685897
0.638100;19093;686248
0.638200;19097;686650
0.638300;19107;687119
0.638400;19122;687874
0.638500;19133;688434
0.638600;19138;688817
0.638700;19143;689163
0.638800;19151;689687
0.638900;19157;688860
0.639000;19168;689372
0.639100;19185;690112
0.639200;19193;690568
0.639300;19207;691329
0.639400;19214;691704
0.639500;19229;692407
0.639600;19234;692774
0.639700;19239;693138
0.639800;19248;693654
0.639900;19258;694193
0.640000;19263;694581
0.640100;19277;695288
0.640200;19287;695714
0.640300;19299;696321
0.640400;19305;696654
0.640500;19317;697270
0.640600;19276;694389
0.640700;19283;694834
0.640800;19293;695402
0.640900;19299;695835
0.641000;19309;696374
0.641100;19320;696880
0.641200;19328;697353
0.641300;19338;697872
0.641400;19347;698469
0.641500;19357;698880
0.641600;19363;699288
0.641700;19373;699800
0.641800;19384;700335
0.641900;19399;700971
0.642000;19405;701365
0.642100;19414;701888
0.642200;19298;698298
0.642300;19304;698717
0.642400;19318;699391
0.642500;19327;699831
0.642600;19340;700446
0.642700;19348;700901
0.642800;19356;701374
0.642900;19367;701975
0.643000;19376;702450
0.643100;19390;703105
0.643200;19399;703529
0.643300;19413;704150
0.643400;19418;704463
0.643500;19429;705070
0.643600;19436;705476
0.643700;19441;705857
0.643800;19449;706323
0.643900;19564;711664
0.644000;19575;712284
0.644100;19589;712882
0.644200;19598;713411
0.644300;19602;713788
0.644400;19610;714239
0.644500;19619;714695
0.644600;19624;715084
0.644700;19629;715414
0.644800;19640;715925
0.644900;19656;716639
0.645000;19670;717298
0.645100;19681;717827
0.645200;19692;718392
0.645300;19696;718694
0.645400;19708;719278
0.645500;19721;719956
0.645600;19729;718042
0.645700;19737;718533
0.645800;19745;719056
0.645900;19752;719513
0.646000;19758;719838
0.646100;19766;720315
0.646200;19774;720741
0.646300;19784;721326
0.646400;19790;721781
0.646500;19796;722197
0.646600;19803;722591
0.646700;19815;723161
0.646800;19823;723665
0.646900;19830;724150
0.647000;19836;724492
0.647100;19842;724952
0.647200;19829;726511
0.647300;19843;727200
0.647400;19855;727861
0.647500;19860;728246
0.647600;19866;728670
0.647700;19874;729162
0.647800;19882;729565
0.647900;19892;730110
0.648000;19905;730743
0.648100;19915;731237
0.648200;19927;731844
0.648300;19932;732188
0.648400;19941;732662
0.648500;19947;733063
0.648600;19954;733390
0.648700;19963;733874
0.648800;19971;734304
0.648900;20093;739801
0.649000;20102;740351
0.649100;20110;740821
0.649200;20121;741348
0.649300;20138;742129
0.649400;20146;742596
0.649500;20153;743036
0.649600;20162;743507
0.649700;20171;743984
0.649800;20185;744698
0.649900;20199;745397
0.650000;20208;745931
0.650100;20214;746397
0.650200;20221;746890
0.650300;20227;747368
0.650400;20241;748030
0.650500;20033;738304
0.650600;20038;738649
0.650700;20046;739104
0.650800;20052;739478
0.650900;20062;740035
0.651000;20067;740436
0.651100;20075;740857
0.651200;20084;741475
0.651300;20095;742070
0.651400;20107;742640
0.651500;20111;743059
0.651600;20118;743569
0.651700;20128;744098
0.651800;20139;744720
0.651900;20149;745246
0.652000;20159;745737
0.652100;20169;746194
0.652200;20249;750732
0.652300;20261;751310
0.652400;20269;751864
0.652500;20272;752154
0.652600;20282;752735
0.652700;20290;753234
0.652800;20293;753516
0.652900;20298;753910
0.653000;20309;754508
0.653100;20315;754881
0.653200;20326;755501
0.653300;20336;756098
0.653400;20343;756564
0.653500;20353;757091
0.653600;20358;757477
0.653700;20364;757868
0.653800;20369;758256
0.653900;20401;759904
0.654000;20415;760635
0.654100;20429;761216
0.654200;20440;761800
0.654300;20452;762401
0.654400;20463;762974
0.654500;20470;763380
0.654600;20478;763868
0.654700;20490;764577
0.654800;20498;765003
0.654900;20509;765598
0.655000;20517;766023
0.655100;20523;766434
0.655200;20534;766906
0.655300;20541;767395
0.655400;20549;767848
0.655500;20558;770622
0.655600;20565;771079
0.655700;20573;771573
0.655800;20581;772012
0.655900;20590;772596
0.656000;20595;772920
0.656100;20608;773662
0.656200;20615;774083
0.656300;20618;774494
0.656400;20626;774953
0.656500;20635;775432
0.656600;20642;775867
0.656700;20651;776357
0.656800;20659;776830
0.656900;20671;777500
0.657000;20678;777919
0.657100;20687;778432
0.657200;20754;779049
0.657300;20759;779456
0.657400;20769;780037
0.657500;20777;780485
0.657600;20787;781114
0.657700;20798;781707
0.657800;20806;782198
0.657900;20817;782746
0.658000;20825;783282
0.658100;20830;783614
0.658200;20844;784299
0.658300;20852;784722
0.658400;20861;785232
0.658500;20869;785723
0.658600;20878;786197
0.658700;20886;786644
0.658800;20767;781280
0.658900;20774;781730
0.659000;20777;782084
0.659100;20790;782700
0.659200;20799;783258
0.659300;20807;783797
0.659400;20816;784292
0.659500;20825;784836
0.659600;20832;785320
0.659700;20848;786063
0.659800;20858;786674
0.659900;20866;787127
0.660000;20875;787643
0.660100;20884;788130
0.660200;20890;788540
0.660300;20903;789238
0.660400;20914;789876
0.660500;20911;789185
0.660600;20920;789765
0.660700;20927;790142
0.660800;20936;790736
0.660900;20949;791346
0.661000;20957;791954
0.661100;20969;792546
0.661200;20976;793001
0.661300;20980;793406
0.661400;20994;794132
0.661500;20999;794515
0.661600;21004;794897
0.661700;21012;795385
0.661800;21022;795982
0.661900;21035;796624
0.662000;21050;797342
0.662100;21116;801546
0.662200;21123;801967
0.662300;21129;802384
0.662400;21140;802967
0.662500;21151;803535
0.662600;21166;804253
0.662700;21174;804756
0.662800;21179;805115
0.662900;21187;805663
0.663000;21196;806119
0.663100;21203;806573
0.663200;21216;807240
0.663300;21222;807670
0.663400;21230;808183
0.663500;21236;808623
0.663600;21241;809040
0.663700;21245;809419
0.663800;21279;813392
0.663900;21287;813828
0.664000;21298;814427
0.664100;21303;814835
0.664200;21310;815297
0.664300;21317;815781
0.664400;21324;816292
0.664500;21333;816817
0.664600;21338;817194
0.664700;21345;817653
0.664800;21356;818300
0.664900;21360;818686
0.665000;21364;819129
0.665100;21370;819578
0.665200;21373;819843
0.665300;21381;820305
0.665400;21390;820801
0.665500;21401;822155
0.665600;21406;822557
0.665700;21417;823209
0.665800;21421;823594
0.665900;21427;823951
0.666000;21433;824387
0.666100;21438;824871
0.666200;21444;825302
0.666300;21448;825667
0.666400;21455;826133
0.666500;21460;826532
0.666600;21466;826984
0.666700;21475;827500
0.666800;21483;827981
0.666900;21490;828408
0.667000;21503;828973
0.667100;21518;829727
0.667200;21548;828099
0.667300;21556;828575
0.667400;21559;828933
0.667500;21563;829321
0.667600;21569;829714
0.667700;21578;830216
0.667800;21587;830786
0.667900;21597;831383
0.668000;21609;832024
0.668100;21619;832627
0.668200;21629;833224
0.668300;21636;833737
0.668400;21647;834316
0.668500;21651;834708
0.668600;21660;835300
0.668700;21668;835759
0.668800;21599;835176
0.668900;21606;835638
0.669000;21615;836215
0.669100;21621;836618
0.669200;21631;837170
0.669300;21636;837588
0.669400;21642;838026
0.669500;21652;838522
0.669600;21665;839167
0.669700;21669;839516
0.669800;21682;840090
0.669900;21688;840497
0.670000;21696;840947
0.670100;21704;841446
0.670200;21710;841873
0.670300;21715;842263
0.670400;21723;842737
0.670500;21985;850461
0.670600;21992;850969
0.670700;21998;851384
0.670800;22003;851772
0.670900;22011;852283
0.671000;22015;852598
0.671100;22030;853441
0.671200;22039;853986
0.671300;22045;854405
0.671400;22051;854834
0.671500;22065;855560
0.671600;22069;855950
0.671700;22079;856504
0.671800;22090;857090
0.671900;22096;857496
0.672000;22105;858087
0.672100;22115;858603
0.672200;21848;849280
0.672300;21861;849952
0.672400;21873;850572
0.672500;21881;851136
0.672600;21885;851531
0.672700;21892;852010
0.672800;21904;852761
0.672900;21908;853092
0.673000;21920;853699
0.673100;21928;854189
0.673200;21933;854600
0.673300;21944;855206
0.673400;21951;855700
0.673500;21961;856330
0.673600;21972;856948
0.673700;21978;857425
0.673800;21987;857987
0.673900;22010;858628
0.674000;22015;859032
0.674100;22018;859398
0.674200;22027;859876
0.674300;22032;860251
0.674400;22038;860661
0.674500;22042;861003
0.674600;22051;861509
0.674700;22058;861990
0.674800;22066;862458
0.674900;22072;862951
0.675000;22075;863309
0.675100;22085;863902
0.675200;22092;864420
0.675300;22099;864814
0.675400;22105;865262
0.675500;22112;865849
0.675600;22156;867635
0.675700;22163;868167
0.675800;22168;868625
0.675900;22171;868959
0.676000;22173;869335
0.676100;22181;869795
0.676200;22188;870275
0.676300;22197;870804
0.676400;22202;871288
0.676500;22208;871737
0.676600;22213;872141
0.676700;22222;872652
0.676800;22225;872977
0.676900;22230;873361
0.677000;22236;873781
0.677100;22240;874187
0.677200;22372;879803
0.677300;22378;880209
0.677400;22386;880688
0.677500;22389;881026
0.677600;22395;881515
0.677700;22401;881910
0.677800;22414;882578
0.677900;22418;882939
0.678000;22424;883352
0.678100;22432;883990
0.678200;22441;884570
0.678300;22445;884946
0.678400;22449;885371
0.678500;22456;885881
0.678600;22459;886216
0.678700;22461;886474
0.678800;22469;887009
0.678900;22334;880916
0.679000;22346;881565
0.679100;22352;882068
0.679200;22360;882523
0.679300;22369;883076
0.679400;22380;883781
0.679500;22389;884292
0.679600;22398;884864
0.679700;22405;885321
0.679800;22413;885839
0.679900;22417;886192
0.680000;22421;886547
0.680100;22429;887182
0.680200;22435;887689
0.680300;22444;888245
0.680400;22455;888877
0.680500;22460;889287
0.680600;22502;890964
0.680700;22506;891375
0.680800;22514;891872
0.680900;22522;892406
0.681000;22530;892978
0.681100;22537;893411
0.681200;22544;893957
0.681300;22549;894392
0.681400;22553;894718
0.681500;22565;895338
0.681600;22569;895743
0.681700;22575;896183
0.681800;22586;896767
0.681900;22589;897093
0.682000;22596;897585
0.682100;22608;898258
0.682200;22620;898981
0.682300;22573;899541
0.682400;22577;899925
0.682500;22585;900476
0.682600;22591;900859
0.682700;22599;901406
0.682800;22606;901901
0.682900;22614;902484
0.683000;22622;903022
0.683100;22629;903489
0.683200;22636;903953
0.683300;22647;904630
0.683400;22651;904984
0.683500;22656;905385
0.683600;22663;905890
0.683700;22667;906254
0.683800;22677;906903
0.683900;22687;907536
0.684000;22628;904188
0.684100;22633;904615
0.684200;22637;904950
0.684300;22644;905440
0.684400;22651;905968
0.684500;22658;906406
0.684600;22663;906807
0.684700;22668;907234
0.684800;22672;907643
0.684900;22680;908134
0.685000;22690;908781
0.685100;22694;909151
0.685200;22704;909769
0.685300;22714;910337
0.685400;22720;910759
0.685500;22724;911182
0.685600;22765;912623
0.685700;22772;913187
0.685800;22780;913662
0.685900;22785;914029
0.686000;22789;914457
0.686100;22797;914940
0.686200;22803;915416
0.686300;22811;915942
0.686400;22817;916440
0.686500;22823;916853
0.686600;22830;917311
0.686700;22835;917703
0.686800;22846;918355
0.686900;22854;918854
0.687000;22863;919471
0.687100;22867;919946
0.687200;22872;920361
0.687300;22900;921249
0.687400;22904;921633
0.687500;22910;922102
0.687600;22917;922613
0.687700;22921;923006
0.687800;22930;923490
0.687900;22934;923850
0.688000;22940;924294
0.688100;22945;924703
0.688200;22954;925275
0.688300;22957;925656
0.688400;22964;926140
0.688500;22974;926717
0.688600;22979;927191
0.688700;22987;927674
0.688800;22995;928180
0.688900;23004;928712
0.689000;23019;927538
0.689100;23025;927969
0.689200;23027;928294
0.689300;23034;928702
0.689400;23038;929158
0.689500;23048;929791
0.689600;23055;930261
0.689700;23061;930767
0.689800;23068;931318
0.689900;23073;931837
0.690000;23081;932365
0.690100;23092;933072
0.690200;23095;933363
0.690300;23104;933977
0.690400;23109;934489
0.690500;23119;935148
0.690600;23127;935638
0.690700;23146;937808
0.690800;23153;938261
0.690900;23158;938731
0.691000;23164;939173
0.691100;23168;939584
0.691200;23171;939985
0.691300;23177;940483
0.691400;23185;941008
0.691500;23194;941524
0.691600;23202;942115
0.691700;23210;942603
0.691800;23216;943089
0.691900;23222;943511
0.692000;23229;944064
0.692100;23235;944531
0.692200;23242;945093
0.692300;23248;945544
0.692400;23306;949957
0.692500;23313;950406
0.692600;23317;950845
0.692700;23327;951413
0.692800;23333;951850
0.692900;23337;952202
0.693000;23344;952656
0.693100;23351;953189
0.693200;23357;953622
0.693300;23366;954152
0.693400;23370;954498
0.693500;23375;954852
0.693600;23381;955313
0.693700;23386;955730
0.693800;23390;956239
0.693900;23395;956672
0.694000;23403;957213
0.694100;23279;952559
0.694200;23287;953086
0.694300;23291;953476
0.694400;23297;953926
0.694500;23302;954385
0.694600;23310;954953
0.694700;23313;955338
0.694800;23319;955725
0.694900;23326;956283
0.695000;23331;956728
0.695100;23338;957195
0.695200;23349;957819
0.695300;23354;958268
0.695400;23359;958749
0.695500;23368;959261
0.695600;23374;959745
0.695700;23562;966016
0.695800;23568;966487
0.695900;23577;967080
0.696000;23584;967539
0.696100;23590;968076
0.696200;23599;968634
0.696300;23606;969062
0.696400;23612;969576
0.696500;23618;970017
0.696600;23622;970391
0.696700;23628;970757
0.696800;23636;971361
0.696900;23641;971740
0.697000;23648;972219
0.697100;23654;972674
0.697200;23657;973018
0.697300;23665;973543
0.697400;23600;970460
0.697500;23603;970888
0.697600;23606;971266
0.697700;23610;971658
0.697800;23617;972162
0.697900;23622;972620
0.698000;23629;973082
0.698100;23636;973528
0.698200;23641;973919
0.698300;23645;974323
0.698400;23653;974915
0.698500;23658;975337
0.698600;23661;975744
0.698700;23667;976291
0.698800;23669;976614
0.698900;23674;977102
0.699000;23679;977549
0.699100;23767;981134
0.699200;23771;981502
0.699300;23778;981984
0.699400;23782;982412
0.699500;23788;982839
0.699600;23796;983270
0.699700;23801;983656
0.699800;23807;984110
0.699900;23809;984445
0.700000;23812;984839
0.710000;24346;1028764
0.720000;24823;1071524
0.730000;25248;1112566
0.740000;25581;1150317
0.750000;25914;1187994
0.760000;26165;1221932
0.770000;26350;1253434
0.780000;26470;1283044
0.790000;26601;1311721
0.800000;26697;1338881
0.810000;26785;1364535
0.820000;26859;1389317
0.830000;26916;1412722
0.840000;26948;1434753
0.850000;26966;1455670
0.860000;26977;1476048
0.870000;26989;1495660
0.880000;26993;1514675
0.890000;26995;1533359
0.900000;26997;1552049
0.910000;26998;1570233
0.920000;27000;1588302
0.930000;27000;1606101
0.940000;27000;1623654
0.950000;27000;1641364
0.960000;27000;1658495
0.970000;27000;1675886
0.980000;27000;1693458
0.990000;27000;1710751
