/* L = 64, Z = 27000 */
/* p;ocurrencias de percolacion;Masa promedio */
0.010000;0;0
0.020000;0;0
0.030000;0;0
0.040000;0;0
0.050000;0;0
0.060000;0;0
0.070000;0;0
0.080000;0;0
0.090000;0;0
0.100000;0;0
0.110000;0;0
0.120000;0;0
0.130000;0;0
0.140000;0;0
0.150000;0;0
0.160000;0;0
0.170000;0;0
0.180000;0;0
0.190000;0;0
0.200000;0;0
0.210000;0;0
0.220000;0;0
0.230000;0;0
0.240000;0;0
0.250000;0;0
0.260000;0;0
0.270000;0;0
0.280000;0;0
0.290000;0;0
0.300000;0;0
0.310000;0;0
0.320000;0;0
0.330000;0;0
0.340000;0;0
0.350000;0;0
0.360000;0;0
0.370000;0;0
0.380000;0;0
0.390000;0;0
0.400000;0;0
0.410000;0;0
0.420000;0;0
0.430000;0;0
0.440000;0;0
0.450000;0;0
0.460000;0;0
0.470000;0;0
0.480000;0;0
0.490000;0;0
0.500000;3;1424
0.500100;1;349
0.500200;1;480
0.500300;7;3149
0.500400;4;1816
0.500500;6;3738
0.500600;6;3136
0.500700;2;776
0.500800;3;1607
0.500900;6;3153
0.501000;7;3072
0.501100;4;1760
0.501200;5;2717
0.501300;3;1371
0.501400;4;1771
0.501500;6;3058
0.501600;5;2399
0.501700;1;574
0.501800;5;2522
0.501900;6;2468
0.502000;4;1718
0.502100;3;1471
0.502200;4;1980
0.502300;6;3470
0.502400;6;2941
0.502500;6;2958
0.502600;0;0
0.502700;6;3051
0.502800;5;2484
0.502900;7;3684
0.503000;4;2244
0.503100;2;813
0.503200;2;837
0.503300;7;3323
0.503400;12;5515
0.503500;5;2635
0.503600;5;2615
0.503700;10;5191
0.503800;4;2065
0.503900;4;1683
0.504000;4;1896
0.504100;4;1793
0.504200;5;2410
0.504300;5;2375
0.504400;8;3407
0.504500;5;2747
0.504600;5;2839
0.504700;6;3155
0.504800;4;2173
0.504900;6;3344
0.505000;9;5391
0.505100;6;3043
0.505200;3;1838
0.505300;4;2143
0.505400;3;1616
0.505500;3;1837
0.505600;8;4090
0.505700;7;3330
0.505800;10;4740
0.505900;12;6441
0.506000;6;2812
0.506100;10;5978
0.506200;7;3805
0.506300;5;2394
0.506400;11;6387
0.506500;9;4711
0.506600;13;6858
0.506700;11;5624
0.506800;11;5655
0.506900;5;2284
0.507000;11;6062
0.507100;9;4992
0.507200;9;4908
0.507300;9;5092
0.507400;13;7447
0.507500;3;1707
0.507600;9;4707
0.507700;12;6551
0.507800;5;2272
0.507900;5;2357
0.508000;13;7103
0.508100;12;6741
0.508200;7;3337
0.508300;11;6106
0.508400;7;4125
0.508500;9;4649
0.508600;10;5239
0.508700;12;6441
0.508800;8;4919
0.508900;15;8136
0.509000;9;4619
0.509100;12;6617
0.509200;6;3250
0.509300;9;4430
0.509400;9;4785
0.509500;7;3649
0.509600;10;5843
0.509700;12;7167
0.509800;15;8826
0.509900;11;5706
0.510000;11;5786
0.510100;16;8470
0.510200;20;11119
0.510300;15;8709
0.510400;12;5993
0.510500;23;11540
0.510600;16;9070
0.510700;19;9599
0.510800;7;3684
0.510900;18;10192
0.511000;16;8264
0.511100;20;11943
0.511200;19;10933
0.511300;13;7213
0.511400;12;6775
0.511500;11;5632
0.511600;17;8937
0.511700;17;9859
0.511800;23;12190
0.511900;19;10327
0.512000;11;5790
0.512100;5;3104
0.512200;17;9062
0.512300;16;9644
0.512400;17;9585
0.512500;19;10615
0.512600;12;6010
0.512700;19;10388
0.512800;16;9144
0.512900;16;8371
0.513000;21;11385
0.513100;20;11353
0.513200;17;10203
0.513300;15;8928
0.513400;20;11253
0.513500;14;7064
0.513600;19;9391
0.513700;29;16467
0.513800;16;8795
0.513900;22;11751
0.514000;21;11336
0.514100;18;10761
0.514200;20;10856
0.514300;21;11932
0.514400;24;14310
0.514500;27;16201
0.514600;19;10314
0.514700;14;8113
0.514800;22;13237
0.514900;23;13609
0.515000;23;13026
0.515100;21;12343
0.515200;31;18377
0.515300;24;13117
0.515400;23;13646
0.515500;17;11806
0.515600;33;20302
0.515700;23;13021
0.515800;27;15370
0.515900;30;17064
0.516000;24;14317
0.516100;28;16278
0.516200;20;11468
0.516300;27;17302
0.516400;26;14488
0.516500;33;18991
0.516600;32;17122
0.516700;32;19306
0.516800;31;17778
0.516900;35;20871
0.517000;30;18200
0.517100;29;18725
0.517200;28;17501
0.517300;33;19977
0.517400;44;26602
0.517500;33;18688
0.517600;25;15225
0.517700;21;12915
0.517800;36;21072
0.517900;43;24899
0.518000;32;19736
0.518100;37;22258
0.518200;40;24735
0.518300;44;27035
0.518400;34;20138
0.518500;43;25735
0.518600;40;22678
0.518700;40;23177
0.518800;44;26394
0.518900;38;21386
0.519000;45;25940
0.519100;37;21261
0.519200;36;21588
0.519300;36;19333
0.519400;46;26904
0.519500;42;24948
0.519600;34;21418
0.519700;49;29610
0.519800;37;23307
0.519900;48;28814
0.520000;42;25607
0.520100;49;29983
0.520200;45;26560
0.520300;52;32252
0.520400;49;28090
0.520500;48;27620
0.520600;42;26279
0.520700;52;30489
0.520800;56;37064
0.520900;54;34032
0.521000;53;34204
0.521100;45;27239
0.521200;40;23199
0.521300;57;35851
0.521400;60;37260
0.521500;58;35720
0.521600;59;37072
0.521700;43;26339
0.521800;64;39935
0.521900;65;38962
0.522000;60;37010
0.522100;46;29022
0.522200;63;38526
0.522300;63;39177
0.522400;71;45492
0.522500;68;41150
0.522600;47;29633
0.522700;60;37776
0.522800;66;41812
0.522900;57;35127
0.523000;71;46283
0.523100;64;39107
0.523200;75;47196
0.523300;65;39896
0.523400;57;35550
0.523500;62;40224
0.523600;78;48951
0.523700;66;38207
0.523800;82;51000
0.523900;61;39397
0.524000;76;45034
0.524100;71;45701
0.524200;68;41796
0.524300;55;34846
0.524400;74;47562
0.524500;59;35911
0.524600;83;54681
0.524700;79;50863
0.524800;82;51043
0.524900;88;55117
0.525000;78;51939
0.525100;62;37614
0.525200;59;37245
0.525300;89;54527
0.525400;77;47622
0.525500;79;49918
0.525600;94;62813
0.525700;87;54958
0.525800;89;57874
0.525900;89;57007
0.526000;94;62293
0.526100;86;55900
0.526200;97;63078
0.526300;86;54856
0.526400;89;55652
0.526500;95;62052
0.526600;111;72870
0.526700;91;58465
0.526800;113;70649
0.526900;84;54813
0.527000;98;65387
0.527100;110;68512
0.527200;101;63468
0.527300;100;65562
0.527400;105;67197
0.527500;96;63269
0.527600;107;68855
0.527700;106;68306
0.527800;102;64703
0.527900;130;85313
0.528000;102;68888
0.528100;98;62895
0.528200;105;68178
0.528300;129;84428
0.528400;121;79879
0.528500;114;76379
0.528600;121;75833
0.528700;119;84263
0.528800;135;88627
0.528900;121;80055
0.529000;154;102581
0.529100;135;89177
0.529200;111;73140
0.529300;102;70156
0.529400;123;81890
0.529500;146;96909
0.529600;125;83331
0.529700;122;82536
0.529800;127;89602
0.529900;114;73264
0.530000;123;83437
0.530100;126;83644
0.530200;133;91067
0.530300;139;95645
0.530400;148;97623
0.530500;116;79634
0.530600;130;83391
0.530700;122;82128
0.530800;141;98129
0.530900;157;103375
0.531000;157;106063
0.531100;127;85376
0.531200;162;112120
0.531300;149;105003
0.531400;132;89616
0.531500;162;112366
0.531600;166;112215
0.531700;140;97631
0.531800;156;105239
0.531900;148;104043
0.532000;183;123887
0.532100;173;120336
0.532200;177;125493
0.532300;183;124336
0.532400;191;127664
0.532500;175;121182
0.532600;177;123484
0.532700;180;126893
0.532800;199;138997
0.532900;206;144861
0.533000;195;133598
0.533100;187;126186
0.533200;177;127755
0.533300;212;148668
0.533400;183;129265
0.533500;199;140757
0.533600;192;136006
0.533700;182;129009
0.533800;190;135430
0.533900;217;151463
0.534000;210;149980
0.534100;237;168328
0.534200;202;137552
0.534300;223;155987
0.534400;214;151761
0.534500;233;165465
0.534600;225;158624
0.534700;256;184333
0.534800;226;161880
0.534900;240;165977
0.535000;231;163506
0.535100;231;164816
0.535200;237;170334
0.535300;234;167033
0.535400;222;153856
0.535500;246;175238
0.535600;244;179246
0.535700;271;192437
0.535800;225;161042
0.535900;254;181672
0.536000;261;188966
0.536100;259;192089
0.536200;261;188815
0.536300;264;195922
0.536400;267;188905
0.536500;273;202612
0.536600;276;200630
0.536700;286;204981
0.536800;258;184858
0.536900;266;192894
0.537000;243;177210
0.537100;254;182805
0.537200;317;231199
0.537300;275;202090
0.537400;296;215817
0.537500;292;215071
0.537600;323;239035
0.537700;311;228706
0.537800;300;218412
0.537900;325;239553
0.538000;303;226163
0.538100;302;219712
0.538200;313;231856
0.538300;302;222935
0.538400;325;236518
0.538500;330;244684
0.538600;313;235734
0.538700;325;238572
0.538800;303;234174
0.538900;321;241827
0.539000;352;260408
0.539100;347;264412
0.539200;340;248579
0.539300;351;264239
0.539400;341;251236
0.539500;357;265599
0.539600;385;287220
0.539700;379;287762
0.539800;370;271014
0.539900;385;285883
0.540000;353;265803
0.540100;389;292353
0.540200;389;291909
0.540300;386;294990
0.540400;333;256574
0.540500;392;295101
0.540600;401;301783
0.540700;419;324476
0.540800;439;334671
0.540900;403;303431
0.541000;460;353985
0.541100;449;337809
0.541200;413;322527
0.541300;440;335395
0.541400;440;338647
0.541500;454;350734
0.541600;465;354477
0.541700;450;345847
0.541800;440;340593
0.541900;456;346949
0.542000;458;350615
0.542100;493;381339
0.542200;467;360456
0.542300;503;391166
0.542400;460;348579
0.542500;509;386776
0.542600;506;391846
0.542700;494;387026
0.542800;469;363909
0.542900;514;403114
0.543000;538;422891
0.543100;535;415327
0.543200;543;422757
0.543300;557;425546
0.543400;550;429814
0.543500;506;398883
0.543600;527;420769
0.543700;556;438347
0.543800;552;436297
0.543900;578;454949
0.544000;543;428003
0.544100;555;442511
0.544200;604;482121
0.544300;573;453733
0.544400;637;510254
0.544500;586;459449
0.544600;626;498454
0.544700;626;487168
0.544800;572;445418
0.544900;619;498610
0.545000;606;484079
0.545100;599;479134
0.545200;652;528301
0.545300;588;464789
0.545400;632;509741
0.545500;633;514004
0.545600;624;502825
0.545700;650;530585
0.545800;715;574669
0.545900;690;562845
0.546000;648;521006
0.546100;739;601823
0.546200;688;558797
0.546300;717;582891
0.546400;741;600658
0.546500;767;625231
0.546600;737;599726
0.546700;729;596350
0.546800;753;611670
0.546900;706;585581
0.547000;712;584293
0.547100;800;651544
0.547200;762;622535
0.547300;794;652008
0.547400;764;627344
0.547500;797;658155
0.547600;818;669141
0.547700;863;707573
0.547800;768;634125
0.547900;824;686249
0.548000;806;676996
0.548100;808;673292
0.548200;866;712511
0.548300;823;690991
0.548400;860;724805
0.548500;857;702607
0.548600;898;748243
0.548700;851;727060
0.548800;916;766339
0.548900;904;762613
0.549000;858;713327
0.549100;910;774003
0.549200;914;753968
0.549300;946;798682
0.549400;944;789550
0.549500;944;780685
0.549600;961;812988
0.549700;924;777131
0.549800;936;785158
0.549900;948;795641
0.550000;994;852118
0.550100;1010;850935
0.550200;977;833517
0.550300;1018;883576
0.550400;1037;886781
0.550500;993;847196
0.550600;1019;876559
0.550700;1046;891906
0.550800;993;862090
0.550900;1059;910901
0.551000;990;846631
0.551100;1121;951814
0.551200;1093;940127
0.551300;1122;966007
0.551400;1133;981863
0.551500;1112;969835
0.551600;1131;985098
0.551700;1166;1001044
0.551800;1088;936756
0.551900;1142;983440
0.552000;1118;960687
0.552100;1193;1049487
0.552200;1220;1069604
0.552300;1198;1044764
0.552400;1260;1095872
0.552500;1244;1100489
0.552600;1232;1084886
0.552700;1210;1069684
0.552800;1294;1133540
0.552900;1268;1120378
0.553000;1263;1113987
0.553100;1240;1092858
0.553200;1298;1150424
0.553300;1299;1157474
0.553400;1238;1094270
0.553500;1326;1177005
0.553600;1325;1168373
0.553700;1308;1140530
0.553800;1369;1232850
0.553900;1307;1171483
0.554000;1372;1234204
0.554100;1343;1197558
0.554200;1444;1284631
0.554300;1369;1228140
0.554400;1380;1229258
0.554500;1478;1319766
0.554600;1486;1343717
0.554700;1395;1251443
0.554800;1479;1337499
0.554900;1429;1312947
0.555000;1498;1355692
0.555100;1555;1417351
0.555200;1550;1402808
0.555300;1511;1370882
0.555400;1584;1445367
0.555500;1563;1409078
0.555600;1543;1408528
0.555700;1529;1416009
0.555800;1607;1465966
0.555900;1638;1493299
0.556000;1608;1477570
0.556100;1626;1495086
0.556200;1653;1517586
0.556300;1701;1558228
0.556400;1693;1552845
0.556500;1807;1655791
0.556600;1740;1580886
0.556700;1752;1619350
0.556800;1693;1559450
0.556900;1753;1624048
0.557000;1769;1625665
0.557100;1739;1611888
0.557200;1807;1662914
0.557300;1723;1617654
0.557400;1881;1747965
0.557500;1769;1621483
0.557600;1874;1740112
0.557700;1942;1811498
0.557800;1857;1725342
0.557900;1924;1811760
0.558000;1928;1820567
0.558100;1929;1796107
0.558200;1973;1847319
0.558300;1905;1776591
0.558400;2003;1886631
0.558500;2006;1891791
0.558600;2033;1909450
0.558700;1957;1851974
0.558800;2038;1928324
0.558900;2055;1945610
0.559000;2133;2027022
0.559100;2099;1976143
0.559200;2110;2013387
0.559300;2162;2026057
0.559400;2163;2066830
0.559500;2163;2075256
0.559600;2177;2068592
0.559700;2205;2098089
0.559800;2269;2184654
0.559900;2243;2150419
0.560000;2231;2157113
0.560100;2276;2179643
0.560200;2267;2180028
0.560300;2376;2285425
0.560400;2358;2268496
0.560500;2358;2284050
0.560600;2337;2247812
0.560700;2423;2355565
0.560800;2413;2357641
0.560900;2360;2262739
0.561000;2397;2328734
0.561100;2367;2317106
0.561200;2535;2470870
0.561300;2462;2398021
0.561400;2548;2501539
0.561500;2472;2434688
0.561600;2522;2480474
0.561700;2594;2549740
0.561800;2544;2492661
0.561900;2594;2556502
0.562000;2592;2595836
0.562100;2668;2649318
0.562200;2622;2604373
0.562300;2571;2542994
0.562400;2703;2679075
0.562500;2671;2631697
0.562600;2650;2628430
0.562700;2743;2736038
0.562800;2782;2751817
0.562900;2752;2733202
0.563000;2763;2723494
0.563100;2785;2794315
0.563200;2817;2814155
0.563300;2859;2841315
0.563400;2839;2840865
0.563500;2872;2870753
0.563600;2996;3013641
0.563700;2867;2871032
0.563800;2868;2888379
0.563900;2979;2979656
0.564000;2924;2968027
0.564100;3039;3095944
0.564200;3004;3044316
0.564300;3127;3159168
0.564400;2981;3043972
0.564500;3112;3163132
0.564600;3030;3069330
0.564700;3103;3171456
0.564800;3167;3227325
0.564900;3229;3303315
0.565000;3182;3260916
0.565100;3137;3202723
0.565200;3204;3273864
0.565300;3300;3403207
0.565400;3186;3263010
0.565500;3331;3403107
0.565600;3432;3533995
0.565700;3384;3434492
0.565800;3516;3596471
0.565900;3564;3730316
0.566000;3468;3582455
0.566100;3538;3642573
0.566200;3509;3630088
0.566300;3530;3660645
0.566400;3618;3773559
0.566500;3525;3658329
0.566600;3684;3871785
0.566700;3627;3817835
0.566800;3681;3872239
0.566900;3621;3779977
0.567000;3650;3810504
0.567100;3717;3913417
0.567200;3772;3978095
0.567300;3682;3881471
0.567400;3677;3897049
0.567500;3678;3886997
0.567600;3823;4038987
0.567700;3988;4226311
0.567800;3916;4127932
0.567900;3934;4171837
0.568000;3956;4205544
0.568100;3955;4182320
0.568200;3947;4177033
0.568300;4017;4283462
0.568400;4040;4329910
0.568500;3991;4287626
0.568600;4106;4392501
0.568700;4086;4378851
0.568800;4156;4473326
0.568900;4120;4404634
0.569000;4281;4607538
0.569100;4267;4596614
0.569200;4337;4695920
0.569300;4268;4566860
0.569400;4276;4658652
0.569500;4339;4674113
0.569600;4452;4807843
0.569700;4469;4858400
0.569800;4403;4745419
0.569900;4460;4844306
0.570000;4454;4870893
0.570100;4531;4944160
0.570200;4513;4907019
0.570300;4687;5130240
0.570400;4406;4802892
0.570500;4564;4998369
0.570600;4700;5169634
0.570700;4637;5082327
0.570800;4577;5045574
0.570900;4704;5193676
0.571000;4869;5378863
0.571100;4735;5250518
0.571200;4918;5405477
0.571300;4896;5424192
0.571400;4885;5430659
0.571500;4989;5521739
0.571600;4967;5520984
0.571700;4951;5523634
0.571800;5009;5593891
0.571900;5042;5617364
0.572000;4921;5493826
0.572100;5098;5700835
0.572200;5053;5658928
0.572300;5219;5815742
0.572400;5294;5957348
0.572500;5241;5932563
0.572600;5247;5892881
0.572700;5225;5898561
0.572800;5376;6036656
0.572900;5491;6192854
0.573000;5278;5968473
0.573100;5438;6110805
0.573200;5465;6186672
0.573300;5411;6103452
0.573400;5488;6243102
0.573500;5585;6370048
0.573600;5734;6542965
0.573700;5607;6387173
0.573800;5684;6484873
0.573900;5784;6585936
0.574000;5695;6529169
0.574100;5752;6591009
0.574200;5828;6708019
0.574300;5884;6719034
0.574400;5826;6652854
0.574500;5883;6781778
0.574600;5946;6872053
0.574700;6055;6956754
0.574800;6030;6968575
0.574900;6138;7086640
0.575000;5992;6958805
0.575100;6162;7099913
0.575200;6087;7073913
0.575300;6188;7210304
0.575400;6245;7255656
0.575500;6190;7205942
0.575600;6159;7137621
0.575700;6275;7347307
0.575800;6339;7442229
0.575900;6477;7562358
0.576000;6500;7603130
0.576100;6571;7726256
0.576200;6591;7740889
0.576300;6642;7834144
0.576400;6490;7673569
0.576500;6596;7780299
0.576600;6522;7723380
0.576700;6624;7831002
0.576800;6785;8034054
0.576900;6757;8051987
0.577000;6931;8198451
0.577100;6802;8111925
0.577200;6811;8109283
0.577300;6897;8204033
0.577400;6924;8253146
0.577500;7034;8412206
0.577600;7001;8374989
0.577700;7132;8567645
0.577800;7174;8555330
0.577900;7247;8715963
0.578000;7191;8630961
0.578100;7295;8801191
0.578200;7156;8614544
0.578300;7280;8798769
0.578400;7352;8897999
0.578500;7183;8689936
0.578600;7378;8941161
0.578700;7442;9041172
0.578800;7537;9208294
0.578900;7608;9264754
0.579000;7473;9115228
0.579100;7546;9242933
0.579200;7735;9459328
0.579300;7593;9322213
0.579400;7805;9595457
0.579500;7724;9486478
0.579600;7795;9562611
0.579700;7857;9669991
0.579800;7863;9684266
0.579900;7732;9519766
0.580000;7843;9700839
0.580100;8070;9938600
0.580200;8107;10036327
0.580300;8010;9918249
0.580400;8039;9952912
0.580500;8171;10147640
0.580600;8112;10112028
0.580700;8284;10354751
0.580800;8215;10252541
0.580900;8266;10325342
0.581000;8356;10438564
0.581100;8425;10542459
0.581200;8439;10602898
0.581300;8648;10840809
0.581400;8583;10779488
0.581500;8506;10660323
0.581600;8604;10869449
0.581700;8471;10725174
0.581800;8668;10993778
0.581900;8747;11064532
0.582000;8702;11000439
0.582100;8758;11114787
0.582200;8896;11330105
0.582300;8850;11271326
0.582400;9048;11504664
0.582500;9065;11566854
0.582600;8879;11321552
0.582700;9100;11594135
0.582800;9133;11660305
0.582900;9187;11735413
0.583000;9173;11795893
0.583100;9116;11722497
0.583200;9309;11959263
0.583300;9192;11782227
0.583400;9348;12074203
0.583500;9528;12314286
0.583600;9425;12173163
0.583700;9581;12339315
0.583800;9517;12276216
0.583900;9641;12497417
0.584000;9556;12418840
0.584100;9687;12572497
0.584200;9727;12587409
0.584300;9753;12717254
0.584400;9821;12849366
0.584500;9732;12730089
0.584600;9961;13010617
0.584700;9939;12967797
0.584800;10113;13208420
0.584900;10033;13223714
0.585000;10112;13342363
0.585100;10199;13407071
0.585200;10203;13452621
0.585300;10176;13428539
0.585400;10271;13540374
0.585500;10313;13604035
0.585600;10405;13789752
0.585700;10292;13630613
0.585800;10348;13754521
0.585900;10584;14122075
0.586000;10515;13946351
0.586100;10438;13861579
0.586200;10607;14128597
0.586300;10703;14274238
0.586400;10685;14267457
0.586500;10703;14318278
0.586600;10783;14480198
0.586700;10661;14304094
0.586800;10866;14591032
0.586900;10922;14723771
0.587000;10998;14820631
0.587100;10831;14611050
0.587200;11144;14992959
0.587300;11072;14932332
0.587400;11104;15039921
0.587500;11218;15201672
0.587600;11224;15221212
0.587700;11209;15252933
0.587800;11276;15389373
0.587900;11394;15499169
0.588000;11276;15380999
0.588100;11412;15589798
0.588200;11543;15793214
0.588300;11684;15979607
0.588400;11757;16097076
0.588500;11722;16114177
0.588600;11748;16121265
0.588700;11805;16214488
0.588800;11794;16297064
0.588900;11868;16376598
0.589000;11913;16466562
0.589100;12033;16645869
0.589200;11940;16524654
0.589300;11875;16501012
0.589400;12052;16741093
0.589500;12025;16740070
0.589600;12193;16953442
0.589700;12268;17156243
0.589800;12199;16949628
0.589900;12341;17202067
0.590000;12552;17641302
0.590100;12372;17263470
0.590200;12512;17513084
0.590300;12451;17436726
0.590400;12539;17622763
0.590500;12407;17393168
0.590600;12690;17894025
0.590700;12645;17902034
0.590800;12739;18012158
0.590900;12728;17932444
0.591000;12769;18008164
0.591100;12790;18189973
0.591200;12909;18367527
0.591300;12844;18221538
0.591400;13071;18578988
0.591500;12975;18437133
0.591600;13068;18579977
0.591700;12852;18328256
0.591800;13259;18928059
0.591900;13198;18886276
0.592000;13125;18832983
0.592100;13323;19106887
0.592200;13506;19378291
0.592300;13402;19293240
0.592400;13456;19346397
0.592500;13483;19428274
0.592600;13598;19624012
0.592700;13532;19591272
0.592800;13769;19946535
0.592900;13754;19940619
0.593000;13809;19975647
0.593100;13714;19878275
0.593200;13822;20032821
0.593300;13862;20207399
0.593400;13889;20263329
0.593500;13989;20426581
0.593600;14006;20418560
0.593700;14227;20871733
0.593800;14194;20756326
0.593900;14152;20845505
0.594000;14064;20593841
0.594100;14249;21009601
0.594200;14268;20952274
0.594300;14412;21289103
0.594400;14432;21228294
0.594500;14531;21489386
0.594600;14454;21311484
0.594700;14499;21427992
0.594800;14646;21734824
0.594900;14736;21952486
0.595000;14627;21792693
0.595100;14625;21723968
0.595200;14799;22090191
0.595300;14833;22049432
0.595400;14782;22091940
0.595500;14919;22315038
0.595600;15019;22493913
0.595700;15069;22590545
0.595800;14991;22490680
0.595900;15217;22880883
0.596000;15303;22996535
0.596100;15148;22791541
0.596200;15280;22997141
0.596300;15238;23022208
0.596400;15267;23127012
0.596500;15454;23339173
0.596600;15385;23324850
0.596700;15606;23683913
0.596800;15595;23637161
0.596900;15574;23676209
0.597000;15650;23810795
0.597100;15678;23914805
0.597200;15851;24160981
0.597300;15811;24155894
0.597400;15874;24328323
0.597500;15902;24288094
0.597600;15867;24343641
0.597700;15730;24085359
0.597800;15940;24398485
0.597900;15808;24372219
0.598000;16246;24930178
0.598100;16108;24775231
0.598200;16097;24879137
0.598300;16114;24916909
0.598400;16266;25156326
0.598500;16311;25282347
0.598600;16132;24998888
0.598700;16453;25477953
0.598800;16424;25482551
0.598900;16475;25625701
0.599000;16531;25721942
0.599100;16564;25852232
0.599200;16549;25787203
0.599300;16676;26036663
0.599400;16662;26109250
0.599500;16785;26320663
0.599600;16835;26432277
0.599700;16796;26336753
0.599800;16862;26592099
0.599900;16950;26672448
0.600000;16953;26719070
0.600100;17014;26907105
0.600200;16945;26707954
0.600300;17124;27067090
0.600400;17152;27168103
0.600500;17181;27327514
0.600600;17391;27536110
0.600700;17476;27849705
0.600800;17399;27713419
0.600900;17348;27632897
0.601000;17427;27813209
0.601100;17486;27867667
0.601200;17353;27779473
0.601300;17429;27851493
0.601400;17690;28397621
0.601500;17696;28377394
0.601600;17618;28344000
0.601700;17692;28439596
0.601800;17771;28613034
0.601900;17727;28593406
0.602000;17854;28892294
0.602100;17764;28606687
0.602200;17969;29000842
0.602300;18027;29250888
0.602400;18040;29292097
0.602500;17926;29126040
0.602600;18188;29547732
0.602700;18106;29312557
0.602800;18109;29396479
0.602900;18385;29986647
0.603000;18217;29693101
0.603100;18156;29627834
0.603200;18337;29964303
0.603300;18376;30119143
0.603400;18497;30275781
0.603500;18412;30165994
0.603600;18500;30326806
0.603700;18600;30656334
0.603800;18787;30944434
0.603900;18672;30793015
0.604000;18723;30884313
0.604100;18770;31010142
0.604200;18703;31005394
0.604300;18887;31253432
0.604400;18789;31056278
0.604500;18898;31397790
0.604600;18848;31297348
0.604700;18887;31394380
0.604800;18976;31555267
0.604900;18927;31601112
0.605000;19210;32099774
0.605100;19222;32158541
0.605200;19179;32051294
0.605300;19297;32309180
0.605400;19333;32399771
0.605500;19439;32650501
0.605600;19406;32635360
0.605700;19374;32657474
0.605800;19528;32899290
0.605900;19450;32762643
0.606000;19593;33125150
0.606100;19516;32990961
0.606200;19666;33324819
0.606300;19620;33274174
0.606400;19639;33191775
0.606500;19688;33378837
0.606600;19844;33681224
0.606700;19784;33754518
0.606800;19814;33778763
0.606900;19685;33558885
0.607000;19924;34092357
0.607100;19961;34124539
0.607200;20005;34185005
0.607300;19826;33990075
0.607400;19960;34268406
0.607500;20116;34521509
0.607600;20207;34693019
0.607700;20040;34502228
0.607800;20167;34791073
0.607900;20264;35034067
0.608000;20157;34790255
0.608100;20480;35415103
0.608200;20283;35051076
0.608300;20407;35391973
0.608400;20408;35407179
0.608500;20469;35454908
0.608600;20442;35524513
0.608700;20654;35860716
0.608800;20529;35698116
0.608900;20504;35759074
0.609000;20720;36145988
0.609100;20687;36114108
0.609200;20767;36313624
0.609300;20733;36308324
0.609400;20759;36391343
0.609500;20946;36747613
0.609600;20836;36608361
0.609700;20873;36697338
0.609800;20868;36720571
0.609900;20785;36555405
0.610000;20999;36985454
0.610100;20944;36968019
0.610200;21115;37369796
0.610300;21105;37320426
0.610400;21063;37265433
0.610500;21174;37519792
0.610600;21190;37663392
0.610700;21273;37799036
0.610800;21270;37819589
0.610900;21333;37907786
0.611000;21201;37646369
0.611100;21315;38031801
0.611200;21426;38237263
0.611300;21486;38388418
0.611400;21384;38217982
0.611500;21491;38527765
0.611600;21630;38728321
0.611700;21593;38829955
0.611800;21611;38874572
0.611900;21568;38791678
0.612000;21592;38856040
0.612100;21766;39334313
0.612200;21707;39205867
0.612300;21761;39244425
0.612400;21806;39428763
0.612500;21856;39586285
0.612600;21839;39629727
0.612700;21977;39832414
0.612800;21958;39852911
0.612900;21963;39844919
0.613000;21960;39931018
0.613100;21990;40144304
0.613200;21986;40127669
0.613300;22226;40525250
0.613400;22164;40425825
0.613500;22102;40390497
0.613600;22181;40601472
0.613700;22269;40831876
0.613800;22209;40745507
0.613900;22247;40790779
0.614000;22314;41038949
0.614100;22221;40813873
0.614200;22457;41402174
0.614300;22424;41382961
0.614400;22430;41398654
0.614500;22448;41463034
0.614600;22462;41587721
0.614700;22623;41944183
0.614800;22577;41795445
0.614900;22620;41991828
0.615000;22613;41999113
0.615100;22644;42074113
0.615200;22608;42062605
0.615300;22651;42202304
0.615400;22794;42505977
0.615500;22635;42219588
0.615600;22754;42455646
0.615700;22726;42427406
0.615800;22687;42383784
0.615900;22869;42841238
0.616000;22908;42941535
0.616100;22895;42909257
0.616200;22863;42940254
0.616300;23000;43215838
0.616400;23035;43343766
0.616500;23037;43407063
0.616600;22980;43308096
0.616700;22985;43406610
0.616800;22967;43345711
0.616900;23194;43939848
0.617000;23182;43930239
0.617100;23157;43897200
0.617200;23096;43757632
0.617300;23228;44131071
0.617400;23220;44068962
0.617500;23271;44275768
0.617600;23357;44459424
0.617700;23316;44484258
0.617800;23321;44581599
0.617900;23385;44594030
0.618000;23443;44737887
0.618100;23356;44643597
0.618200;23443;44874552
0.618300;23469;45026415
0.618400;23488;45074174
0.618500;23564;45247994
0.618600;23571;45352210
0.618700;23622;45452311
0.618800;23668;45625634
0.618900;23604;45495687
0.619000;23735;45796454
0.619100;23648;45680351
0.619200;23677;45819010
0.619300;23780;46024656
0.619400;23747;46052858
0.619500;23821;46213011
0.619600;23750;46055208
0.619700;23866;46412045
0.619800;23878;46540336
0.619900;23896;46547751
0.620000;23948;46672244
0.620100;23868;46559124
0.620200;23960;46752371
0.620300;23956;46780009
0.620400;23970;46917139
0.620500;23930;46823823
0.620600;24033;47068264
0.620700;24047;47046098
0.620800;24050;47214856
0.620900;24069;47307980
0.621000;24091;47451685
0.621100;24093;47430471
0.621200;24045;47383214
0.621300;24195;47678163
0.621400;24215;47721980
0.621500;24245;47872938
0.621600;24181;47849741
0.621700;24170;47743525
0.621800;24261;48109963
0.621900;24343;48216328
0.622000;24316;48176623
0.622100;24243;48094044
0.622200;24342;48317330
0.622300;24362;48451886
0.622400;24407;48613643
0.622500;24429;48715122
0.622600;24464;48757196
0.622700;24455;48796381
0.622800;24510;48924121
0.622900;24426;48834079
0.623000;24446;48904589
0.623100;24552;49206821
0.623200;24577;49290286
0.623300;24613;49342908
0.623400;24602;49361997
0.623500;24579;49417162
0.623600;24619;49495458
0.623700;24658;49680216
0.623800;24685;49793365
0.623900;24710;49803605
0.624000;24630;49739317
0.624100;24630;49739277
0.624200;24739;50004013
0.624300;24748;50170540
0.624400;24736;50107748
0.624500;24747;50163075
0.624600;24904;50486952
0.624700;24823;50365932
0.624800;24804;50390324
0.624900;24798;50503730
0.625000;24813;50503422
0.625100;24797;50497873
0.625200;24935;50787925
0.625300;24986;50995090
0.625400;24824;50665196
0.625500;25017;51145015
0.625600;25017;51201089
0.625700;25012;51237739
0.625800;25023;51299906
0.625900;25040;51421420
0.626000;25028;51427598
0.626100;25038;51385560
0.626200;25062;51486054
0.626300;25052;51508682
0.626400;25117;51786417
0.626500;25174;51924400
0.626600;25109;51824611
0.626700;25130;51805196
0.626800;25207;52168684
0.626900;25146;52068647
0.627000;25179;52145515
0.627100;25190;52256302
0.627200;25255;52400741
0.627300;25214;52421357
0.627400;25316;52652447
0.627500;25278;52497362
0.627600;25343;52694720
0.627700;25253;52580568
0.627800;25327;52801035
0.627900;25307;52815428
0.628000;25296;52742124
0.628100;25340;52831614
0.628200;25347;52937359
0.628300;25358;53012519
0.628400;25403;53181117
0.628500;25396;53107883
0.628600;25421;53261784
0.628700;25447;53374130
0.628800;25427;53392068
0.628900;25461;53377452
0.629000;25438;53568919
0.629100;25492;53589440
0.629200;25521;53750186
0.629300;25524;53804376
0.629400;25554;53864811
0.629500;25479;53712962
0.629600;25516;53914616
0.629700;25558;54052615
0.629800;25531;54094795
0.629900;25588;54140827
0.630000;25595;54237954
0.630100;25546;54164554
0.630200;25590;54232484
0.630300;25619;54388913
0.630400;25610;54469638
0.630500;25660;54611596
0.630600;25723;54786126
0.630700;25725;54693751
0.630800;25685;54792875
0.630900;25718;54925331
0.631000;25696;54927382
0.631100;25689;54819797
0.631200;25710;54978813
0.631300;25743;55084172
0.631400;25740;55121481
0.631500;25767;55215711
0.631600;25772;55269164
0.631700;25755;55278466
0.631800;25833;55469204
0.631900;25840;55641623
0.632000;25791;55440351
0.632100;25781;55501875
0.632200;25881;55734791
0.632300;25878;55784042
0.632400;25843;55698138
0.632500;25832;55802567
0.632600;25894;55975985
0.632700;25860;55884238
0.632800;25930;56074720
0.632900;25910;56145100
0.633000;25909;56148085
0.633100;25903;56170401
0.633200;25904;56143021
0.633300;25965;56340849
0.633400;25923;56238196
0.633500;26050;56650765
0.633600;25988;56572769
0.633700;25952;56564011
0.633800;25948;56501236
0.633900;26012;56702658
0.634000;25953;56597748
0.634100;26053;56873892
0.634200;26034;56889252
0.634300;26015;56823934
0.634400;26037;56922755
0.634500;26067;57020186
0.634600;26093;57167958
0.634700;26116;57143292
0.634800;26046;57173154
0.634900;26053;57120373
0.635000;26111;57427376
0.635100;26076;57338069
0.635200;26094;57360446
0.635300;26192;57645398
0.635400;26041;57346937
0.635500;26175;57647871
0.635600;26227;57873947
0.635700;26125;57650484
0.635800;26120;57673909
0.635900;26184;57816920
0.636000;26193;57906421
0.636100;26219;58055762
0.636200;26241;58124635
0.636300;26225;58101320
0.636400;26183;58023601
0.636500;26192;58082967
0.636600;26205;58188566
0.636700;26168;58143390
0.636800;26245;58354128
0.636900;26231;58379584
0.637000;26206;58286261
0.637100;26214;58397258
0.637200;26276;58564112
0.637300;26307;58570402
0.637400;26260;58595059
0.637500;26332;58720713
0.637600;26320;58812234
0.637700;26287;58784927
0.637800;26335;58937006
0.637900;26316;58952927
0.638000;26309;58906144
0.638100;26336;59037696
0.638200;26348;59049407
0.638300;26335;59108048
0.638400;26367;59262649
0.638500;26343;59224771
0.638600;26399;59322576
0.638700;26421;59417816
0.638800;26367;59376286
0.638900;26349;59368937
0.639000;26361;59460994
0.639100;26365;59415766
0.639200;26412;59551160
0.639300;26430;59683518
0.639400;26390;59636968
0.639500;26428;59799582
0.639600;26438;59852147
0.639700;26430;59796988
0.639800;26475;60018162
0.639900;26432;59941833
0.640000;26455;59983990
0.640100;26453;60001304
0.640200;26454;60046400
0.640300;26439;60150387
0.640400;26483;60234348
0.640500;26497;60214246
0.640600;26474;60274801
0.640700;26563;60470692
0.640800;26470;60306595
0.640900;26507;60387999
0.641000;26510;60475633
0.641100;26537;60616654
0.641200;26525;60633401
0.641300;26522;60620686
0.641400;26488;60575015
0.641500;26528;60673395
0.641600;26511;60659914
0.641700;26525;60789263
0.641800;26548;60823844
0.641900;26507;60807981
0.642000;26551;60950759
0.642100;26513;60934699
0.642200;26585;61043174
0.642300;26552;61004659
0.642400;26554;61055782
0.642500;26600;61182314
0.642600;26574;61141656
0.642700;26567;61208834
0.642800;26624;61364532
0.642900;26601;61329891
0.643000;26573;61266626
0.643100;26615;61456436
0.643200;26571;61373700
0.643300;26595;61454036
0.643400;26642;61610385
0.643500;26582;61488170
0.643600;26629;61723749
0.643700;26629;61731102
0.643800;26606;61670959
0.643900;26624;61774587
0.644000;26631;61772566
0.644100;26664;61896880
0.644200;26609;61761824
0.644300;26621;61859693
0.644400;26633;61902755
0.644500;26609;61894312
0.644600;26647;62048011
0.644700;26672;62142255
0.644800;26642;62066662
0.644900;26667;62131051
0.645000;26686;62264965
0.645100;26681;62265748
0.645200;26648;62236816
0.645300;26666;62365883
0.645400;26682;62375915
0.645500;26672;62388195
0.645600;26698;62486748
0.645700;26691;62563566
0.645800;26681;62475550
0.645900;26727;62641375
0.646000;26683;62543015
0.646100;26696;62605120
0.646200;26707;62684905
0.646300;26701;62738881
0.646400;26700;62784068
0.646500;26707;62781789
0.646600;26737;62900683
0.646700;26724;62955255
0.646800;26737;62971981
0.646900;26712;62933509
0.647000;26741;63052662
0.647100;26711;63053256
0.647200;26733;63080696
0.647300;26732;63166403
0.647400;26740;63136816
0.647500;26734;63145931
0.647600;26737;63270982
0.647700;26764;63298468
0.647800;26758;63369993
0.647900;26748;63335670
0.648000;26760;63377175
0.648100;26775;63492998
0.648200;26751;63461559
0.648300;26761;63489988
0.648400;26764;63539336
0.648500;26771;63572848
0.648600;26766;63589511
0.648700;26780;63664987
0.648800;26782;63723875
0.648900;26780;63674073
0.649000;26788;63760413
0.649100;26798;63846009
0.649200;26813;63856950
0.649300;26807;63900180
0.649400;26796;63935863
0.649500;26824;64004914
0.649600;26793;64000881
0.649700;26812;64024870
0.649800;26798;64040222
0.649900;26815;64101344
0.650000;26807;64170841
0.650100;26810;64155245
0.650200;26829;64188632
0.650300;26836;64301752
0.650400;26809;64264555
0.650500;26815;64303131
0.650600;26826;64348061
0.650700;26834;64452442
0.650800;26826;64396680
0.650900;26794;64336985
0.651000;26836;64493451
0.651100;26836;64524026
0.651200;26822;64486184
0.651300;26841;64634833
0.651400;26825;64580771
0.651500;26844;64669930
0.651600;26835;64682019
0.651700;26856;64757919
0.651800;26845;64757691
0.651900;26851;64789999
0.652000;26853;64816901
0.652100;26833;64819402
0.652200;26854;64895308
0.652300;26848;64908197
0.652400;26844;64937040
0.652500;26857;64984221
0.652600;26852;64998625
0.652700;26864;65015573
0.652800;26860;65051622
0.652900;26861;65083280
0.653000;26863;65158925
0.653100;26876;65151755
0.653200;26861;65216999
0.653300;26867;65251717
0.653400;26857;65250398
0.653500;26867;65276465
0.653600;26875;65313641
0.653700;26864;65351262
0.653800;26869;65418863
0.653900;26887;65456256
0.654000;26873;65459068
0.654100;26887;65492384
0.654200;26858;65428788
0.654300;26880;65561744
0.654400;26898;65605804
0.654500;26887;65642315
0.654600;26885;65611250
0.654700;26902;65737141
0.654800;26881;65675702
0.654900;26897;65774691
0.655000;26873;65759789
0.655100;26886;65798948
0.655200;26893;65810604
0.655300;26900;65890053
0.655400;26904;65895738
0.655500;26901;65931157
0.655600;26916;65981709
0.655700;26909;66058755
0.655800;26908;66016248
0.655900;26898;66066104
0.656000;26903;66073538
0.656100;26914;66107060
0.656200;26915;66128602
0.656300;26909;66168701
0.656400;26928;66222128
0.656500;26905;66213389
0.656600;26911;66241152
0.656700;26904;66267450
0.656800;26903;66296887
0.656900;26916;66368178
0.657000;26907;66336444
0.657100;26919;66377705
0.657200;26909;66395122
0.657300;26904;66456791
0.657400;26903;66471070
0.657500;26916;66555318
0.657600;26920;66563155
0.657700;26921;66593583
0.657800;26919;66637211
0.657900;26921;66622700
0.658000;26920;66660875
0.658100;26932;66695545
0.658200;26923;66695950
0.658300;26934;66736892
0.658400;26939;66759341
0.658500;26920;66763660
0.658600;26936;66824110
0.658700;26930;66853707
0.658800;26914;66853428
0.658900;26938;66906732
0.659000;26928;66928454
0.659100;26931;66974696
0.659200;26935;66972785
0.659300;26942;67036794
0.659400;26943;67101786
0.659500;26941;67098388
0.659600;26935;67128866
0.659700;26932;67107488
0.659800;26941;67173051
0.659900;26948;67237836
0.660000;26942;67224634
0.660100;26949;67252041
0.660200;26938;67219466
0.660300;26940;67298857
0.660400;26946;67333785
0.660500;26952;67352169
0.660600;26955;67413998
0.660700;26938;67394737
0.660800;26942;67407774
0.660900;26947;67466632
0.661000;26940;67452388
0.661100;26955;67559231
0.661200;26945;67515811
0.661300;26947;67533890
0.661400;26936;67568458
0.661500;26941;67594024
0.661600;26956;67649206
0.661700;26951;67662418
0.661800;26955;67673822
0.661900;26958;67767212
0.662000;26952;67727788
0.662100;26957;67782864
0.662200;26950;67794318
0.662300;26954;67794539
0.662400;26968;67891245
0.662500;26962;67906298
0.662600;26963;67893248
0.662700;26957;67920685
0.662800;26972;67958580
0.662900;26959;67963644
0.663000;26968;68033905
0.663100;26957;68047615
0.663200;26965;68068802
0.663300;26967;68084021
0.663400;26961;68071490
0.663500;26964;68129177
0.663600;26962;68132174
0.663700;26950;68138219
0.663800;26965;68172423
0.663900;26973;68250003
0.664000;26973;68274459
0.664100;26963;68251254
0.664200;26966;68293884
0.664300;26967;68299547
0.664400;26965;68316873
0.664500;26961;68330576
0.664600;26976;68395471
0.664700;26979;68442237
0.664800;26974;68438973
0.664900;26976;68510192
0.665000;26967;68463764
0.665100;26975;68534230
0.665200;26973;68553653
0.665300;26973;68569849
0.665400;26969;68563524
0.665500;26969;68609648
0.665600;26975;68646411
0.665700;26961;68617877
0.665800;26969;68647076
0.665900;26969;68693583
0.666000;26975;68741524
0.666100;26973;68769203
0.666200;26975;68812367
0.666300;26974;68794213
0.666400;26977;68820053
0.666500;26967;68835661
0.666600;26977;68892558
0.666700;26976;68881167
0.666800;26973;68927115
0.666900;26972;68936947
0.667000;26980;68948930
0.667100;26977;68984388
0.667200;26972;69001948
0.667300;26975;69032198
0.667400;26974;69066355
0.667500;26981;69087615
0.667600;26981;69101580
0.667700;26982;69122737
0.667800;26979;69148363
0.667900;26976;69191970
0.668000;26978;69203179
0.668100;26976;69210224
0.668200;26976;69234348
0.668300;26987;69286890
0.668400;26991;69326715
0.668500;26981;69302612
0.668600;26983;69314103
0.668700;26984;69375543
0.668800;26984;69392728
0.668900;26982;69421493
0.669000;26982;69415727
0.669100;26977;69421261
0.669200;26980;69450445
0.669300;26978;69494491
0.669400;26975;69483234
0.669500;26985;69536930
0.669600;26982;69520278
0.669700;26988;69574517
0.669800;26986;69619030
0.669900;26989;69631907
0.670000;26985;69695496
0.670100;26993;69691534
0.670200;26983;69698130
0.670300;26980;69713223
0.670400;26991;69763130
0.670500;26986;69763507
0.670600;26983;69736932
0.670700;26979;69784930
0.670800;26987;69801386
0.670900;26986;69837306
0.671000;26987;69868102
0.671100;26994;69926267
0.671200;26983;69893735
0.671300;26995;69951239
0.671400;26993;69963133
0.671500;26990;69977846
0.671600;26989;70006858
0.671700;26988;70045076
0.671800;26980;70005647
0.671900;26987;70065425
0.672000;26990;70121214
0.672100;26993;70128467
0.672200;26990;70152482
0.672300;26988;70138929
0.672400;26993;70185568
0.672500;26984;70176819
0.672600;26991;70213757
0.672700;26986;70213432
0.672800;26989;70261710
0.672900;26987;70257722
0.673000;26984;70275522
0.673100;26991;70314274
0.673200;26985;70350994
0.673300;26986;70340841
0.673400;26983;70354647
0.673500;26987;70438145
0.673600;26994;70416489
0.673700;26987;70434793
0.673800;26992;70437480
0.673900;26993;70489365
0.674000;26985;70513688
0.674100;26995;70533706
0.674200;26995;70539276
0.674300;26988;70552540
0.674400;26993;70604473
0.674500;26990;70597544
0.674600;26985;70618581
0.674700;26991;70638981
0.674800;26994;70670011
0.674900;26993;70679285
0.675000;26991;70706773
0.675100;26987;70702755
0.675200;26993;70776638
0.675300;26987;70713827
0.675400;26993;70781380
0.675500;26992;70791348
0.675600;26990;70836319
0.675700;26994;70849616
0.675800;26990;70857141
0.675900;26992;70897388
0.676000;26995;70897775
0.676100;26994;70939160
0.676200;26991;70937974
0.676300;26998;70973593
0.676400;26996;71006403
0.676500;26993;71020920
0.676600;26995;71040145
0.676700;26998;71050281
0.676800;26997;71091246
0.676900;26992;71065479
0.677000;26995;71118755
0.677100;26992;71126574
0.677200;26997;71172505
0.677300;26993;71182719
0.677400;26993;71183448
0.677500;26993;71210588
0.677600;26995;71212044
0.677700;26996;71269570
0.677800;26996;71285520
0.677900;26991;71302229
0.678000;26991;71310512
0.678100;26993;71352261
0.678200;26994;71341109
0.678300;26995;71350296
0.678400;26991;71383489
0.678500;26995;71397715
0.678600;26988;71405512
0.678700;26995;71438759
0.678800;26991;71464633
0.678900;26997;71489449
0.679000;26996;71498987
0.679100;26995;71505315
0.679200;26995;71557765
0.679300;26999;71558733
0.679400;26995;71584939
0.679500;26998;71601865
0.679600;26996;71617590
0.679700;26997;71650276
0.679800;26998;71657557
0.679900;26998;71676039
0.680000;26995;71675631
0.680100;26998;71701592
0.680200;26997;71756410
0.680300;26999;71795128
0.680400;26994;71779028
0.680500;26999;71791414
0.680600;26997;71810045
0.680700;26994;71807734
0.680800;26994;71858958
0.680900;26995;71858970
0.681000;26996;71887356
0.681100;26998;71907806
0.681200;27000;71928025
0.681300;26997;71939803
0.681400;26998;71966450
0.681500;26995;71977991
0.681600;26997;72014549
0.681700;26994;72016378
0.681800;26999;72030549
0.681900;26998;72049880
0.682000;26999;72084426
0.682100;26993;72081820
0.682200;27000;72110311
0.682300;26999;72114025
0.682400;26998;72150440
0.682500;26996;72176787
0.682600;27000;72193259
0.682700;26997;72214962
0.682800;27000;72226072
0.682900;26994;72253081
0.683000;26997;72246750
0.683100;26998;72281236
0.683200;27000;72287967
0.683300;26997;72310294
0.683400;26995;72334660
0.683500;26997;72354509
0.683600;26999;72383820
0.683700;26998;72386536
0.683800;26997;72410471
0.683900;26999;72428728
0.684000;26997;72442330
0.684100;26999;72472468
0.684200;26999;72494803
0.684300;26997;72493147
0.684400;26997;72534204
0.684500;26993;72515321
0.684600;27000;72572134
0.684700;26997;72559313
0.684800;26999;72597893
0.684900;26998;72592752
0.685000;26997;72634759
0.685100;26999;72641216
0.685200;26999;72659701
0.685300;26997;72655070
0.685400;26999;72685364
0.685500;26998;72712211
0.685600;26999;72738772
0.685700;26996;72735544
0.685800;26999;72771768
0.685900;26997;72786715
0.686000;26998;72789220
0.686100;26998;72807229
0.686200;27000;72847905
0.686300;27000;72879907
0.686400;26999;72865756
0.686500;26997;72865825
0.686600;26996;72885639
0.686700;26998;72933963
0.686800;27000;72954566
0.686900;27000;72959195
0.687000;26997;72970606
0.687100;26999;72989117
0.687200;26998;73026382
0.687300;26998;73039128
0.687400;26999;73050659
0.687500;27000;73064228
0.687600;26996;73059002
0.687700;26999;73087335
0.687800;26999;73111996
0.687900;26998;73138678
0.688000;26999;73158447
0.688100;27000;73175935
0.688200;27000;73184769
0.688300;26999;73220440
0.688400;27000;73225714
0.688500;26998;73241362
0.688600;26996;73220909
0.688700;26998;73283750
0.688800;27000;73291599
0.688900;26999;73302529
0.689000;27000;73323681
0.689100;26998;73341475
0.689200;26999;73365824
0.689300;26998;73387623
0.689400;26999;73386008
0.689500;27000;73417141
0.689600;27000;73411952
0.689700;26997;73442185
0.689800;27000;73467504
0.689900;27000;73506196
0.690000;26999;73492932
0.690100;27000;73503202
0.690200;26997;73536577
0.690300;26999;73553447
0.690400;27000;73549857
0.690500;27000;73578004
0.690600;26999;73602769
0.690700;26998;73626019
0.690800;27000;73634082
0.690900;26999;73653522
0.691000;26997;73661303
0.691100;26999;73692908
0.691200;27000;73710841
0.691300;26998;73705187
0.691400;26999;73737261
0.691500;27000;73765614
0.691600;27000;73773016
0.691700;26999;73788069
0.691800;27000;73821557
0.691900;27000;73816914
0.692000;26999;73833541
0.692100;26999;73851772
0.692200;27000;73892973
0.692300;27000;73885763
0.692400;27000;73927492
0.692500;27000;73922935
0.692600;26999;73939983
0.692700;26999;73953371
0.692800;26999;73982149
0.692900;26999;73987318
0.693000;27000;74011433
0.693100;27000;74005085
0.693200;27000;74029768
0.693300;26999;74063549
0.693400;27000;74078397
0.693500;27000;74079897
0.693600;26999;74117424
0.693700;27000;74125466
0.693800;27000;74149405
0.693900;26999;74152382
0.694000;26999;74179370
0.694100;26998;74198174
0.694200;26997;74199430
0.694300;26998;74214780
0.694400;27000;74267250
0.694500;27000;74263054
0.694600;26998;74283874
0.694700;27000;74301009
0.694800;26999;74300420
0.694900;27000;74314770
0.695000;27000;74341042
0.695100;27000;74350042
0.695200;27000;74365549
0.695300;26999;74374018
0.695400;27000;74418775
0.695500;26999;74418094
0.695600;27000;74420100
0.695700;27000;74463934
0.695800;27000;74470349
0.695900;27000;74514879
0.696000;27000;74518244
0.696100;27000;74531663
0.696200;26999;74532575
0.696300;26999;74543016
0.696400;27000;74586586
0.696500;27000;74583075
0.696600;26999;74597923
0.696700;26999;74616979
0.696800;27000;74636504
0.696900;27000;74660874
0.697000;26999;74664412
0.697100;27000;74671818
0.697200;27000;74703354
0.697300;27000;74712962
0.697400;27000;74728108
0.697500;26999;74734660
0.697600;27000;74783252
0.697700;26999;74766071
0.697800;27000;74794035
0.697900;27000;74822952
0.698000;27000;74821668
0.698100;27000;74856476
0.698200;26999;74847118
0.698300;27000;74891167
0.698400;26999;74900320
0.698500;27000;74913873
0.698600;27000;74925002
0.698700;27000;74933196
0.698800;27000;74965739
0.698900;27000;74970768
0.699000;27000;74989618
0.699100;27000;75004213
0.699200;27000;75019009
0.699300;27000;75032881
0.699400;27000;75038886
0.699500;27000;75060651
0.699600;27000;75080653
0.699700;27000;75089644
0.699800;27000;75129546
0.699900;27000;75120423
0.700000;27000;75152899
0.710000;27000;76685602
0.720000;27000;78128719
0.730000;27000;79499235
0.740000;27000;80829068
0.750000;27000;82114334
0.760000;27000;83367109
0.770000;27000;84601833
0.780000;27000;85816850
0.790000;27000;87007289
0.800000;27000;88181615
0.810000;27000;89342794
0.820000;27000;90496487
0.830000;27000;91640865
0.840000;27000;92782840
0.850000;27000;93919208
0.860000;27000;95042323
0.870000;27000;96162876
0.880000;27000;97282434
0.890000;27000;98403391
0.900000;27000;99516341
0.910000;27000;100624850
0.920000;27000;101738941
0.930000;27000;102841335
0.940000;27000;103949862
0.950000;27000;105060260
0.960000;27000;106166408
0.970000;27000;107275739
0.980000;27000;108381015
0.990000;27000;109484541
